slave
1272
1273
1274
1275
1276
1277
1278
1279
1280
1281
1282
1283
1284
1285
1286
1287
1288
1289
1290
1291
1292
1293
1294
1295
1296
1297
1298
2408
2330
2252
2174
2096
2018
6030
6031
6032
6033
6034
6035
3758
3845
3932
4019
4106
4193
4280
4367
4454
4541
4628
4715
4802
4889
4976
5063
5150
5237
5324
5411
5498
5585
5672
5759
5846
5933
6020
6029
6030
6031
6032
6033
6034
6035
master
2546	2460
2460	2409
2409	2331
2331	2253
2253	2175
2175	2097
2097	2019
1185  1186
1186  1187
1187  1188
1188  1189
1189  1190
1190  1191
1191  1192
1192  1193
1193  1194
1194  1195
1195  1196
1196  1197
1197  1198
1198  1199
1199  1200
1200  1201
1201  1202
1202  1203
1203  1204
1204  1205
1205  1206
1206  1207
1207  1208
1208  1209
1209  1210
1210  1211
1211  1212
1212  1213
1213  1214
1214  1215
1215  1216
1216  1217
1217  1218
1218  1219
1219  1220
1220  1221
6107	6108
6108	6109
6109	6110
6110	6111
6111	6112
6112	6113
3331	3402
3402	3473
3473	3544
3544	3615
3615	3686
3686	3757
3757	3844
3844	3931
3931	4018
4018	4105
4105	4192
4192	4279
4279	4366
4366	4453
4453	4540
4540	4627
4627	4714
4714	4801
4801	4888
4888	4975
4975	5062
5062	5149
5149	5236
5236	5323
5323	5410
5410	5497
5497	5584
5584	5671
5671	5758
5758	5845
5845	5932
5932	6019
6019	6106
