nodal
2
2832
52	-7.419943E-08	-1.043695E-07	
53	-5.134076E-08	-7.009711E-08	
54	-4.236193E-08	-6.145875E-08	
55	-3.737945E-08	-5.678497E-08	
56	-3.396182E-08	-5.408949E-08	
57	-3.134588E-08	-5.234179E-08	
58	-2.918837E-08	-5.116059E-08	
59	-2.731487E-08	-5.034371E-08	
60	-2.562378E-08	-4.977811E-08	
61	-2.405099E-08	-4.939343E-08	
62	-2.255344E-08	-4.914293E-08	
63	-2.110097E-08	-4.899366E-08	
64	-1.967195E-08	-4.892122E-08	
65	-1.825067E-08	-4.890682E-08	
66	-1.682578E-08	-4.893551E-08	
67	-1.538925E-08	-4.899506E-08	
68	-1.393568E-08	-4.907532E-08	
69	-1.246180E-08	-4.916774E-08	
70	-1.096606E-08	-4.926505E-08	
71	-9.448358E-09	-4.936113E-08	
72	-7.909785E-09	-4.945083E-08	
73	-6.352401E-09	-4.952988E-08	
74	-4.779055E-09	-4.959486E-08	
75	-3.193212E-09	-4.964314E-08	
76	-1.598790E-09	-4.967285E-08	
77	-3.468591E-15	-4.968287E-08	
78	1.598783E-09	-4.967285E-08	
79	3.193205E-09	-4.964314E-08	
80	4.779048E-09	-4.959486E-08	
81	6.352394E-09	-4.952988E-08	
82	7.909779E-09	-4.945083E-08	
83	9.448352E-09	-4.936113E-08	
84	1.096605E-08	-4.926504E-08	
85	1.246179E-08	-4.916773E-08	
86	1.393567E-08	-4.907531E-08	
87	1.538924E-08	-4.899505E-08	
88	1.682577E-08	-4.893549E-08	
89	1.825067E-08	-4.890681E-08	
90	1.967195E-08	-4.892120E-08	
91	2.110096E-08	-4.899364E-08	
92	2.255343E-08	-4.914291E-08	
93	2.405098E-08	-4.939341E-08	
94	2.562377E-08	-4.977809E-08	
95	2.731486E-08	-5.034369E-08	
96	2.918836E-08	-5.116057E-08	
97	3.134586E-08	-5.234177E-08	
98	3.396180E-08	-5.408946E-08	
99	3.737943E-08	-5.678494E-08	
100	4.236191E-08	-6.145871E-08	
101	5.134074E-08	-7.009707E-08	
102	7.419939E-08	-1.043694E-07	
103	-1.243023E-07	-1.812757E-07	
104	-1.044784E-07	-1.447107E-07	
105	-8.816851E-08	-1.255620E-07	
106	-7.757220E-08	-1.158542E-07	
107	-7.003599E-08	-1.099691E-07	
108	-6.424557E-08	-1.061738E-07	
109	-5.951179E-08	-1.036078E-07	
110	-5.544944E-08	-1.018382E-07	
111	-5.182691E-08	-1.006159E-07	
112	-4.849591E-08	-9.978635E-08	
113	-4.535668E-08	-9.924724E-08	
114	-4.233957E-08	-9.892660E-08	
115	-3.939474E-08	-9.877138E-08	
116	-3.648606E-08	-9.874086E-08	
117	-3.358735E-08	-9.880274E-08	
118	-3.067986E-08	-9.893070E-08	
119	-2.775067E-08	-9.910291E-08	
120	-2.479144E-08	-9.930101E-08	
121	-2.179758E-08	-9.950948E-08	
122	-1.876752E-08	-9.971522E-08	
123	-1.570222E-08	-9.990721E-08	
124	-1.260461E-08	-1.000764E-07	
125	-9.479311E-09	-1.002154E-07	
126	-6.332155E-09	-1.003186E-07	
127	-3.169926E-09	-1.003822E-07	
128	-7.948258E-15	-1.004036E-07	
129	3.169910E-09	-1.003822E-07	
130	6.332139E-09	-1.003186E-07	
131	9.479295E-09	-1.002154E-07	
132	1.260460E-08	-1.000764E-07	
133	1.570220E-08	-9.990720E-08	
134	1.876751E-08	-9.971521E-08	
135	2.179756E-08	-9.950947E-08	
136	2.479142E-08	-9.930099E-08	
137	2.775065E-08	-9.910289E-08	
138	3.067984E-08	-9.893068E-08	
139	3.358733E-08	-9.880271E-08	
140	3.648605E-08	-9.874083E-08	
141	3.939472E-08	-9.877134E-08	
142	4.233955E-08	-9.892656E-08	
143	4.535666E-08	-9.924720E-08	
144	4.849589E-08	-9.978631E-08	
145	5.182689E-08	-1.006158E-07	
146	5.544942E-08	-1.018382E-07	
147	5.951177E-08	-1.036077E-07	
148	6.424554E-08	-1.061738E-07	
149	7.003596E-08	-1.099691E-07	
150	7.757216E-08	-1.158541E-07	
151	8.816847E-08	-1.255620E-07	
152	1.044784E-07	-1.447106E-07	
153	1.243023E-07	-1.812756E-07	
154	-1.676964E-07	-2.477714E-07	
155	-1.486768E-07	-2.134346E-07	
156	-1.313826E-07	-1.906136E-07	
157	-1.173008E-07	-1.763867E-07	
158	-1.063433E-07	-1.673941E-07	
159	-9.755689E-08	-1.614165E-07	
160	-9.024076E-08	-1.573316E-07	
161	-8.392170E-08	-1.544986E-07	
162	-7.828441E-08	-1.525366E-07	
163	-7.311425E-08	-1.512031E-07	
164	-6.826134E-08	-1.503354E-07	
165	-6.361854E-08	-1.498182E-07	
166	-5.910802E-08	-1.495665E-07	
167	-5.467267E-08	-1.495147E-07	
168	-5.027064E-08	-1.496110E-07	
169	-4.587160E-08	-1.498132E-07	
170	-4.145420E-08	-1.500862E-07	
171	-3.700420E-08	-1.504008E-07	
172	-3.251311E-08	-1.507321E-07	
173	-2.797709E-08	-1.510591E-07	
174	-2.339614E-08	-1.513644E-07	
175	-1.877333E-08	-1.516333E-07	
176	-1.411420E-08	-1.518544E-07	
177	-9.426219E-09	-1.520186E-07	
178	-4.718231E-09	-1.521196E-07	
179	-1.340035E-14	-1.521537E-07	
180	4.718204E-09	-1.521196E-07	
181	9.426192E-09	-1.520186E-07	
182	1.411418E-08	-1.518544E-07	
183	1.877330E-08	-1.516333E-07	
184	2.339611E-08	-1.513644E-07	
185	2.797707E-08	-1.510591E-07	
186	3.251308E-08	-1.507321E-07	
187	3.700418E-08	-1.504008E-07	
188	4.145418E-08	-1.500862E-07	
189	4.587158E-08	-1.498131E-07	
190	5.027061E-08	-1.496110E-07	
191	5.467264E-08	-1.495147E-07	
192	5.910799E-08	-1.495664E-07	
193	6.361851E-08	-1.498182E-07	
194	6.826131E-08	-1.503354E-07	
195	7.311422E-08	-1.512031E-07	
196	7.828438E-08	-1.525365E-07	
197	8.392167E-08	-1.544986E-07	
198	9.024072E-08	-1.573315E-07	
199	9.755684E-08	-1.614164E-07	
200	1.063433E-07	-1.673940E-07	
201	1.173007E-07	-1.763866E-07	
202	1.313825E-07	-1.906135E-07	
203	1.486767E-07	-2.134345E-07	
204	1.676963E-07	-2.477712E-07	
205	-2.053427E-07	-3.091512E-07	
206	-1.873543E-07	-2.774671E-07	
207	-1.699707E-07	-2.537853E-07	
208	-1.545133E-07	-2.371233E-07	
209	-1.413366E-07	-2.256420E-07	
210	-1.301931E-07	-2.176928E-07	
211	-1.206177E-07	-2.121241E-07	
212	-1.122001E-07	-2.082081E-07	
213	-1.046204E-07	-2.054730E-07	
214	-9.763920E-08	-2.036045E-07	
215	-9.107843E-08	-2.023841E-07	
216	-8.480543E-08	-2.016546E-07	
217	-7.872088E-08	-2.012979E-07	
218	-7.275033E-08	-2.012228E-07	
219	-6.683826E-08	-2.013564E-07	
220	-6.094379E-08	-2.016394E-07	
221	-5.503764E-08	-2.020225E-07	
222	-4.909979E-08	-2.024642E-07	
223	-4.311777E-08	-2.029297E-07	
224	-3.708526E-08	-2.033893E-07	
225	-3.100098E-08	-2.038184E-07	
226	-2.486773E-08	-2.041965E-07	
227	-1.869156E-08	-2.045073E-07	
228	-1.248106E-08	-2.047382E-07	
229	-6.246664E-09	-2.048803E-07	
230	-1.983848E-14	-2.049282E-07	
231	6.246625E-09	-2.048803E-07	
232	1.248102E-08	-2.047382E-07	
233	1.869152E-08	-2.045073E-07	
234	2.486769E-08	-2.041965E-07	
235	3.100094E-08	-2.038184E-07	
236	3.708522E-08	-2.033893E-07	
237	4.311773E-08	-2.029296E-07	
238	4.909975E-08	-2.024642E-07	
239	5.503760E-08	-2.020225E-07	
240	6.094375E-08	-2.016394E-07	
241	6.683821E-08	-2.013564E-07	
242	7.275029E-08	-2.012228E-07	
243	7.872083E-08	-2.012979E-07	
244	8.480539E-08	-2.016545E-07	
245	9.107839E-08	-2.023841E-07	
246	9.763915E-08	-2.036044E-07	
247	1.046204E-07	-2.054729E-07	
248	1.122000E-07	-2.082080E-07	
249	1.206176E-07	-2.121240E-07	
250	1.301930E-07	-2.176927E-07	
251	1.413365E-07	-2.256419E-07	
252	1.545132E-07	-2.371232E-07	
253	1.699706E-07	-2.537852E-07	
254	1.873542E-07	-2.774669E-07	
255	2.053426E-07	-3.091510E-07	
256	-2.389725E-07	-3.672653E-07	
257	-2.217120E-07	-3.380699E-07	
258	-2.046204E-07	-3.147414E-07	
259	-1.886222E-07	-2.970238E-07	
260	-1.742028E-07	-2.839752E-07	
261	-1.614074E-07	-2.744985E-07	
262	-1.500380E-07	-2.676574E-07	
263	-1.398171E-07	-2.627516E-07	
264	-1.304805E-07	-2.592823E-07	
265	-1.218049E-07	-2.568936E-07	
266	-1.136103E-07	-2.553267E-07	
267	-1.057547E-07	-2.543887E-07	
268	-9.812762E-08	-2.539322E-07	
269	-9.064383E-08	-2.538408E-07	
270	-8.323822E-08	-2.540210E-07	
271	-7.586202E-08	-2.543959E-07	
272	-6.847967E-08	-2.549014E-07	
273	-6.106645E-08	-2.554833E-07	
274	-5.360654E-08	-2.560959E-07	
275	-4.609146E-08	-2.567007E-07	
276	-3.851880E-08	-2.572650E-07	
277	-3.089107E-08	-2.577623E-07	
278	-2.321474E-08	-2.581709E-07	
279	-1.549935E-08	-2.584745E-07	
280	-7.756687E-09	-2.586613E-07	
281	-2.734282E-14	-2.587243E-07	
282	7.756632E-09	-2.586613E-07	
283	1.549929E-08	-2.584745E-07	
284	2.321468E-08	-2.581709E-07	
285	3.089101E-08	-2.577623E-07	
286	3.851874E-08	-2.572650E-07	
287	4.609140E-08	-2.567006E-07	
288	5.360648E-08	-2.560959E-07	
289	6.106640E-08	-2.554833E-07	
290	6.847962E-08	-2.549013E-07	
291	7.586196E-08	-2.543959E-07	
292	8.323816E-08	-2.540210E-07	
293	9.064377E-08	-2.538407E-07	
294	9.812757E-08	-2.539321E-07	
295	1.057546E-07	-2.543887E-07	
296	1.136102E-07	-2.553266E-07	
297	1.218048E-07	-2.568935E-07	
298	1.304804E-07	-2.592822E-07	
299	1.398170E-07	-2.627514E-07	
300	1.500380E-07	-2.676572E-07	
301	1.614073E-07	-2.744983E-07	
302	1.742028E-07	-2.839750E-07	
303	1.886221E-07	-2.970236E-07	
304	2.046203E-07	-3.147412E-07	
305	2.217119E-07	-3.380697E-07	
306	2.389724E-07	-3.672650E-07	
307	-2.693835E-07	-4.230941E-07	
308	-2.526954E-07	-3.961322E-07	
309	-2.359495E-07	-3.736668E-07	
310	-2.198105E-07	-3.557326E-07	
311	-2.047152E-07	-3.418671E-07	
312	-1.908317E-07	-3.313827E-07	
313	-1.781207E-07	-3.235834E-07	
314	-1.664327E-07	-3.178726E-07	
315	-1.555810E-07	-3.137775E-07	
316	-1.453831E-07	-3.109341E-07	
317	-1.356772E-07	-3.090628E-07	
318	-1.263273E-07	-3.079466E-07	
319	-1.172225E-07	-3.074140E-07	
320	-1.082740E-07	-3.073273E-07	
321	-9.941251E-08	-3.075736E-07	
322	-9.058481E-08	-3.080592E-07	
323	-8.175161E-08	-3.087052E-07	
324	-7.288520E-08	-3.094448E-07	
325	-6.396759E-08	-3.102211E-07	
326	-5.498898E-08	-3.109860E-07	
327	-4.594633E-08	-3.116991E-07	
328	-3.684223E-08	-3.123270E-07	
329	-2.768375E-08	-3.128427E-07	
330	-1.848149E-08	-3.132257E-07	
331	-9.248623E-09	-3.134612E-07	
332	-3.589820E-14	-3.135407E-07	
333	9.248551E-09	-3.134612E-07	
334	1.848142E-08	-3.132256E-07	
335	2.768368E-08	-3.128427E-07	
336	3.684216E-08	-3.123269E-07	
337	4.594626E-08	-3.116991E-07	
338	5.498890E-08	-3.109860E-07	
339	6.396752E-08	-3.102210E-07	
340	7.288513E-08	-3.094447E-07	
341	8.175154E-08	-3.087052E-07	
342	9.058473E-08	-3.080591E-07	
343	9.941244E-08	-3.075735E-07	
344	1.082740E-07	-3.073272E-07	
345	1.172224E-07	-3.074139E-07	
346	1.263273E-07	-3.079465E-07	
347	1.356771E-07	-3.090627E-07	
348	1.453830E-07	-3.109340E-07	
349	1.555810E-07	-3.137774E-07	
350	1.664326E-07	-3.178725E-07	
351	1.781206E-07	-3.235832E-07	
352	1.908316E-07	-3.313826E-07	
353	2.047151E-07	-3.418669E-07	
354	2.198103E-07	-3.557324E-07	
355	2.359494E-07	-3.736666E-07	
356	2.526952E-07	-3.961319E-07	
357	2.693833E-07	-4.230939E-07	
358	-2.971464E-07	-4.772109E-07	
359	-2.809105E-07	-4.522415E-07	
360	-2.645020E-07	-4.308501E-07	
361	-2.483967E-07	-4.131881E-07	
362	-2.329545E-07	-3.990513E-07	
363	-2.183700E-07	-3.880213E-07	
364	-2.046871E-07	-3.796041E-07	
365	-1.918452E-07	-3.733228E-07	
366	-1.797288E-07	-3.687608E-07	
367	-1.682028E-07	-3.655717E-07	
368	-1.571350E-07	-3.634732E-07	
369	-1.464054E-07	-3.622358E-07	
370	-1.359112E-07	-3.616722E-07	
371	-1.255671E-07	-3.616274E-07	
372	-1.153044E-07	-3.619721E-07	
373	-1.050695E-07	-3.625971E-07	
374	-9.482207E-08	-3.634096E-07	
375	-8.453356E-08	-3.643305E-07	
376	-7.418535E-08	-3.652918E-07	
377	-6.376740E-08	-3.662359E-07	
378	-5.327694E-08	-3.671142E-07	
379	-4.271720E-08	-3.678865E-07	
380	-3.209634E-08	-3.685202E-07	
381	-2.142633E-08	-3.689905E-07	
382	-1.072200E-08	-3.692797E-07	
383	-4.542811E-14	-3.693773E-07	
384	1.072191E-08	-3.692797E-07	
385	2.142624E-08	-3.689905E-07	
386	3.209625E-08	-3.685202E-07	
387	4.271711E-08	-3.678864E-07	
388	5.327685E-08	-3.671142E-07	
389	6.376731E-08	-3.662359E-07	
390	7.418526E-08	-3.652917E-07	
391	8.453347E-08	-3.643304E-07	
392	9.482198E-08	-3.634096E-07	
393	1.050694E-07	-3.625970E-07	
394	1.153043E-07	-3.619720E-07	
395	1.255670E-07	-3.616273E-07	
396	1.359111E-07	-3.616721E-07	
397	1.464053E-07	-3.622357E-07	
398	1.571349E-07	-3.634730E-07	
399	1.682027E-07	-3.655715E-07	
400	1.797286E-07	-3.687606E-07	
401	1.918451E-07	-3.733226E-07	
402	2.046870E-07	-3.796039E-07	
403	2.183699E-07	-3.880211E-07	
404	2.329543E-07	-3.990511E-07	
405	2.483966E-07	-4.131879E-07	
406	2.645018E-07	-4.308499E-07	
407	2.809103E-07	-4.522413E-07	
408	2.971462E-07	-4.772106E-07	
409	-3.226677E-07	-5.299854E-07	
410	-3.068017E-07	-5.067956E-07	
411	-2.907018E-07	-4.865516E-07	
412	-2.747098E-07	-4.694473E-07	
413	-2.591083E-07	-4.554177E-07	
414	-2.440798E-07	-4.442150E-07	
415	-2.297022E-07	-4.354960E-07	
416	-2.159687E-07	-4.288912E-07	
417	-2.028167E-07	-4.240483E-07	
418	-1.901549E-07	-4.206526E-07	
419	-1.778821E-07	-4.184323E-07	
420	-1.658996E-07	-4.171557E-07	
421	-1.541182E-07	-4.166265E-07	
422	-1.424609E-07	-4.166777E-07	
423	-1.308640E-07	-4.171667E-07	
424	-1.192768E-07	-4.179710E-07	
425	-1.076609E-07	-4.189852E-07	
426	-9.598883E-08	-4.201183E-07	
427	-8.424310E-08	-4.212919E-07	
428	-7.241475E-08	-4.224390E-07	
429	-6.050227E-08	-4.235029E-07	
430	-4.851038E-08	-4.244362E-07	
431	-3.644892E-08	-4.252011E-07	
432	-2.433178E-08	-4.257682E-07	
433	-1.217586E-08	-4.261168E-07	
434	-5.588195E-14	-4.262343E-07	
435	1.217575E-08	-4.261168E-07	
436	2.433167E-08	-4.257682E-07	
437	3.644881E-08	-4.252011E-07	
438	4.851027E-08	-4.244362E-07	
439	6.050216E-08	-4.235028E-07	
440	7.241464E-08	-4.224390E-07	
441	8.424299E-08	-4.212919E-07	
442	9.598872E-08	-4.201182E-07	
443	1.076608E-07	-4.189851E-07	
444	1.192767E-07	-4.179709E-07	
445	1.308639E-07	-4.171666E-07	
446	1.424608E-07	-4.166776E-07	
447	1.541181E-07	-4.166264E-07	
448	1.658995E-07	-4.171556E-07	
449	1.778820E-07	-4.184321E-07	
450	1.901548E-07	-4.206524E-07	
451	2.028166E-07	-4.240481E-07	
452	2.159685E-07	-4.288910E-07	
453	2.297020E-07	-4.354958E-07	
454	2.440797E-07	-4.442148E-07	
455	2.591082E-07	-4.554174E-07	
456	2.747097E-07	-4.694471E-07	
457	2.907016E-07	-4.865513E-07	
458	3.068016E-07	-5.067953E-07	
459	3.226675E-07	-5.299851E-07	
460	-3.462615E-07	-5.816642E-07	
461	-3.307076E-07	-5.600688E-07	
462	-3.148870E-07	-5.409802E-07	
463	-2.990435E-07	-5.246008E-07	
464	-2.833923E-07	-5.109390E-07	
465	-2.680886E-07	-4.998531E-07	
466	-2.532173E-07	-4.911056E-07	
467	-2.387994E-07	-4.844130E-07	
468	-2.248080E-07	-4.794831E-07	
469	-2.111854E-07	-4.760369E-07	
470	-1.978589E-07	-4.738199E-07	
471	-1.847515E-07	-4.726054E-07	
472	-1.717900E-07	-4.721940E-07	
473	-1.589086E-07	-4.724110E-07	
474	-1.460518E-07	-4.731037E-07	
475	-1.331743E-07	-4.741386E-07	
476	-1.202420E-07	-4.753992E-07	
477	-1.072305E-07	-4.767836E-07	
478	-9.412509E-08	-4.782035E-07	
479	-8.091922E-08	-4.795828E-07	
480	-6.761371E-08	-4.808568E-07	
481	-5.421566E-08	-4.819716E-07	
482	-4.073738E-08	-4.828834E-07	
483	-2.719531E-08	-4.835585E-07	
484	-1.360901E-08	-4.839731E-07	
485	-6.726992E-14	-4.841129E-07	
486	1.360887E-08	-4.839731E-07	
487	2.719518E-08	-4.835585E-07	
488	4.073725E-08	-4.828833E-07	
489	5.421553E-08	-4.819715E-07	
490	6.761358E-08	-4.808568E-07	
491	8.091909E-08	-4.795828E-07	
492	9.412496E-08	-4.782035E-07	
493	1.072304E-07	-4.767835E-07	
494	1.202418E-07	-4.753991E-07	
495	1.331742E-07	-4.741385E-07	
496	1.460516E-07	-4.731036E-07	
497	1.589085E-07	-4.724108E-07	
498	1.717898E-07	-4.721938E-07	
499	1.847513E-07	-4.726052E-07	
500	1.978587E-07	-4.738197E-07	
501	2.111853E-07	-4.760367E-07	
502	2.248079E-07	-4.794829E-07	
503	2.387993E-07	-4.844128E-07	
504	2.532171E-07	-4.911054E-07	
505	2.680884E-07	-4.998529E-07	
506	2.833922E-07	-5.109387E-07	
507	2.990433E-07	-5.246005E-07	
508	3.148868E-07	-5.409799E-07	
509	3.307073E-07	-5.600685E-07	
510	3.462613E-07	-5.816638E-07	
511	-3.681787E-07	-6.324132E-07	
512	-3.528968E-07	-6.122520E-07	
513	-3.373312E-07	-5.942960E-07	
514	-3.216516E-07	-5.787389E-07	
515	-3.060164E-07	-5.656262E-07	
516	-2.905494E-07	-5.548796E-07	
517	-2.753286E-07	-5.463328E-07	
518	-2.603862E-07	-5.397668E-07	
519	-2.457160E-07	-5.349390E-07	
520	-2.312845E-07	-5.316042E-07	
521	-2.170419E-07	-5.295274E-07	
522	-2.029312E-07	-5.284903E-07	
523	-1.888949E-07	-5.282943E-07	
524	-1.748798E-07	-5.287604E-07	
525	-1.608400E-07	-5.297287E-07	
526	-1.467379E-07	-5.310566E-07	
527	-1.325450E-07	-5.326177E-07	
528	-1.182420E-07	-5.343007E-07	
529	-1.038180E-07	-5.360077E-07	
530	-8.927044E-08	-5.376543E-07	
531	-7.460338E-08	-5.391679E-07	
532	-5.982729E-08	-5.404879E-07	
533	-4.495773E-08	-5.415651E-07	
534	-3.001444E-08	-5.423616E-07	
535	-1.502024E-08	-5.428503E-07	
536	-7.959252E-14	-5.430150E-07	
537	1.502008E-08	-5.428503E-07	
538	3.001428E-08	-5.423616E-07	
539	4.495757E-08	-5.415651E-07	
540	5.982713E-08	-5.404878E-07	
541	7.460322E-08	-5.391678E-07	
542	8.927028E-08	-5.376542E-07	
543	1.038179E-07	-5.360077E-07	
544	1.182418E-07	-5.343006E-07	
545	1.325448E-07	-5.326176E-07	
546	1.467377E-07	-5.310565E-07	
547	1.608399E-07	-5.297286E-07	
548	1.748797E-07	-5.287603E-07	
549	1.888947E-07	-5.282941E-07	
550	2.029310E-07	-5.284901E-07	
551	2.170418E-07	-5.295272E-07	
552	2.312843E-07	-5.316040E-07	
553	2.457158E-07	-5.349388E-07	
554	2.603860E-07	-5.397666E-07	
555	2.753284E-07	-5.463325E-07	
556	2.905492E-07	-5.548793E-07	
557	3.060162E-07	-5.656259E-07	
558	3.216514E-07	-5.787386E-07	
559	3.373310E-07	-5.942956E-07	
560	3.528966E-07	-6.122517E-07	
561	3.681785E-07	-6.324128E-07	
562	-3.886252E-07	-6.823416E-07	
563	-3.735887E-07	-6.634765E-07	
564	-3.582600E-07	-6.466167E-07	
565	-3.427511E-07	-6.319393E-07	
566	-3.271730E-07	-6.195042E-07	
567	-3.116186E-07	-6.092693E-07	
568	-2.961522E-07	-6.011143E-07	
569	-2.808067E-07	-5.948654E-07	
570	-2.655866E-07	-5.903182E-07	
571	-2.504740E-07	-5.872557E-07	
572	-2.354363E-07	-5.854611E-07	
573	-2.204329E-07	-5.847256E-07	
574	-2.054209E-07	-5.848534E-07	
575	-1.903596E-07	-5.856631E-07	
576	-1.752131E-07	-5.869895E-07	
577	-1.599525E-07	-5.886825E-07	
578	-1.445563E-07	-5.906075E-07	
579	-1.290113E-07	-5.926441E-07	
580	-1.133120E-07	-5.946862E-07	
581	-9.746031E-08	-5.966408E-07	
582	-8.146492E-08	-5.984282E-07	
583	-6.534045E-08	-5.999814E-07	
584	-4.910654E-08	-6.012457E-07	
585	-3.278694E-08	-6.021790E-07	
586	-1.640849E-08	-6.027509E-07	
587	-9.293208E-14	-6.029436E-07	
588	1.640830E-08	-6.027509E-07	
589	3.278676E-08	-6.021790E-07	
590	4.910635E-08	-6.012457E-07	
591	6.534026E-08	-5.999813E-07	
592	8.146474E-08	-5.984281E-07	
593	9.746013E-08	-5.966407E-07	
594	1.133118E-07	-5.946861E-07	
595	1.290111E-07	-5.926440E-07	
596	1.445561E-07	-5.906074E-07	
597	1.599523E-07	-5.886824E-07	
598	1.752129E-07	-5.869893E-07	
599	1.903594E-07	-5.856630E-07	
600	2.054207E-07	-5.848532E-07	
601	2.204327E-07	-5.847254E-07	
602	2.354362E-07	-5.854609E-07	
603	2.504738E-07	-5.872555E-07	
604	2.655864E-07	-5.903179E-07	
605	2.808065E-07	-5.948651E-07	
606	2.961520E-07	-6.011140E-07	
607	3.116184E-07	-6.092690E-07	
608	3.271728E-07	-6.195038E-07	
609	3.427509E-07	-6.319389E-07	
610	3.582598E-07	-6.466163E-07	
611	3.735885E-07	-6.634761E-07	
612	3.886249E-07	-6.823412E-07	
613	-4.077723E-07	-7.315171E-07	
614	-3.929651E-07	-7.138293E-07	
615	-3.778615E-07	-6.980257E-07	
616	-3.625272E-07	-6.842622E-07	
617	-3.470336E-07	-6.725993E-07	
618	-3.314448E-07	-6.630131E-07	
619	-3.158086E-07	-6.554103E-07	
620	-3.001527E-07	-6.496470E-07	
621	-2.844850E-07	-6.455461E-07	
622	-2.687969E-07	-6.429121E-07	
623	-2.530677E-07	-6.415430E-07	
624	-2.372696E-07	-6.412386E-07	
625	-2.213723E-07	-6.418058E-07	
626	-2.053464E-07	-6.430622E-07	
627	-1.891662E-07	-6.448381E-07	
628	-1.728115E-07	-6.469774E-07	
629	-1.562689E-07	-6.493376E-07	
630	-1.395317E-07	-6.517905E-07	
631	-1.226007E-07	-6.542219E-07	
632	-1.054834E-07	-6.565312E-07	
633	-8.819383E-08	-6.586316E-07	
634	-7.075160E-08	-6.604497E-07	
635	-5.318120E-08	-6.619258E-07	
636	-3.551113E-08	-6.630133E-07	
637	-1.777291E-08	-6.636791E-07	
638	-1.073058E-13	-6.639032E-07	
639	1.777269E-08	-6.636791E-07	
640	3.551091E-08	-6.630133E-07	
641	5.318098E-08	-6.619258E-07	
642	7.075138E-08	-6.604497E-07	
643	8.819362E-08	-6.586315E-07	
644	1.054832E-07	-6.565311E-07	
645	1.226005E-07	-6.542218E-07	
646	1.395315E-07	-6.517904E-07	
647	1.562687E-07	-6.493374E-07	
648	1.728113E-07	-6.469772E-07	
649	1.891660E-07	-6.448380E-07	
650	2.053462E-07	-6.430620E-07	
651	2.213721E-07	-6.418056E-07	
652	2.372694E-07	-6.412384E-07	
653	2.530674E-07	-6.415428E-07	
654	2.687967E-07	-6.429118E-07	
655	2.844848E-07	-6.455458E-07	
656	3.001524E-07	-6.496467E-07	
657	3.158084E-07	-6.554100E-07	
658	3.314446E-07	-6.630127E-07	
659	3.470334E-07	-6.725990E-07	
660	3.625269E-07	-6.842618E-07	
661	3.778612E-07	-6.980253E-07	
662	3.929648E-07	-7.138288E-07	
663	4.077720E-07	-7.315166E-07	
664	-4.257636E-07	-7.799744E-07	
665	-4.111781E-07	-7.633629E-07	
666	-3.962935E-07	-7.485776E-07	
667	-3.811377E-07	-7.357501E-07	
668	-3.657486E-07	-7.249332E-07	
669	-3.501640E-07	-7.161079E-07	
670	-3.344144E-07	-7.091949E-07	
671	-3.185192E-07	-7.040677E-07	
672	-3.024852E-07	-7.005667E-07	
673	-2.863080E-07	-6.985111E-07	
674	-2.699747E-07	-6.977096E-07	
675	-2.534671E-07	-6.979680E-07	
676	-2.367651E-07	-6.990954E-07	
677	-2.198492E-07	-7.009082E-07	
678	-2.027033E-07	-7.032325E-07	
679	-1.853160E-07	-7.059063E-07	
680	-1.676815E-07	-7.087805E-07	
681	-1.498008E-07	-7.117193E-07	
682	-1.316813E-07	-7.146006E-07	
683	-1.133370E-07	-7.173167E-07	
684	-9.478758E-08	-7.197738E-07	
685	-7.605860E-08	-7.218926E-07	
686	-5.718005E-08	-7.236080E-07	
687	-3.818587E-08	-7.248695E-07	
688	-1.911293E-08	-7.256409E-07	
689	-1.227087E-13	-7.259005E-07	
690	1.911269E-08	-7.256409E-07	
691	3.818562E-08	-7.248695E-07	
692	5.717980E-08	-7.236080E-07	
693	7.605835E-08	-7.218925E-07	
694	9.478734E-08	-7.197737E-07	
695	1.133367E-07	-7.173166E-07	
696	1.316811E-07	-7.146005E-07	
697	1.498006E-07	-7.117192E-07	
698	1.676813E-07	-7.087804E-07	
699	1.853157E-07	-7.059062E-07	
700	2.027031E-07	-7.032323E-07	
701	2.198490E-07	-7.009080E-07	
702	2.367648E-07	-6.990952E-07	
703	2.534668E-07	-6.979678E-07	
704	2.699744E-07	-6.977093E-07	
705	2.863077E-07	-6.985108E-07	
706	3.024849E-07	-7.005664E-07	
707	3.185189E-07	-7.040674E-07	
708	3.344142E-07	-7.091945E-07	
709	3.501637E-07	-7.161076E-07	
710	3.657483E-07	-7.249328E-07	
711	3.811375E-07	-7.357497E-07	
712	3.962932E-07	-7.485771E-07	
713	4.111778E-07	-7.633624E-07	
714	4.257633E-07	-7.799739E-07	
715	-4.427197E-07	-8.277224E-07	
716	-4.283550E-07	-8.121026E-07	
717	-4.136887E-07	-7.983030E-07	
718	-3.987168E-07	-7.864291E-07	
719	-3.834482E-07	-7.765195E-07	
720	-3.678973E-07	-7.685515E-07	
721	-3.520777E-07	-7.624495E-07	
722	-3.359987E-07	-7.580949E-07	
723	-3.196631E-07	-7.553372E-07	
724	-3.030675E-07	-7.540040E-07	
725	-2.862034E-07	-7.539098E-07	
726	-2.690595E-07	-7.548640E-07	
727	-2.516236E-07	-7.566758E-07	
728	-2.338848E-07	-7.591594E-07	
729	-2.158354E-07	-7.621368E-07	
730	-1.974724E-07	-7.654402E-07	
731	-1.787979E-07	-7.689135E-07	
732	-1.598204E-07	-7.724137E-07	
733	-1.405544E-07	-7.758114E-07	
734	-1.210206E-07	-7.789914E-07	
735	-1.012454E-07	-7.818535E-07	
736	-8.126062E-08	-7.843123E-07	
737	-6.110234E-08	-7.862977E-07	
738	-4.081061E-08	-7.877550E-07	
739	-2.042827E-08	-7.886450E-07	
740	-1.390432E-13	-7.889443E-07	
741	2.042799E-08	-7.886450E-07	
742	4.081033E-08	-7.877549E-07	
743	6.110207E-08	-7.862976E-07	
744	8.126034E-08	-7.843122E-07	
745	1.012452E-07	-7.818534E-07	
746	1.210203E-07	-7.789913E-07	
747	1.405541E-07	-7.758113E-07	
748	1.598201E-07	-7.724136E-07	
749	1.787976E-07	-7.689134E-07	
750	1.974721E-07	-7.654400E-07	
751	2.158352E-07	-7.621366E-07	
752	2.338845E-07	-7.591592E-07	
753	2.516233E-07	-7.566755E-07	
754	2.690592E-07	-7.548637E-07	
755	2.862031E-07	-7.539096E-07	
756	3.030672E-07	-7.540037E-07	
757	3.196628E-07	-7.553369E-07	
758	3.359984E-07	-7.580946E-07	
759	3.520774E-07	-7.624491E-07	
760	3.678970E-07	-7.685511E-07	
761	3.834479E-07	-7.765190E-07	
762	3.987165E-07	-7.864286E-07	
763	4.136884E-07	-7.983025E-07	
764	4.283547E-07	-8.121021E-07	
765	4.427194E-07	-8.277219E-07	
766	-4.587406E-07	-8.747482E-07	
767	-4.446018E-07	-8.600513E-07	
768	-4.301579E-07	-8.472124E-07	
769	-4.153772E-07	-8.363094E-07	
770	-4.002436E-07	-8.273627E-07	
771	-3.847505E-07	-8.203390E-07	
772	-3.688953E-07	-8.151587E-07	
773	-3.526767E-07	-8.117033E-07	
774	-3.360918E-07	-8.098246E-07	
775	-3.191359E-07	-8.093525E-07	
776	-3.018025E-07	-8.101034E-07	
777	-2.840848E-07	-8.118863E-07	
778	-2.659767E-07	-8.145090E-07	
779	-2.474744E-07	-8.177820E-07	
780	-2.285779E-07	-8.215222E-07	
781	-2.092915E-07	-8.255554E-07	
782	-1.896253E-07	-8.297187E-07	
783	-1.695951E-07	-8.338616E-07	
784	-1.492227E-07	-8.378472E-07	
785	-1.285359E-07	-8.415532E-07	
786	-1.075682E-07	-8.448727E-07	
787	-8.635791E-08	-8.477144E-07	
788	-6.494808E-08	-8.500030E-07	
789	-4.338526E-08	-8.516799E-07	
790	-2.171885E-08	-8.527029E-07	
791	-1.563446E-13	-8.530467E-07	
792	2.171854E-08	-8.527029E-07	
793	4.338495E-08	-8.516799E-07	
794	6.494777E-08	-8.500030E-07	
795	8.635760E-08	-8.477143E-07	
796	1.075678E-07	-8.448727E-07	
797	1.285356E-07	-8.415531E-07	
798	1.492224E-07	-8.378471E-07	
799	1.695948E-07	-8.338615E-07	
800	1.896250E-07	-8.297186E-07	
801	2.092912E-07	-8.255553E-07	
802	2.285776E-07	-8.215220E-07	
803	2.474741E-07	-8.177818E-07	
804	2.659764E-07	-8.145088E-07	
805	2.840844E-07	-8.118861E-07	
806	3.018022E-07	-8.101031E-07	
807	3.191355E-07	-8.093522E-07	
808	3.360915E-07	-8.098243E-07	
809	3.526764E-07	-8.117030E-07	
810	3.688950E-07	-8.151583E-07	
811	3.847501E-07	-8.203385E-07	
812	4.002433E-07	-8.273622E-07	
813	4.153768E-07	-8.363090E-07	
814	4.301575E-07	-8.472119E-07	
815	4.446015E-07	-8.600507E-07	
816	4.587402E-07	-8.747476E-07	
817	-4.739076E-07	-9.210201E-07	
818	-4.600051E-07	-9.071923E-07	
819	-4.457917E-07	-8.952986E-07	
820	-4.312121E-07	-8.853877E-07	
821	-4.162279E-07	-8.774580E-07	
822	-4.008134E-07	-8.714610E-07	
823	-3.849514E-07	-8.673069E-07	
824	-3.686294E-07	-8.648712E-07	
825	-3.518381E-07	-8.640019E-07	
826	-3.345700E-07	-8.645263E-07	
827	-3.168190E-07	-8.662582E-07	
828	-2.985810E-07	-8.690035E-07	
829	-2.798545E-07	-8.725655E-07	
830	-2.606414E-07	-8.767496E-07	
831	-2.409481E-07	-8.813664E-07	
832	-2.207862E-07	-8.862346E-07	
833	-2.001729E-07	-8.911838E-07	
834	-1.791312E-07	-8.960555E-07	
835	-1.576904E-07	-9.007055E-07	
836	-1.358856E-07	-9.050040E-07	
837	-1.137574E-07	-9.088373E-07	
838	-9.135144E-08	-9.121080E-07	
839	-6.871778E-08	-9.147359E-07	
840	-4.591008E-08	-9.166581E-07	
841	-2.298477E-08	-9.178295E-07	
842	-1.747434E-13	-9.182230E-07	
843	2.298442E-08	-9.178295E-07	
844	4.590973E-08	-9.166581E-07	
845	6.871743E-08	-9.147358E-07	
846	9.135109E-08	-9.121080E-07	
847	1.137570E-07	-9.088372E-07	
848	1.358853E-07	-9.050039E-07	
849	1.576901E-07	-9.007054E-07	
850	1.791308E-07	-8.960554E-07	
851	2.001725E-07	-8.911836E-07	
852	2.207859E-07	-8.862344E-07	
853	2.409478E-07	-8.813662E-07	
854	2.606410E-07	-8.767494E-07	
855	2.798541E-07	-8.725653E-07	
856	2.985807E-07	-8.690032E-07	
857	3.168187E-07	-8.662579E-07	
858	3.345697E-07	-8.645260E-07	
859	3.518378E-07	-8.640015E-07	
860	3.686290E-07	-8.648708E-07	
861	3.849510E-07	-8.673065E-07	
862	4.008131E-07	-8.714606E-07	
863	4.162275E-07	-8.774576E-07	
864	4.312117E-07	-8.853872E-07	
865	4.457913E-07	-8.952980E-07	
866	4.600047E-07	-9.071917E-07	
867	4.739072E-07	-9.210195E-07	
868	-4.882849E-07	-9.664899E-07	
869	-4.746333E-07	-9.534927E-07	
870	-4.606628E-07	-9.425392E-07	
871	-4.462966E-07	-9.336477E-07	
872	-4.314767E-07	-9.267916E-07	
873	-4.161603E-07	-9.219029E-07	
874	-4.003161E-07	-9.188770E-07	
875	-3.839214E-07	-9.175783E-07	
876	-3.669600E-07	-9.178460E-07	
877	-3.494205E-07	-9.195004E-07	
878	-3.312960E-07	-9.223487E-07	
879	-3.125839E-07	-9.261905E-07	
880	-2.932858E-07	-9.308224E-07	
881	-2.734084E-07	-9.360424E-07	
882	-2.529638E-07	-9.416534E-07	
883	-2.319698E-07	-9.474661E-07	
884	-2.104504E-07	-9.533016E-07	
885	-1.884358E-07	-9.589933E-07	
886	-1.659625E-07	-9.643885E-07	
887	-1.430729E-07	-9.693501E-07	
888	-1.198152E-07	-9.737572E-07	
889	-9.624245E-08	-9.775063E-07	
890	-7.241214E-08	-9.805119E-07	
891	-4.838541E-08	-9.827070E-07	
892	-2.422617E-08	-9.840434E-07	
893	-1.943219E-13	-9.844920E-07	
894	2.422578E-08	-9.840433E-07	
895	4.838502E-08	-9.827070E-07	
896	7.241175E-08	-9.805119E-07	
897	9.624206E-08	-9.775062E-07	
898	1.198148E-07	-9.737571E-07	
899	1.430725E-07	-9.693500E-07	
900	1.659621E-07	-9.643884E-07	
901	1.884354E-07	-9.589931E-07	
902	2.104500E-07	-9.533015E-07	
903	2.319694E-07	-9.474660E-07	
904	2.529634E-07	-9.416532E-07	
905	2.734080E-07	-9.360422E-07	
906	2.932854E-07	-9.308222E-07	
907	3.125835E-07	-9.261902E-07	
908	3.312956E-07	-9.223484E-07	
909	3.494201E-07	-9.195000E-07	
910	3.669596E-07	-9.178456E-07	
911	3.839211E-07	-9.175779E-07	
912	4.003157E-07	-9.188766E-07	
913	4.161599E-07	-9.219025E-07	
914	4.314763E-07	-9.267911E-07	
915	4.462962E-07	-9.336472E-07	
916	4.606624E-07	-9.425386E-07	
917	4.746329E-07	-9.534921E-07	
918	4.882845E-07	-9.664893E-07	
919	-5.019196E-07	-1.011095E-06	
920	-4.885378E-07	-9.989048E-07	
921	-4.748261E-07	-9.888984E-07	
922	-4.606882E-07	-9.810617E-07	
923	-4.460487E-07	-9.753406E-07	
924	-4.308491E-07	-9.716443E-07	
925	-4.150456E-07	-9.698492E-07	
926	-3.986053E-07	-9.698043E-07	
927	-3.815051E-07	-9.713360E-07	
928	-3.637295E-07	-9.742536E-07	
929	-3.452698E-07	-9.783543E-07	
930	-3.261239E-07	-9.834282E-07	
931	-3.062957E-07	-9.892627E-07	
932	-2.857957E-07	-9.956465E-07	
933	-2.646407E-07	-1.002373E-06	
934	-2.428542E-07	-1.009244E-06	
935	-2.204667E-07	-1.016071E-06	
936	-1.975152E-07	-1.022677E-06	
937	-1.740432E-07	-1.028903E-06	
938	-1.501008E-07	-1.034602E-06	
939	-1.257434E-07	-1.039647E-06	
940	-1.010320E-07	-1.043927E-06	
941	-7.603170E-08	-1.047351E-06	
942	-5.081152E-08	-1.049848E-06	
943	-2.544315E-08	-1.051367E-06	
944	-2.148656E-13	-1.051877E-06	
945	2.544272E-08	-1.051367E-06	
946	5.081109E-08	-1.049848E-06	
947	7.603127E-08	-1.047351E-06	
948	1.010315E-07	-1.043927E-06	
949	1.257430E-07	-1.039647E-06	
950	1.501003E-07	-1.034602E-06	
951	1.740428E-07	-1.028903E-06	
952	1.975147E-07	-1.022677E-06	
953	2.204663E-07	-1.016070E-06	
954	2.428538E-07	-1.009244E-06	
955	2.646403E-07	-1.002373E-06	
956	2.857953E-07	-9.956463E-07	
957	3.062953E-07	-9.892624E-07	
958	3.261235E-07	-9.834279E-07	
959	3.452694E-07	-9.783540E-07	
960	3.637291E-07	-9.742532E-07	
961	3.815047E-07	-9.713356E-07	
962	3.986049E-07	-9.698039E-07	
963	4.150452E-07	-9.698487E-07	
964	4.308487E-07	-9.716438E-07	
965	4.460482E-07	-9.753401E-07	
966	4.606878E-07	-9.810611E-07	
967	4.748256E-07	-9.888978E-07	
968	4.885373E-07	-9.989042E-07	
969	5.019192E-07	-1.011094E-06	
970	-5.148421E-07	-1.054759E-06	
971	-5.017528E-07	-1.043368E-06	
972	-4.883190E-07	-1.034328E-06	
973	-4.744270E-07	-1.027591E-06	
974	-4.599854E-07	-1.023074E-06	
975	-4.449219E-07	-1.020659E-06	
976	-4.291807E-07	-1.020200E-06	
977	-4.127198E-07	-1.021528E-06	
978	-3.955092E-07	-1.024452E-06	
979	-3.775290E-07	-1.028767E-06	
980	-3.587683E-07	-1.034258E-06	
981	-3.392247E-07	-1.040702E-06	
982	-3.189037E-07	-1.047874E-06	
983	-2.978188E-07	-1.055553E-06	
984	-2.759908E-07	-1.063521E-06	
985	-2.534486E-07	-1.071567E-06	
986	-2.302284E-07	-1.079494E-06	
987	-2.063739E-07	-1.087116E-06	
988	-1.819356E-07	-1.094261E-06	
989	-1.569708E-07	-1.100776E-06	
990	-1.315428E-07	-1.106525E-06	
991	-1.057203E-07	-1.111391E-06	
992	-7.957646E-08	-1.115277E-06	
993	-5.318829E-08	-1.118107E-06	
994	-2.663563E-08	-1.119827E-06	
995	-2.361455E-13	-1.120404E-06	
996	2.663516E-08	-1.119827E-06	
997	5.318782E-08	-1.118107E-06	
998	7.957599E-08	-1.115277E-06	
999	1.057198E-07	-1.111391E-06	
1000	1.315423E-07	-1.106525E-06	
1001	1.569703E-07	-1.100776E-06	
1002	1.819351E-07	-1.094261E-06	
1003	2.063734E-07	-1.087115E-06	
1004	2.302280E-07	-1.079494E-06	
1005	2.534482E-07	-1.071567E-06	
1006	2.759904E-07	-1.063520E-06	
1007	2.978183E-07	-1.055553E-06	
1008	3.189033E-07	-1.047874E-06	
1009	3.392243E-07	-1.040701E-06	
1010	3.587679E-07	-1.034257E-06	
1011	3.775286E-07	-1.028767E-06	
1012	3.955088E-07	-1.024451E-06	
1013	4.127194E-07	-1.021527E-06	
1014	4.291802E-07	-1.020199E-06	
1015	4.449215E-07	-1.020658E-06	
1016	4.599850E-07	-1.023073E-06	
1017	4.744266E-07	-1.027591E-06	
1018	4.883185E-07	-1.034327E-06	
1019	5.017523E-07	-1.043367E-06	
1020	5.148416E-07	-1.054758E-06	
1021	-5.270660E-07	-1.097393E-06	
1022	-5.142952E-07	-1.086809E-06	
1023	-5.011617E-07	-1.078769E-06	
1024	-4.875357E-07	-1.073189E-06	
1025	-4.733114E-07	-1.069952E-06	
1026	-4.584039E-07	-1.068913E-06	
1027	-4.427467E-07	-1.069902E-06	
1028	-4.262892E-07	-1.072724E-06	
1029	-4.089949E-07	-1.077173E-06	
1030	-3.908393E-07	-1.083023E-06	
1031	-3.718092E-07	-1.090044E-06	
1032	-3.519013E-07	-1.097999E-06	
1033	-3.311220E-07	-1.106648E-06	
1034	-3.094872E-07	-1.115757E-06	
1035	-2.870213E-07	-1.125095E-06	
1036	-2.637579E-07	-1.134439E-06	
1037	-2.397386E-07	-1.143580E-06	
1038	-2.150135E-07	-1.152320E-06	
1039	-1.896400E-07	-1.160478E-06	
1040	-1.636827E-07	-1.167891E-06	
1041	-1.372126E-07	-1.174415E-06	
1042	-1.103064E-07	-1.179924E-06	
1043	-8.304546E-08	-1.184318E-06	
1044	-5.551499E-08	-1.187514E-06	
1045	-2.780320E-08	-1.189455E-06	
1046	-2.584145E-13	-1.190105E-06	
1047	2.780268E-08	-1.189455E-06	
1048	5.551447E-08	-1.187514E-06	
1049	8.304495E-08	-1.184318E-06	
1050	1.103059E-07	-1.179924E-06	
1051	1.372121E-07	-1.174415E-06	
1052	1.636822E-07	-1.167891E-06	
1053	1.896395E-07	-1.160478E-06	
1054	2.150130E-07	-1.152320E-06	
1055	2.397381E-07	-1.143580E-06	
1056	2.637574E-07	-1.134439E-06	
1057	2.870209E-07	-1.125095E-06	
1058	3.094867E-07	-1.115757E-06	
1059	3.311216E-07	-1.106648E-06	
1060	3.519008E-07	-1.097998E-06	
1061	3.718087E-07	-1.090044E-06	
1062	3.908389E-07	-1.083023E-06	
1063	4.089944E-07	-1.077172E-06	
1064	4.262888E-07	-1.072724E-06	
1065	4.427462E-07	-1.069901E-06	
1066	4.584034E-07	-1.068913E-06	
1067	4.733109E-07	-1.069952E-06	
1068	4.875352E-07	-1.073188E-06	
1069	5.011612E-07	-1.078769E-06	
1070	5.142947E-07	-1.086809E-06	
1071	5.270655E-07	-1.097392E-06	
1072	-5.385874E-07	-1.138896E-06	
1073	-5.261646E-07	-1.129145E-06	
1074	-5.133566E-07	-1.122153E-06	
1075	-5.000192E-07	-1.117798E-06	
1076	-4.860335E-07	-1.115930E-06	
1077	-4.713033E-07	-1.116371E-06	
1078	-4.557524E-07	-1.118923E-06	
1079	-4.393224E-07	-1.123369E-06	
1080	-4.219706E-07	-1.129477E-06	
1081	-4.036681E-07	-1.137004E-06	
1082	-3.843988E-07	-1.145699E-06	
1083	-3.641584E-07	-1.155309E-06	
1084	-3.429539E-07	-1.165579E-06	
1085	-3.208028E-07	-1.176258E-06	
1086	-2.977327E-07	-1.187099E-06	
1087	-2.737813E-07	-1.197868E-06	
1088	-2.489956E-07	-1.208341E-06	
1089	-2.234315E-07	-1.218307E-06	
1090	-1.971535E-07	-1.227576E-06	
1091	-1.702333E-07	-1.235973E-06	
1092	-1.427498E-07	-1.243344E-06	
1093	-1.147876E-07	-1.249558E-06	
1094	-8.643640E-08	-1.254506E-06	
1095	-5.778997E-08	-1.258102E-06	
1096	-2.894501E-08	-1.260284E-06	
1097	-2.818578E-13	-1.261016E-06	
1098	2.894445E-08	-1.260284E-06	
1099	5.778941E-08	-1.258102E-06	
1100	8.643585E-08	-1.254506E-06	
1101	1.147870E-07	-1.249558E-06	
1102	1.427492E-07	-1.243344E-06	
1103	1.702328E-07	-1.235973E-06	
1104	1.971529E-07	-1.227576E-06	
1105	2.234310E-07	-1.218307E-06	
1106	2.489951E-07	-1.208340E-06	
1107	2.737808E-07	-1.197868E-06	
1108	2.977322E-07	-1.187099E-06	
1109	3.208023E-07	-1.176257E-06	
1110	3.429534E-07	-1.165579E-06	
1111	3.641579E-07	-1.155309E-06	
1112	3.843982E-07	-1.145699E-06	
1113	4.036675E-07	-1.137003E-06	
1114	4.219701E-07	-1.129476E-06	
1115	4.393219E-07	-1.123368E-06	
1116	4.557519E-07	-1.118922E-06	
1117	4.713027E-07	-1.116370E-06	
1118	4.860330E-07	-1.115929E-06	
1119	5.000187E-07	-1.117798E-06	
1120	5.133561E-07	-1.122152E-06	
1121	5.261640E-07	-1.129145E-06	
1122	5.385868E-07	-1.138896E-06	
1123	-5.493845E-07	-1.179158E-06	
1124	-5.373420E-07	-1.170282E-06	
1125	-5.248876E-07	-1.164402E-06	
1126	-5.118637E-07	-1.161354E-06	
1127	-4.981399E-07	-1.160953E-06	
1128	-4.836101E-07	-1.162987E-06	
1129	-4.681893E-07	-1.167227E-06	
1130	-4.518119E-07	-1.173431E-06	
1131	-4.344294E-07	-1.181340E-06	
1132	-4.160086E-07	-1.190690E-06	
1133	-3.965306E-07	-1.201210E-06	
1134	-3.759897E-07	-1.212625E-06	
1135	-3.543928E-07	-1.224664E-06	
1136	-3.317586E-07	-1.237056E-06	
1137	-3.081177E-07	-1.249540E-06	
1138	-2.835114E-07	-1.261865E-06	
1139	-2.579918E-07	-1.273792E-06	
1140	-2.316206E-07	-1.285098E-06	
1141	-2.044689E-07	-1.295578E-06	
1142	-1.766159E-07	-1.305048E-06	
1143	-1.481481E-07	-1.313345E-06	
1144	-1.191585E-07	-1.320327E-06	
1145	-8.974519E-08	-1.325879E-06	
1146	-6.001041E-08	-1.329911E-06	
1147	-3.005962E-08	-1.332356E-06	
1148	-3.062265E-13	-1.333175E-06	
1149	3.005900E-08	-1.332356E-06	
1150	6.000980E-08	-1.329911E-06	
1151	8.974458E-08	-1.325879E-06	
1152	1.191579E-07	-1.320327E-06	
1153	1.481475E-07	-1.313345E-06	
1154	1.766153E-07	-1.305048E-06	
1155	2.044683E-07	-1.295578E-06	
1156	2.316200E-07	-1.285098E-06	
1157	2.579912E-07	-1.273791E-06	
1158	2.835109E-07	-1.261864E-06	
1159	3.081171E-07	-1.249540E-06	
1160	3.317581E-07	-1.237055E-06	
1161	3.543922E-07	-1.224663E-06	
1162	3.759892E-07	-1.212625E-06	
1163	3.965301E-07	-1.201210E-06	
1164	4.160080E-07	-1.190690E-06	
1165	4.344288E-07	-1.181340E-06	
1166	4.518113E-07	-1.173430E-06	
1167	4.681887E-07	-1.167227E-06	
1168	4.836095E-07	-1.162986E-06	
1169	4.981394E-07	-1.160952E-06	
1170	5.118631E-07	-1.161354E-06	
1171	5.248870E-07	-1.164401E-06	
1172	5.373414E-07	-1.170281E-06	
1173	5.493839E-07	-1.179157E-06	
1174	-5.594163E-07	-1.218057E-06	
1175	-5.477894E-07	-1.210117E-06	
1176	-5.357190E-07	-1.205428E-06	
1177	-5.230360E-07	-1.203786E-06	
1178	-5.095998E-07	-1.204962E-06	
1179	-4.952954E-07	-1.208712E-06	
1180	-4.800304E-07	-1.214775E-06	
1181	-4.637326E-07	-1.222878E-06	
1182	-4.463480E-07	-1.232737E-06	
1183	-4.278392E-07	-1.244064E-06	
1184	-4.081844E-07	-1.256562E-06	
1185	-3.873760E-07	-1.269938E-06	
1186	-3.654206E-07	-1.283898E-06	
1187	-3.423378E-07	-1.298154E-06	
1188	-3.181603E-07	-1.312425E-06	
1189	-2.929331E-07	-1.326443E-06	
1190	-2.667129E-07	-1.339952E-06	
1191	-2.395673E-07	-1.352716E-06	
1192	-2.115739E-07	-1.364514E-06	
1193	-1.828193E-07	-1.375151E-06	
1194	-1.533980E-07	-1.384452E-06	
1195	-1.234112E-07	-1.392268E-06	
1196	-9.296552E-08	-1.398477E-06	
1197	-6.217200E-08	-1.402981E-06	
1198	-3.114484E-08	-1.405711E-06	
1199	-3.315062E-13	-1.406626E-06	
1200	3.114417E-08	-1.405711E-06	
1201	6.217134E-08	-1.402981E-06	
1202	9.296487E-08	-1.398477E-06	
1203	1.234106E-07	-1.392268E-06	
1204	1.533974E-07	-1.384452E-06	
1205	1.828187E-07	-1.375151E-06	
1206	2.115733E-07	-1.364514E-06	
1207	2.395667E-07	-1.352715E-06	
1208	2.667123E-07	-1.339952E-06	
1209	2.929325E-07	-1.326443E-06	
1210	3.181597E-07	-1.312425E-06	
1211	3.423372E-07	-1.298154E-06	
1212	3.654200E-07	-1.283898E-06	
1213	3.873755E-07	-1.269938E-06	
1214	4.081838E-07	-1.256562E-06	
1215	4.278386E-07	-1.244063E-06	
1216	4.463474E-07	-1.232737E-06	
1217	4.637320E-07	-1.222877E-06	
1218	4.800298E-07	-1.214775E-06	
1219	4.952948E-07	-1.208711E-06	
1220	5.095992E-07	-1.204961E-06	
1221	5.230354E-07	-1.203785E-06	
1222	5.357183E-07	-1.205428E-06	
1223	5.477887E-07	-1.210117E-06	
1224	5.594156E-07	-1.218056E-06	
1225	-5.686216E-07	-1.255462E-06	
1226	-5.574481E-07	-1.248540E-06	
1227	-5.457946E-07	-1.245140E-06	
1228	-5.334821E-07	-1.245014E-06	
1229	-5.203615E-07	-1.247892E-06	
1230	-5.063103E-07	-1.253493E-06	
1231	-4.912293E-07	-1.261522E-06	
1232	-4.750408E-07	-1.271674E-06	
1233	-4.576855E-07	-1.283639E-06	
1234	-4.391219E-07	-1.297101E-06	
1235	-4.193249E-07	-1.311740E-06	
1236	-3.982847E-07	-1.327239E-06	
1237	-3.760071E-07	-1.343281E-06	
1238	-3.525122E-07	-1.359556E-06	
1239	-3.278346E-07	-1.375765E-06	
1240	-3.020224E-07	-1.391619E-06	
1241	-2.751370E-07	-1.406845E-06	
1242	-2.472514E-07	-1.421188E-06	
1243	-2.184502E-07	-1.434415E-06	
1244	-1.888274E-07	-1.446316E-06	
1245	-1.584854E-07	-1.456706E-06	
1246	-1.275340E-07	-1.465425E-06	
1247	-9.608848E-08	-1.472344E-06	
1248	-6.426867E-08	-1.477359E-06	
1249	-3.219759E-08	-1.480398E-06	
1250	-3.579111E-13	-1.481416E-06	
1251	3.219687E-08	-1.480398E-06	
1252	6.426796E-08	-1.477359E-06	
1253	9.608777E-08	-1.472344E-06	
1254	1.275333E-07	-1.465425E-06	
1255	1.584847E-07	-1.456706E-06	
1256	1.888267E-07	-1.446316E-06	
1257	2.184495E-07	-1.434415E-06	
1258	2.472508E-07	-1.421188E-06	
1259	2.751363E-07	-1.406845E-06	
1260	3.020218E-07	-1.391619E-06	
1261	3.278340E-07	-1.375765E-06	
1262	3.525116E-07	-1.359556E-06	
1263	3.760065E-07	-1.343280E-06	
1264	3.982841E-07	-1.327238E-06	
1265	4.193242E-07	-1.311740E-06	
1266	4.391213E-07	-1.297100E-06	
1267	4.576849E-07	-1.283639E-06	
1268	4.750401E-07	-1.271674E-06	
1269	4.912287E-07	-1.261521E-06	
1270	5.063096E-07	-1.253493E-06	
1271	5.203609E-07	-1.247892E-06	
1272	5.334814E-07	-1.245013E-06	
1273	5.457939E-07	-1.245139E-06	
1274	5.574474E-07	-1.248539E-06	
1275	5.686210E-07	-1.255461E-06	
1276	-5.769179E-07	-1.291233E-06	
1277	-5.662376E-07	-1.285430E-06	
1278	-5.550360E-07	-1.283437E-06	
1279	-5.431260E-07	-1.284955E-06	
1280	-5.303515E-07	-1.289673E-06	
1281	-5.165839E-07	-1.297271E-06	
1282	-5.017188E-07	-1.307418E-06	
1283	-4.856729E-07	-1.319779E-06	
1284	-4.683823E-07	-1.334013E-06	
1285	-4.498011E-07	-1.349777E-06	
1286	-4.299006E-07	-1.366726E-06	
1287	-4.086685E-07	-1.384516E-06	
1288	-3.861089E-07	-1.402808E-06	
1289	-3.622421E-07	-1.421267E-06	
1290	-3.371040E-07	-1.439571E-06	
1291	-3.107458E-07	-1.457411E-06	
1292	-2.832332E-07	-1.474493E-06	
1293	-2.546451E-07	-1.490545E-06	
1294	-2.250728E-07	-1.505316E-06	
1295	-1.946179E-07	-1.518583E-06	
1296	-1.633913E-07	-1.530148E-06	
1297	-1.315113E-07	-1.539843E-06	
1298	-9.910203E-08	-1.547527E-06	
1299	-6.629224E-08	-1.553094E-06	
1300	-3.321374E-08	-1.556465E-06	
1301	-3.852805E-13	-1.557594E-06	
1302	3.321297E-08	-1.556465E-06	
1303	6.629148E-08	-1.553094E-06	
1304	9.910127E-08	-1.547527E-06	
1305	1.315105E-07	-1.539843E-06	
1306	1.633905E-07	-1.530148E-06	
1307	1.946171E-07	-1.518583E-06	
1308	2.250720E-07	-1.505316E-06	
1309	2.546444E-07	-1.490545E-06	
1310	2.832325E-07	-1.474493E-06	
1311	3.107451E-07	-1.457411E-06	
1312	3.371033E-07	-1.439571E-06	
1313	3.622414E-07	-1.421267E-06	
1314	3.861082E-07	-1.402807E-06	
1315	4.086678E-07	-1.384516E-06	
1316	4.298999E-07	-1.366726E-06	
1317	4.498005E-07	-1.349777E-06	
1318	4.683816E-07	-1.334013E-06	
1319	4.856722E-07	-1.319778E-06	
1320	5.017182E-07	-1.307417E-06	
1321	5.165833E-07	-1.297270E-06	
1322	5.303508E-07	-1.289673E-06	
1323	5.431253E-07	-1.284954E-06	
1324	5.550353E-07	-1.283436E-06	
1325	5.662369E-07	-1.285430E-06	
1326	5.769171E-07	-1.291232E-06	
1327	-5.841991E-07	-1.325224E-06	
1328	-5.740540E-07	-1.320666E-06	
1329	-5.633412E-07	-1.320214E-06	
1330	-5.518676E-07	-1.323520E-06	
1331	-5.394725E-07	-1.330230E-06	
1332	-5.260227E-07	-1.339981E-06	
1333	-5.114092E-07	-1.352409E-06	
1334	-4.955441E-07	-1.367146E-06	
1335	-4.783588E-07	-1.383822E-06	
1336	-4.598027E-07	-1.402064E-06	
1337	-4.398430E-07	-1.421499E-06	
1338	-4.184642E-07	-1.441758E-06	
1339	-3.956682E-07	-1.462475E-06	
1340	-3.714746E-07	-1.483290E-06	
1341	-3.459203E-07	-1.503855E-06	
1342	-3.190593E-07	-1.523838E-06	
1343	-2.909616E-07	-1.542923E-06	
1344	-2.617120E-07	-1.560818E-06	
1345	-2.314089E-07	-1.577256E-06	
1346	-2.001620E-07	-1.591995E-06	
1347	-1.680909E-07	-1.604826E-06	
1348	-1.353226E-07	-1.615569E-06	
1349	-1.019905E-07	-1.624077E-06	
1350	-6.823209E-08	-1.630236E-06	
1351	-3.418791E-08	-1.633965E-06	
1352	-4.135223E-13	-1.635213E-06	
1353	3.418708E-08	-1.633965E-06	
1354	6.823127E-08	-1.630236E-06	
1355	1.019897E-07	-1.624077E-06	
1356	1.353218E-07	-1.615569E-06	
1357	1.680901E-07	-1.604826E-06	
1358	2.001613E-07	-1.591995E-06	
1359	2.314081E-07	-1.577256E-06	
1360	2.617113E-07	-1.560818E-06	
1361	2.909608E-07	-1.542923E-06	
1362	3.190586E-07	-1.523838E-06	
1363	3.459196E-07	-1.503855E-06	
1364	3.714739E-07	-1.483289E-06	
1365	3.956675E-07	-1.462474E-06	
1366	4.184635E-07	-1.441758E-06	
1367	4.398423E-07	-1.421499E-06	
1368	4.598020E-07	-1.402063E-06	
1369	4.783581E-07	-1.383821E-06	
1370	4.955434E-07	-1.367146E-06	
1371	5.114085E-07	-1.352409E-06	
1372	5.260220E-07	-1.339980E-06	
1373	5.394718E-07	-1.330229E-06	
1374	5.518669E-07	-1.323519E-06	
1375	5.633405E-07	-1.320213E-06	
1376	5.740533E-07	-1.320665E-06	
1377	5.841983E-07	-1.325223E-06	
1378	-5.903345E-07	-1.357282E-06	
1379	-5.807682E-07	-1.354116E-06	
1380	-5.705825E-07	-1.355361E-06	
1381	-5.595816E-07	-1.360616E-06	
1382	-5.476020E-07	-1.369482E-06	
1383	-5.345079E-07	-1.381556E-06	
1384	-5.201869E-07	-1.396437E-06	
1385	-5.045467E-07	-1.413727E-06	
1386	-4.875139E-07	-1.433024E-06	
1387	-4.690328E-07	-1.453926E-06	
1388	-4.490656E-07	-1.476034E-06	
1389	-4.275925E-07	-1.498948E-06	
1390	-4.046124E-07	-1.522274E-06	
1391	-3.801434E-07	-1.545626E-06	
1392	-3.542231E-07	-1.568627E-06	
1393	-3.269077E-07	-1.590919E-06	
1394	-2.982719E-07	-1.612163E-06	
1395	-2.684066E-07	-1.632044E-06	
1396	-2.374177E-07	-1.650273E-06	
1397	-2.054237E-07	-1.666595E-06	
1398	-1.725531E-07	-1.680786E-06	
1399	-1.389424E-07	-1.692654E-06	
1400	-1.047342E-07	-1.702046E-06	
1401	-7.007473E-08	-1.708840E-06	
1402	-3.511327E-08	-1.712951E-06	
1403	-4.426904E-13	-1.714327E-06	
1404	3.511239E-08	-1.712951E-06	
1405	7.007385E-08	-1.708840E-06	
1406	1.047333E-07	-1.702046E-06	
1407	1.389416E-07	-1.692654E-06	
1408	1.725522E-07	-1.680786E-06	
1409	2.054228E-07	-1.666595E-06	
1410	2.374169E-07	-1.650273E-06	
1411	2.684058E-07	-1.632043E-06	
1412	2.982711E-07	-1.612163E-06	
1413	3.269069E-07	-1.590919E-06	
1414	3.542223E-07	-1.568627E-06	
1415	3.801427E-07	-1.545625E-06	
1416	4.046116E-07	-1.522274E-06	
1417	4.275917E-07	-1.498948E-06	
1418	4.490649E-07	-1.476034E-06	
1419	4.690321E-07	-1.453926E-06	
1420	4.875131E-07	-1.433023E-06	
1421	5.045459E-07	-1.413726E-06	
1422	5.201861E-07	-1.396437E-06	
1423	5.345072E-07	-1.381555E-06	
1424	5.476012E-07	-1.369481E-06	
1425	5.595808E-07	-1.360616E-06	
1426	5.705817E-07	-1.355360E-06	
1427	5.807673E-07	-1.354115E-06	
1428	5.903337E-07	-1.357281E-06	
1429	-5.951667E-07	-1.387248E-06	
1430	-5.862235E-07	-1.385648E-06	
1431	-5.766047E-07	-1.388766E-06	
1432	-5.661145E-07	-1.396148E-06	
1433	-5.545900E-07	-1.407347E-06	
1434	-5.418943E-07	-1.421922E-06	
1435	-5.279125E-07	-1.439438E-06	
1436	-5.125487E-07	-1.459464E-06	
1437	-4.957239E-07	-1.481570E-06	
1438	-4.773766E-07	-1.505325E-06	
1439	-4.574625E-07	-1.530299E-06	
1440	-4.359565E-07	-1.556064E-06	
1441	-4.128531E-07	-1.582195E-06	
1442	-3.881680E-07	-1.608275E-06	
1443	-3.619388E-07	-1.633898E-06	
1444	-3.342239E-07	-1.658675E-06	
1445	-3.051027E-07	-1.682242E-06	
1446	-2.746730E-07	-1.704256E-06	
1447	-2.430488E-07	-1.724411E-06	
1448	-2.103581E-07	-1.742432E-06	
1449	-1.767393E-07	-1.758079E-06	
1450	-1.423387E-07	-1.771153E-06	
1451	-1.073083E-07	-1.781488E-06	
1452	-7.180337E-08	-1.788960E-06	
1453	-3.598131E-08	-1.793478E-06	
1454	-4.727223E-13	-1.794990E-06	
1455	3.598037E-08	-1.793478E-06	
1456	7.180243E-08	-1.788960E-06	
1457	1.073073E-07	-1.781488E-06	
1458	1.423378E-07	-1.771153E-06	
1459	1.767383E-07	-1.758079E-06	
1460	2.103572E-07	-1.742432E-06	
1461	2.430480E-07	-1.724411E-06	
1462	2.746721E-07	-1.704256E-06	
1463	3.051019E-07	-1.682241E-06	
1464	3.342231E-07	-1.658675E-06	
1465	3.619379E-07	-1.633898E-06	
1466	3.881672E-07	-1.608275E-06	
1467	4.128522E-07	-1.582195E-06	
1468	4.359557E-07	-1.556064E-06	
1469	4.574617E-07	-1.530299E-06	
1470	4.773758E-07	-1.505324E-06	
1471	4.957231E-07	-1.481569E-06	
1472	5.125478E-07	-1.459464E-06	
1473	5.279117E-07	-1.439437E-06	
1474	5.418934E-07	-1.421921E-06	
1475	5.545891E-07	-1.407346E-06	
1476	5.661137E-07	-1.396147E-06	
1477	5.766038E-07	-1.388765E-06	
1478	5.862226E-07	-1.385647E-06	
1479	5.951659E-07	-1.387247E-06	
1480	-5.985099E-07	-1.414964E-06	
1481	-5.902344E-07	-1.415130E-06	
1482	-5.812227E-07	-1.420317E-06	
1483	-5.712834E-07	-1.430017E-06	
1484	-5.602569E-07	-1.443738E-06	
1485	-5.480076E-07	-1.461002E-06	
1486	-5.344194E-07	-1.481341E-06	
1487	-5.193922E-07	-1.504295E-06	
1488	-5.028411E-07	-1.529405E-06	
1489	-4.846971E-07	-1.556212E-06	
1490	-4.649080E-07	-1.584257E-06	
1491	-4.434412E-07	-1.613080E-06	
1492	-4.202855E-07	-1.642223E-06	
1493	-3.954530E-07	-1.671235E-06	
1494	-3.689803E-07	-1.699676E-06	
1495	-3.409283E-07	-1.727127E-06	
1496	-3.113813E-07	-1.753189E-06	
1497	-2.804445E-07	-1.777496E-06	
1498	-2.482418E-07	-1.799716E-06	
1499	-2.149113E-07	-1.819555E-06	
1500	-1.806025E-07	-1.836759E-06	
1501	-1.454724E-07	-1.851117E-06	
1502	-1.096826E-07	-1.862458E-06	
1503	-7.339732E-08	-1.870650E-06	
1504	-3.678152E-08	-1.875602E-06	
1505	-5.037367E-13	-1.877258E-06	
1506	3.678051E-08	-1.875602E-06	
1507	7.339632E-08	-1.870650E-06	
1508	1.096817E-07	-1.862458E-06	
1509	1.454714E-07	-1.851117E-06	
1510	1.806016E-07	-1.836759E-06	
1511	2.149104E-07	-1.819555E-06	
1512	2.482408E-07	-1.799716E-06	
1513	2.804436E-07	-1.777496E-06	
1514	3.113803E-07	-1.753189E-06	
1515	3.409274E-07	-1.727126E-06	
1516	3.689795E-07	-1.699676E-06	
1517	3.954522E-07	-1.671234E-06	
1518	4.202846E-07	-1.642223E-06	
1519	4.434403E-07	-1.613080E-06	
1520	4.649071E-07	-1.584257E-06	
1521	4.846962E-07	-1.556212E-06	
1522	5.028403E-07	-1.529404E-06	
1523	5.193913E-07	-1.504294E-06	
1524	5.344185E-07	-1.481340E-06	
1525	5.480068E-07	-1.461001E-06	
1526	5.602560E-07	-1.443737E-06	
1527	5.712825E-07	-1.430016E-06	
1528	5.812218E-07	-1.420316E-06	
1529	5.902335E-07	-1.415129E-06	
1530	5.985089E-07	-1.414963E-06	
1531	-6.001475E-07	-1.440269E-06	
1532	-5.925839E-07	-1.442428E-06	
1533	-5.842197E-07	-1.449901E-06	
1534	-5.748732E-07	-1.462126E-06	
1535	-5.643917E-07	-1.478567E-06	
1536	-5.526433E-07	-1.498713E-06	
1537	-5.395114E-07	-1.522069E-06	
1538	-5.248918E-07	-1.548147E-06	
1539	-5.086923E-07	-1.576463E-06	
1540	-4.908342E-07	-1.606531E-06	
1541	-4.712552E-07	-1.637861E-06	
1542	-4.499129E-07	-1.669960E-06	
1543	-4.267881E-07	-1.702335E-06	
1544	-4.018877E-07	-1.734497E-06	
1545	-3.752467E-07	-1.765969E-06	
1546	-3.469281E-07	-1.796293E-06	
1547	-3.170219E-07	-1.825036E-06	
1548	-2.856426E-07	-1.851802E-06	
1549	-2.529247E-07	-1.876233E-06	
1550	-2.190187E-07	-1.898015E-06	
1551	-1.840864E-07	-1.916879E-06	
1552	-1.482964E-07	-1.932603E-06	
1553	-1.118205E-07	-1.945009E-06	
1554	-7.483135E-08	-1.953964E-06	
1555	-3.750105E-08	-1.959374E-06	
1556	-5.355700E-13	-1.961183E-06	
1557	3.749998E-08	-1.959374E-06	
1558	7.483029E-08	-1.953964E-06	
1559	1.118194E-07	-1.945009E-06	
1560	1.482954E-07	-1.932603E-06	
1561	1.840854E-07	-1.916879E-06	
1562	2.190177E-07	-1.898015E-06	
1563	2.529237E-07	-1.876233E-06	
1564	2.856416E-07	-1.851802E-06	
1565	3.170210E-07	-1.825036E-06	
1566	3.469271E-07	-1.796292E-06	
1567	3.752457E-07	-1.765969E-06	
1568	4.018868E-07	-1.734497E-06	
1569	4.267872E-07	-1.702335E-06	
1570	4.499120E-07	-1.669960E-06	
1571	4.712543E-07	-1.637861E-06	
1572	4.908333E-07	-1.606531E-06	
1573	5.086914E-07	-1.576463E-06	
1574	5.248909E-07	-1.548147E-06	
1575	5.395105E-07	-1.522068E-06	
1576	5.526424E-07	-1.498712E-06	
1577	5.643907E-07	-1.478566E-06	
1578	5.748722E-07	-1.462125E-06	
1579	5.842187E-07	-1.449900E-06	
1580	5.925829E-07	-1.442427E-06	
1581	6.001465E-07	-1.440268E-06	
1582	-5.998313E-07	-1.463009E-06	
1583	-5.930219E-07	-1.467417E-06	
1584	-5.853451E-07	-1.477410E-06	
1585	-5.766347E-07	-1.492376E-06	
1586	-5.667495E-07	-1.511742E-06	
1587	-5.555638E-07	-1.534969E-06	
1588	-5.429614E-07	-1.561537E-06	
1589	-5.288331E-07	-1.590939E-06	
1590	-5.130774E-07	-1.622668E-06	
1591	-4.956036E-07	-1.656213E-06	
1592	-4.763358E-07	-1.691053E-06	
1593	-4.552185E-07	-1.726661E-06	
1594	-4.322219E-07	-1.762504E-06	
1595	-4.073456E-07	-1.798051E-06	
1596	-3.806220E-07	-1.832781E-06	
1597	-3.521165E-07	-1.866194E-06	
1598	-3.219260E-07	-1.897817E-06	
1599	-2.901755E-07	-1.927220E-06	
1600	-2.570131E-07	-1.954015E-06	
1601	-2.226037E-07	-1.977868E-06	
1602	-1.871235E-07	-1.998495E-06	
1603	-1.507538E-07	-2.015665E-06	
1604	-1.136773E-07	-2.029196E-06	
1605	-7.607489E-08	-2.038954E-06	
1606	-3.812433E-08	-2.044845E-06	
1607	-5.679890E-13	-2.046815E-06	
1608	3.812319E-08	-2.044845E-06	
1609	7.607377E-08	-2.038954E-06	
1610	1.136762E-07	-2.029197E-06	
1611	1.507527E-07	-2.015665E-06	
1612	1.871224E-07	-1.998495E-06	
1613	2.226027E-07	-1.977868E-06	
1614	2.570120E-07	-1.954015E-06	
1615	2.901745E-07	-1.927220E-06	
1616	3.219250E-07	-1.897817E-06	
1617	3.521155E-07	-1.866193E-06	
1618	3.806211E-07	-1.832781E-06	
1619	4.073446E-07	-1.798051E-06	
1620	4.322209E-07	-1.762503E-06	
1621	4.552176E-07	-1.726660E-06	
1622	4.763348E-07	-1.691052E-06	
1623	4.956027E-07	-1.656212E-06	
1624	5.130765E-07	-1.622668E-06	
1625	5.288321E-07	-1.590939E-06	
1626	5.429604E-07	-1.561537E-06	
1627	5.555628E-07	-1.534968E-06	
1628	5.667485E-07	-1.511741E-06	
1629	5.766337E-07	-1.492374E-06	
1630	5.853441E-07	-1.477409E-06	
1631	5.930209E-07	-1.467415E-06	
1632	5.998303E-07	-1.463008E-06	
1633	-5.972795E-07	-1.483038E-06	
1634	-5.912636E-07	-1.489976E-06	
1635	-5.843124E-07	-1.502740E-06	
1636	-5.762828E-07	-1.520673E-06	
1637	-5.670500E-07	-1.543171E-06	
1638	-5.564972E-07	-1.569675E-06	
1639	-5.445092E-07	-1.599651E-06	
1640	-5.309708E-07	-1.632577E-06	
1641	-5.157686E-07	-1.667929E-06	
1642	-4.987958E-07	-1.705173E-06	
1643	-4.799588E-07	-1.743760E-06	
1644	-4.591851E-07	-1.783124E-06	
1645	-4.364303E-07	-1.822690E-06	
1646	-4.116844E-07	-1.861878E-06	
1647	-3.849759E-07	-1.900115E-06	
1648	-3.563727E-07	-1.936851E-06	
1649	-3.259804E-07	-1.971568E-06	
1650	-2.939374E-07	-2.003796E-06	
1651	-2.604084E-07	-2.033116E-06	
1652	-2.255761E-07	-2.059171E-06	
1653	-1.896335E-07	-2.081664E-06	
1654	-1.527768E-07	-2.100358E-06	
1655	-1.151998E-07	-2.115070E-06	
1656	-7.709104E-08	-2.125667E-06	
1657	-3.863248E-08	-2.132059E-06	
1658	-6.008851E-13	-2.134195E-06	
1659	3.863128E-08	-2.132059E-06	
1660	7.708984E-08	-2.125667E-06	
1661	1.151986E-07	-2.115070E-06	
1662	1.527756E-07	-2.100358E-06	
1663	1.896323E-07	-2.081664E-06	
1664	2.255749E-07	-2.059171E-06	
1665	2.604073E-07	-2.033116E-06	
1666	2.939363E-07	-2.003796E-06	
1667	3.259793E-07	-1.971568E-06	
1668	3.563716E-07	-1.936850E-06	
1669	3.849748E-07	-1.900115E-06	
1670	4.116833E-07	-1.861877E-06	
1671	4.364293E-07	-1.822690E-06	
1672	4.591841E-07	-1.783124E-06	
1673	4.799578E-07	-1.743759E-06	
1674	4.987948E-07	-1.705173E-06	
1675	5.157676E-07	-1.667928E-06	
1676	5.309698E-07	-1.632576E-06	
1677	5.445082E-07	-1.599650E-06	
1678	5.564962E-07	-1.569674E-06	
1679	5.670490E-07	-1.543170E-06	
1680	5.762817E-07	-1.520671E-06	
1681	5.843114E-07	-1.502739E-06	
1682	5.912625E-07	-1.489974E-06	
1683	5.972784E-07	-1.483037E-06	
1684	-5.921764E-07	-1.500224E-06	
1685	-5.869885E-07	-1.510000E-06	
1686	-5.807986E-07	-1.525799E-06	
1687	-5.734952E-07	-1.546926E-06	
1688	-5.649758E-07	-1.572760E-06	
1689	-5.551355E-07	-1.602732E-06	
1690	-5.438605E-07	-1.636305E-06	
1691	-5.310278E-07	-1.672951E-06	
1692	-5.165084E-07	-1.712137E-06	
1693	-5.001748E-07	-1.753311E-06	
1694	-4.819102E-07	-1.795894E-06	
1695	-4.616194E-07	-1.839281E-06	
1696	-4.392387E-07	-1.882847E-06	
1697	-4.147452E-07	-1.925954E-06	
1698	-3.881621E-07	-1.967970E-06	
1699	-3.595604E-07	-2.008286E-06	
1700	-3.290567E-07	-2.046330E-06	
1701	-2.968067E-07	-2.081584E-06	
1702	-2.629961E-07	-2.113596E-06	
1703	-2.278298E-07	-2.141986E-06	
1704	-1.915215E-07	-2.166445E-06	
1705	-1.542842E-07	-2.186734E-06	
1706	-1.163238E-07	-2.202675E-06	
1707	-7.783540E-08	-2.214141E-06	
1708	-3.900280E-08	-2.221051E-06	
1709	-6.340718E-13	-2.223359E-06	
1710	3.900153E-08	-2.221051E-06	
1711	7.783415E-08	-2.214141E-06	
1712	1.163226E-07	-2.202675E-06	
1713	1.542830E-07	-2.186734E-06	
1714	1.915203E-07	-2.166445E-06	
1715	2.278286E-07	-2.141986E-06	
1716	2.629949E-07	-2.113596E-06	
1717	2.968055E-07	-2.081584E-06	
1718	3.290556E-07	-2.046330E-06	
1719	3.595593E-07	-2.008286E-06	
1720	3.881610E-07	-1.967970E-06	
1721	4.147442E-07	-1.925953E-06	
1722	4.392376E-07	-1.882846E-06	
1723	4.616183E-07	-1.839281E-06	
1724	4.819092E-07	-1.795893E-06	
1725	5.001737E-07	-1.753310E-06	
1726	5.165073E-07	-1.712137E-06	
1727	5.310267E-07	-1.672950E-06	
1728	5.438594E-07	-1.636304E-06	
1729	5.551344E-07	-1.602731E-06	
1730	5.649747E-07	-1.572759E-06	
1731	5.734940E-07	-1.546925E-06	
1732	5.807974E-07	-1.525798E-06	
1733	5.869873E-07	-1.509999E-06	
1734	5.921752E-07	-1.500223E-06	
1735	-5.841729E-07	-1.514459E-06	
1736	-5.798404E-07	-1.527404E-06	
1737	-5.744433E-07	-1.546509E-06	
1738	-5.679116E-07	-1.571054E-06	
1739	-5.601718E-07	-1.600416E-06	
1740	-5.511336E-07	-1.634032E-06	
1741	-5.406852E-07	-1.671378E-06	
1742	-5.286932E-07	-1.711933E-06	
1743	-5.150086E-07	-1.755163E-06	
1744	-4.994771E-07	-1.800502E-06	
1745	-4.819516E-07	-1.847344E-06	
1746	-4.623069E-07	-1.895042E-06	
1747	-4.404541E-07	-1.942910E-06	
1748	-4.163529E-07	-1.990247E-06	
1749	-3.900191E-07	-2.036346E-06	
1750	-3.615278E-07	-2.080526E-06	
1751	-3.310101E-07	-2.122149E-06	
1752	-2.986444E-07	-2.160644E-06	
1753	-2.646436E-07	-2.195522E-06	
1754	-2.292409E-07	-2.226379E-06	
1755	-1.926754E-07	-2.252898E-06	
1756	-1.551799E-07	-2.274844E-06	
1757	-1.169729E-07	-2.292051E-06	
1758	-7.825487E-08	-2.304407E-06	
1759	-3.920804E-08	-2.311845E-06	
1760	-6.670444E-13	-2.314327E-06	
1761	3.920671E-08	-2.311845E-06	
1762	7.825355E-08	-2.304407E-06	
1763	1.169716E-07	-2.292051E-06	
1764	1.551786E-07	-2.274844E-06	
1765	1.926741E-07	-2.252898E-06	
1766	2.292397E-07	-2.226379E-06	
1767	2.646424E-07	-2.195522E-06	
1768	2.986432E-07	-2.160645E-06	
1769	3.310090E-07	-2.122149E-06	
1770	3.615267E-07	-2.080526E-06	
1771	3.900180E-07	-2.036346E-06	
1772	4.163518E-07	-1.990247E-06	
1773	4.404530E-07	-1.942910E-06	
1774	4.623057E-07	-1.895041E-06	
1775	4.819504E-07	-1.847344E-06	
1776	4.994760E-07	-1.800502E-06	
1777	5.150075E-07	-1.755162E-06	
1778	5.286920E-07	-1.711932E-06	
1779	5.406840E-07	-1.671377E-06	
1780	5.511324E-07	-1.634031E-06	
1781	5.601706E-07	-1.600414E-06	
1782	5.679104E-07	-1.571053E-06	
1783	5.744420E-07	-1.546507E-06	
1784	5.798391E-07	-1.527403E-06	
1785	5.841716E-07	-1.514457E-06	
1786	-5.728885E-07	-1.525663E-06	
1787	-5.694294E-07	-1.542127E-06	
1788	-5.648505E-07	-1.564807E-06	
1789	-5.591351E-07	-1.592982E-06	
1790	-5.522453E-07	-1.626044E-06	
1791	-5.441092E-07	-1.663461E-06	
1792	-5.346168E-07	-1.704736E-06	
1793	-5.236214E-07	-1.749374E-06	
1794	-5.109488E-07	-1.796850E-06	
1795	-4.964101E-07	-1.846595E-06	
1796	-4.798189E-07	-1.897975E-06	
1797	-4.610112E-07	-1.950295E-06	
1798	-4.398645E-07	-2.002804E-06	
1799	-4.163149E-07	-2.054718E-06	
1800	-3.903687E-07	-2.105241E-06	
1801	-3.621062E-07	-2.153602E-06	
1802	-3.316778E-07	-2.199083E-06	
1803	-2.992920E-07	-2.241052E-06	
1804	-2.651977E-07	-2.278973E-06	
1805	-2.296645E-07	-2.312423E-06	
1806	-1.929630E-07	-2.341084E-06	
1807	-1.553497E-07	-2.364734E-06	
1808	-1.170563E-07	-2.383228E-06	
1809	-7.828623E-08	-2.396480E-06	
1810	-3.921578E-08	-2.404446E-06	
1811	-6.994251E-13	-2.407103E-06	
1812	3.921438E-08	-2.404446E-06	
1813	7.828484E-08	-2.396480E-06	
1814	1.170549E-07	-2.383228E-06	
1815	1.553483E-07	-2.364734E-06	
1816	1.929617E-07	-2.341084E-06	
1817	2.296632E-07	-2.312423E-06	
1818	2.651964E-07	-2.278973E-06	
1819	2.992907E-07	-2.241052E-06	
1820	3.316766E-07	-2.199083E-06	
1821	3.621050E-07	-2.153602E-06	
1822	3.903675E-07	-2.105241E-06	
1823	4.163137E-07	-2.054718E-06	
1824	4.398633E-07	-2.002804E-06	
1825	4.610100E-07	-1.950294E-06	
1826	4.798177E-07	-1.897975E-06	
1827	4.964089E-07	-1.846594E-06	
1828	5.109476E-07	-1.796850E-06	
1829	5.236202E-07	-1.749373E-06	
1830	5.346155E-07	-1.704735E-06	
1831	5.441080E-07	-1.663460E-06	
1832	5.522440E-07	-1.626043E-06	
1833	5.591338E-07	-1.592980E-06	
1834	5.648492E-07	-1.564806E-06	
1835	5.694280E-07	-1.542126E-06	
1836	5.728872E-07	-1.525662E-06	
1837	-5.579162E-07	-1.533802E-06	
1838	-5.553356E-07	-1.554143E-06	
1839	-5.515922E-07	-1.580658E-06	
1840	-5.467347E-07	-1.612649E-06	
1841	-5.407685E-07	-1.649553E-06	
1842	-5.336438E-07	-1.690893E-06	
1843	-5.252522E-07	-1.736225E-06	
1844	-5.154309E-07	-1.785097E-06	
1845	-5.039740E-07	-1.837012E-06	
1846	-4.906493E-07	-1.891404E-06	
1847	-4.752203E-07	-1.947617E-06	
1848	-4.574719E-07	-2.004903E-06	
1849	-4.372372E-07	-2.062432E-06	
1850	-4.144208E-07	-2.119318E-06	
1851	-3.890155E-07	-2.174653E-06	
1852	-3.611086E-07	-2.227554E-06	
1853	-3.308768E-07	-2.277206E-06	
1854	-2.985688E-07	-2.322895E-06	
1855	-2.644813E-07	-2.364042E-06	
1856	-2.289313E-07	-2.400202E-06	
1857	-1.922292E-07	-2.431068E-06	
1858	-1.546592E-07	-2.456444E-06	
1859	-1.164668E-07	-2.476222E-06	
1860	-7.785494E-08	-2.490358E-06	
1861	-3.898780E-08	-2.498838E-06	
1862	-7.302624E-13	-2.501664E-06	
1863	3.898634E-08	-2.498838E-06	
1864	7.785350E-08	-2.490358E-06	
1865	1.164654E-07	-2.476222E-06	
1866	1.546578E-07	-2.456444E-06	
1867	1.922278E-07	-2.431068E-06	
1868	2.289299E-07	-2.400203E-06	
1869	2.644800E-07	-2.364042E-06	
1870	2.985675E-07	-2.322895E-06	
1871	3.308755E-07	-2.277206E-06	
1872	3.611074E-07	-2.227554E-06	
1873	3.890142E-07	-2.174653E-06	
1874	4.144196E-07	-2.119317E-06	
1875	4.372360E-07	-2.062431E-06	
1876	4.574706E-07	-2.004902E-06	
1877	4.752190E-07	-1.947616E-06	
1878	4.906480E-07	-1.891404E-06	
1879	5.039727E-07	-1.837012E-06	
1880	5.154295E-07	-1.785096E-06	
1881	5.252508E-07	-1.736224E-06	
1882	5.336425E-07	-1.690892E-06	
1883	5.407672E-07	-1.649552E-06	
1884	5.467333E-07	-1.612647E-06	
1885	5.515908E-07	-1.580657E-06	
1886	5.553342E-07	-1.554142E-06	
1887	5.579147E-07	-1.533800E-06	
1888	-5.388300E-07	-1.538894E-06	
1889	-5.371172E-07	-1.563470E-06	
1890	-5.342153E-07	-1.594055E-06	
1891	-5.302518E-07	-1.630010E-06	
1892	-5.252832E-07	-1.670855E-06	
1893	-5.192853E-07	-1.716195E-06	
1894	-5.121521E-07	-1.765670E-06	
1895	-5.037023E-07	-1.818896E-06	
1896	-4.936918E-07	-1.875424E-06	
1897	-4.818350E-07	-1.934704E-06	
1898	-4.678319E-07	-1.996061E-06	
1899	-4.514013E-07	-2.058692E-06	
1900	-4.323169E-07	-2.121671E-06	
1901	-4.104403E-07	-2.183986E-06	
1902	-3.857453E-07	-2.244585E-06	
1903	-3.583285E-07	-2.302441E-06	
1904	-3.284017E-07	-2.356610E-06	
1905	-2.962687E-07	-2.406288E-06	
1906	-2.622900E-07	-2.450840E-06	
1907	-2.268444E-07	-2.489811E-06	
1908	-1.902927E-07	-2.522915E-06	
1909	-1.529517E-07	-2.550005E-06	
1910	-1.150798E-07	-2.571032E-06	
1911	-7.687453E-08	-2.586010E-06	
1912	-3.847986E-08	-2.594975E-06	
1913	-7.587434E-13	-2.597959E-06	
1914	3.847834E-08	-2.594975E-06	
1915	7.687303E-08	-2.586011E-06	
1916	1.150784E-07	-2.571033E-06	
1917	1.529503E-07	-2.550005E-06	
1918	1.902913E-07	-2.522915E-06	
1919	2.268430E-07	-2.489811E-06	
1920	2.622887E-07	-2.450840E-06	
1921	2.962673E-07	-2.406289E-06	
1922	3.284004E-07	-2.356610E-06	
1923	3.583272E-07	-2.302441E-06	
1924	3.857440E-07	-2.244585E-06	
1925	4.104390E-07	-2.183986E-06	
1926	4.323156E-07	-2.121671E-06	
1927	4.514000E-07	-2.058692E-06	
1928	4.678305E-07	-1.996061E-06	
1929	4.818336E-07	-1.934703E-06	
1930	4.936904E-07	-1.875423E-06	
1931	5.037008E-07	-1.818895E-06	
1932	5.121507E-07	-1.765670E-06	
1933	5.192838E-07	-1.716194E-06	
1934	5.252817E-07	-1.670853E-06	
1935	5.302503E-07	-1.630009E-06	
1936	5.342138E-07	-1.594053E-06	
1937	5.371156E-07	-1.563469E-06	
1938	5.388284E-07	-1.538892E-06	
1939	-5.151981E-07	-1.541027E-06	
1940	-5.143220E-07	-1.570178E-06	
1941	-5.122533E-07	-1.605027E-06	
1942	-5.092103E-07	-1.645043E-06	
1943	-5.053083E-07	-1.689867E-06	
1944	-5.005531E-07	-1.739227E-06	
1945	-4.948432E-07	-1.792877E-06	
1946	-4.879770E-07	-1.850533E-06	
1947	-4.796676E-07	-1.911818E-06	
1948	-4.695655E-07	-1.976218E-06	
1949	-4.572913E-07	-2.043050E-06	
1950	-4.424784E-07	-2.111448E-06	
1951	-4.248206E-07	-2.180372E-06	
1952	-4.041198E-07	-2.248650E-06	
1953	-3.803226E-07	-2.315044E-06	
1954	-3.535365E-07	-2.378338E-06	
1955	-3.240214E-07	-2.437423E-06	
1956	-2.921562E-07	-2.491378E-06	
1957	-2.583877E-07	-2.539508E-06	
1958	-2.231758E-07	-2.581359E-06	
1959	-1.869441E-07	-2.616692E-06	
1960	-1.500469E-07	-2.645437E-06	
1961	-1.127531E-07	-2.667633E-06	
1962	-7.524706E-08	-2.683378E-06	
1963	-3.764213E-08	-2.692774E-06	
1964	-7.835263E-13	-2.695897E-06	
1965	3.764057E-08	-2.692774E-06	
1966	7.524551E-08	-2.683378E-06	
1967	1.127515E-07	-2.667634E-06	
1968	1.500454E-07	-2.645437E-06	
1969	1.869427E-07	-2.616693E-06	
1970	2.231743E-07	-2.581360E-06	
1971	2.583863E-07	-2.539509E-06	
1972	2.921548E-07	-2.491378E-06	
1973	3.240201E-07	-2.437423E-06	
1974	3.535351E-07	-2.378338E-06	
1975	3.803212E-07	-2.315044E-06	
1976	4.041185E-07	-2.248650E-06	
1977	4.248192E-07	-2.180372E-06	
1978	4.424770E-07	-2.111448E-06	
1979	4.572899E-07	-2.043049E-06	
1980	4.695640E-07	-1.976217E-06	
1981	4.796661E-07	-1.911817E-06	
1982	4.879755E-07	-1.850532E-06	
1983	4.948416E-07	-1.792876E-06	
1984	5.005515E-07	-1.739226E-06	
1985	5.053067E-07	-1.689865E-06	
1986	5.092087E-07	-1.645042E-06	
1987	5.122516E-07	-1.605025E-06	
1988	5.143204E-07	-1.570176E-06	
1989	5.151965E-07	-1.541025E-06	
1990	-4.866017E-07	-1.540374E-06	
1991	-4.865070E-07	-1.574399E-06	
1992	-4.852442E-07	-1.613647E-06	
1993	-4.831330E-07	-1.657751E-06	
1994	-4.803534E-07	-1.706518E-06	
1995	-4.769470E-07	-1.759843E-06	
1996	-4.728206E-07	-1.817632E-06	
1997	-4.677550E-07	-1.879733E-06	
1998	-4.614179E-07	-1.945877E-06	
1999	-4.533867E-07	-2.015612E-06	
2000	-4.431858E-07	-2.088262E-06	
2001	-4.303380E-07	-2.162898E-06	
2002	-4.144293E-07	-2.238343E-06	
2003	-3.951771E-07	-2.313221E-06	
2004	-3.724860E-07	-2.386048E-06	
2005	-3.464765E-07	-2.455355E-06	
2006	-3.174743E-07	-2.519814E-06	
2007	-2.859614E-07	-2.578355E-06	
2008	-2.525022E-07	-2.630221E-06	
2009	-2.176630E-07	-2.674977E-06	
2010	-1.819450E-07	-2.712467E-06	
2011	-1.457427E-07	-2.742742E-06	
2012	-1.093297E-07	-2.765968E-06	
2013	-7.286619E-08	-2.782359E-06	
2014	-3.642106E-08	-2.792105E-06	
2015	-8.027421E-13	-2.795339E-06	
2016	3.641945E-08	-2.792105E-06	
2017	7.286460E-08	-2.782359E-06	
2018	1.093281E-07	-2.765969E-06	
2019	1.457412E-07	-2.742742E-06	
2020	1.819434E-07	-2.712468E-06	
2021	2.176615E-07	-2.674977E-06	
2022	2.525008E-07	-2.630221E-06	
2023	2.859600E-07	-2.578356E-06	
2024	3.174729E-07	-2.519815E-06	
2025	3.464751E-07	-2.455355E-06	
2026	3.724846E-07	-2.386048E-06	
2027	3.951756E-07	-2.313221E-06	
2028	4.144278E-07	-2.238342E-06	
2029	4.303365E-07	-2.162897E-06	
2030	4.431843E-07	-2.088261E-06	
2031	4.533851E-07	-2.015611E-06	
2032	4.614162E-07	-1.945876E-06	
2033	4.677534E-07	-1.879732E-06	
2034	4.728190E-07	-1.817631E-06	
2035	4.769453E-07	-1.759842E-06	
2036	4.803517E-07	-1.706517E-06	
2037	4.831312E-07	-1.657750E-06	
2038	4.852425E-07	-1.613645E-06	
2039	4.865052E-07	-1.574397E-06	
2040	4.865999E-07	-1.540372E-06	
2041	-4.526607E-07	-1.537206E-06	
2042	-4.532643E-07	-1.576337E-06	
2043	-4.527569E-07	-1.620039E-06	
2044	-4.515651E-07	-1.668170E-06	
2045	-4.499386E-07	-1.720758E-06	
2046	-4.479605E-07	-1.777904E-06	
2047	-4.455547E-07	-1.839708E-06	
2048	-4.424921E-07	-1.906193E-06	
2049	-4.383992E-07	-1.977234E-06	
2050	-4.327761E-07	-2.052483E-06	
2051	-4.250334E-07	-2.131298E-06	
2052	-4.145529E-07	-2.212695E-06	
2053	-4.007736E-07	-2.295337E-06	
2054	-3.832900E-07	-2.377587E-06	
2055	-3.619412E-07	-2.457629E-06	
2056	-3.368598E-07	-2.533646E-06	
2057	-3.084617E-07	-2.604015E-06	
2058	-2.773737E-07	-2.667473E-06	
2059	-2.443209E-07	-2.723198E-06	
2060	-2.100087E-07	-2.770812E-06	
2061	-1.750312E-07	-2.810302E-06	
2062	-1.398221E-07	-2.841895E-06	
2063	-1.046468E-07	-2.865940E-06	
2064	-6.962446E-08	-2.882802E-06	
2065	-3.476359E-08	-2.892786E-06	
2066	-8.140720E-13	-2.896091E-06	
2067	3.476197E-08	-2.892786E-06	
2068	6.962285E-08	-2.882802E-06	
2069	1.046452E-07	-2.865940E-06	
2070	1.398205E-07	-2.841895E-06	
2071	1.750297E-07	-2.810302E-06	
2072	2.100072E-07	-2.770813E-06	
2073	2.443194E-07	-2.723198E-06	
2074	2.773722E-07	-2.667473E-06	
2075	3.084602E-07	-2.604016E-06	
2076	3.368583E-07	-2.533646E-06	
2077	3.619397E-07	-2.457629E-06	
2078	3.832885E-07	-2.377587E-06	
2079	4.007720E-07	-2.295337E-06	
2080	4.145513E-07	-2.212695E-06	
2081	4.250317E-07	-2.131298E-06	
2082	4.327744E-07	-2.052483E-06	
2083	4.383975E-07	-1.977234E-06	
2084	4.424904E-07	-1.906192E-06	
2085	4.455529E-07	-1.839707E-06	
2086	4.479586E-07	-1.777903E-06	
2087	4.499367E-07	-1.720757E-06	
2088	4.515632E-07	-1.668169E-06	
2089	4.527550E-07	-1.620038E-06	
2090	4.532624E-07	-1.576335E-06	
2091	4.526588E-07	-1.537204E-06	
2092	-4.130700E-07	-1.531906E-06	
2093	-4.142575E-07	-1.576276E-06	
2094	-4.144265E-07	-1.624382E-06	
2095	-4.141079E-07	-1.676380E-06	
2096	-4.136222E-07	-1.732565E-06	
2097	-4.131017E-07	-1.793289E-06	
2098	-4.125008E-07	-1.858882E-06	
2099	-4.115981E-07	-1.929587E-06	
2100	-4.099941E-07	-2.005475E-06	
2101	-4.071171E-07	-2.086354E-06	
2102	-4.022514E-07	-2.171666E-06	
2103	-3.946027E-07	-2.260396E-06	
2104	-3.834078E-07	-2.351031E-06	
2105	-3.680794E-07	-2.441601E-06	
2106	-3.483485E-07	-2.529835E-06	
2107	-3.243547E-07	-2.613429E-06	
2108	-2.966391E-07	-2.690345E-06	
2109	-2.660338E-07	-2.759064E-06	
2110	-2.334868E-07	-2.818713E-06	
2111	-1.998841E-07	-2.869034E-06	
2112	-1.659248E-07	-2.910242E-06	
2113	-1.320695E-07	-2.942832E-06	
2114	-9.855246E-08	-2.967398E-06	
2115	-6.542776E-08	-2.984498E-06	
2116	-3.262528E-08	-2.994573E-06	
2117	-8.140811E-13	-2.997901E-06	
2118	3.262365E-08	-2.994574E-06	
2119	6.542614E-08	-2.984498E-06	
2120	9.855085E-08	-2.967398E-06	
2121	1.320679E-07	-2.942833E-06	
2122	1.659232E-07	-2.910243E-06	
2123	1.998826E-07	-2.869035E-06	
2124	2.334853E-07	-2.818713E-06	
2125	2.660323E-07	-2.759064E-06	
2126	2.966376E-07	-2.690345E-06	
2127	3.243532E-07	-2.613429E-06	
2128	3.483470E-07	-2.529835E-06	
2129	3.680778E-07	-2.441600E-06	
2130	3.834062E-07	-2.351031E-06	
2131	3.946010E-07	-2.260395E-06	
2132	4.022497E-07	-2.171665E-06	
2133	4.071153E-07	-2.086353E-06	
2134	4.099922E-07	-2.005474E-06	
2135	4.115962E-07	-1.929586E-06	
2136	4.124989E-07	-1.858881E-06	
2137	4.130997E-07	-1.793288E-06	
2138	4.136202E-07	-1.732564E-06	
2139	4.141059E-07	-1.676378E-06	
2140	4.144244E-07	-1.624380E-06	
2141	4.142555E-07	-1.576274E-06	
2142	4.130679E-07	-1.531904E-06	
2143	-3.676429E-07	-1.524975E-06	
2144	-3.692683E-07	-1.574576E-06	
2145	-3.700014E-07	-1.626915E-06	
2146	-3.704635E-07	-1.682509E-06	
2147	-3.710414E-07	-1.741967E-06	
2148	-3.719245E-07	-1.805918E-06	
2149	-3.731184E-07	-1.874959E-06	
2150	-3.744387E-07	-1.949594E-06	
2151	-3.754929E-07	-2.030149E-06	
2152	-3.756624E-07	-2.116666E-06	
2153	-3.741073E-07	-2.208750E-06	
2154	-3.698216E-07	-2.305418E-06	
2155	-3.617658E-07	-2.404984E-06	
2156	-3.490768E-07	-2.505055E-06	
2157	-3.313027E-07	-2.602736E-06	
2158	-3.085720E-07	-2.695011E-06	
2159	-2.816018E-07	-2.779242E-06	
2160	-2.515238E-07	-2.853570E-06	
2161	-2.195989E-07	-2.917101E-06	
2162	-1.869426E-07	-2.969816E-06	
2163	-1.543592E-07	-3.012300E-06	
2164	-1.223040E-07	-3.045432E-06	
2165	-9.093871E-08	-3.070127E-06	
2166	-6.022039E-08	-3.087176E-06	
2167	-2.998380E-08	-3.097169E-06	
2168	-7.976600E-13	-3.100460E-06	
2169	2.998221E-08	-3.097169E-06	
2170	6.021879E-08	-3.087177E-06	
2171	9.093711E-08	-3.070128E-06	
2172	1.223024E-07	-3.045433E-06	
2173	1.543576E-07	-3.012301E-06	
2174	1.869411E-07	-2.969817E-06	
2175	2.195973E-07	-2.917102E-06	
2176	2.515223E-07	-2.853570E-06	
2177	2.816003E-07	-2.779242E-06	
2178	3.085705E-07	-2.695012E-06	
2179	3.313011E-07	-2.602736E-06	
2180	3.490751E-07	-2.505055E-06	
2181	3.617641E-07	-2.404983E-06	
2182	3.698197E-07	-2.305418E-06	
2183	3.741054E-07	-2.208749E-06	
2184	3.756605E-07	-2.116665E-06	
2185	3.754909E-07	-2.030148E-06	
2186	3.744367E-07	-1.949593E-06	
2187	3.731163E-07	-1.874958E-06	
2188	3.719224E-07	-1.805917E-06	
2189	3.710393E-07	-1.741965E-06	
2190	3.704613E-07	-1.682508E-06	
2191	3.699992E-07	-1.626913E-06	
2192	3.692661E-07	-1.574574E-06	
2193	3.676407E-07	-1.524973E-06	
2194	-3.163655E-07	-1.517026E-06	
2195	-3.182529E-07	-1.571672E-06	
2196	-3.194011E-07	-1.627935E-06	
2197	-3.204916E-07	-1.686749E-06	
2198	-3.219651E-07	-1.749057E-06	
2199	-3.240750E-07	-1.815783E-06	
2200	-3.269038E-07	-1.887809E-06	
2201	-3.303476E-07	-1.965935E-06	
2202	-3.340772E-07	-2.050808E-06	
2203	-3.374851E-07	-2.142797E-06	
2204	-3.396419E-07	-2.241801E-06	
2205	-3.393107E-07	-2.346994E-06	
2206	-3.350827E-07	-2.456573E-06	
2207	-3.256689E-07	-2.567642E-06	
2208	-3.102976E-07	-2.676421E-06	
2209	-2.890393E-07	-2.778829E-06	
2210	-2.628648E-07	-2.871317E-06	
2211	-2.333562E-07	-2.951568E-06	
2212	-2.022204E-07	-3.018756E-06	
2213	-1.708536E-07	-3.073313E-06	
2214	-1.401332E-07	-3.116418E-06	
2215	-1.104389E-07	-3.149488E-06	
2216	-8.179494E-08	-3.173837E-06	
2217	-5.402436E-08	-3.190507E-06	
2218	-2.685934E-08	-3.200227E-06	
2219	-7.586403E-13	-3.203421E-06	
2220	2.685782E-08	-3.200227E-06	
2221	5.402282E-08	-3.190508E-06	
2222	8.179340E-08	-3.173838E-06	
2223	1.104373E-07	-3.149489E-06	
2224	1.401316E-07	-3.116418E-06	
2225	1.708520E-07	-3.073314E-06	
2226	2.022189E-07	-3.018757E-06	
2227	2.333547E-07	-2.951569E-06	
2228	2.628632E-07	-2.871318E-06	
2229	2.890376E-07	-2.778829E-06	
2230	3.102959E-07	-2.676421E-06	
2231	3.256671E-07	-2.567642E-06	
2232	3.350808E-07	-2.456572E-06	
2233	3.393087E-07	-2.346993E-06	
2234	3.396399E-07	-2.241800E-06	
2235	3.374829E-07	-2.142796E-06	
2236	3.340750E-07	-2.050807E-06	
2237	3.303453E-07	-1.965934E-06	
2238	3.269015E-07	-1.887808E-06	
2239	3.240727E-07	-1.815781E-06	
2240	3.219627E-07	-1.749055E-06	
2241	3.204892E-07	-1.686747E-06	
2242	3.193987E-07	-1.627934E-06	
2243	3.182505E-07	-1.571670E-06	
2244	3.163631E-07	-1.517024E-06	
2245	-2.594551E-07	-1.508764E-06	
2246	-2.614055E-07	-1.568056E-06	
2247	-2.627825E-07	-1.627796E-06	
2248	-2.642773E-07	-1.689359E-06	
2249	-2.663621E-07	-1.754020E-06	
2250	-2.693572E-07	-1.822988E-06	
2251	-2.734481E-07	-1.897425E-06	
2252	-2.786634E-07	-1.978446E-06	
2253	-2.848187E-07	-2.067069E-06	
2254	-2.914227E-07	-2.164104E-06	
2255	-2.975570E-07	-2.269925E-06	
2256	-3.017915E-07	-2.384100E-06	
2257	-3.022516E-07	-2.504889E-06	
2258	-2.969940E-07	-2.628862E-06	
2259	-2.846625E-07	-2.750986E-06	
2260	-2.651600E-07	-2.865508E-06	
2261	-2.398295E-07	-2.967432E-06	
2262	-2.109635E-07	-3.053807E-06	
2263	-1.809117E-07	-3.124099E-06	
2264	-1.513795E-07	-3.179594E-06	
2265	-1.232133E-07	-3.222408E-06	
2266	-9.658362E-08	-3.254680E-06	
2267	-7.128980E-08	-3.278162E-06	
2268	-4.699363E-08	-3.294123E-06	
2269	-2.334109E-08	-3.303393E-06	
2270	-6.883323E-13	-3.306434E-06	
2271	2.333971E-08	-3.303393E-06	
2272	4.699222E-08	-3.294124E-06	
2273	7.128835E-08	-3.278162E-06	
2274	9.658213E-08	-3.254681E-06	
2275	1.232117E-07	-3.222409E-06	
2276	1.513780E-07	-3.179595E-06	
2277	1.809101E-07	-3.124100E-06	
2278	2.109619E-07	-3.053808E-06	
2279	2.398279E-07	-2.967433E-06	
2280	2.651583E-07	-2.865508E-06	
2281	2.846607E-07	-2.750986E-06	
2282	2.969920E-07	-2.628862E-06	
2283	3.022495E-07	-2.504889E-06	
2284	3.017894E-07	-2.384099E-06	
2285	2.975547E-07	-2.269925E-06	
2286	2.914204E-07	-2.164103E-06	
2287	2.848163E-07	-2.067068E-06	
2288	2.786609E-07	-1.978445E-06	
2289	2.734456E-07	-1.897424E-06	
2290	2.693547E-07	-1.822986E-06	
2291	2.663596E-07	-1.754019E-06	
2292	2.642748E-07	-1.689357E-06	
2293	2.627800E-07	-1.627795E-06	
2294	2.614030E-07	-1.568054E-06	
2295	2.594526E-07	-1.508762E-06	
2296	-1.974185E-07	-1.500945E-06	
2297	-1.992235E-07	-1.564242E-06	
2298	-2.006093E-07	-1.626889E-06	
2299	-2.022055E-07	-1.690673E-06	
2300	-2.044834E-07	-1.757155E-06	
2301	-2.078240E-07	-1.827789E-06	
2302	-2.125320E-07	-1.903990E-06	
2303	-2.188151E-07	-1.987171E-06	
2304	-2.267256E-07	-2.078742E-06	
2305	-2.360420E-07	-2.180041E-06	
2306	-2.460696E-07	-2.292143E-06	
2307	-2.553573E-07	-2.415389E-06	
2308	-2.615607E-07	-2.548559E-06	
2309	-2.617330E-07	-2.687849E-06	
2310	-2.534484E-07	-2.826493E-06	
2311	-2.361377E-07	-2.955972E-06	
2312	-2.117356E-07	-3.068818E-06	
2313	-1.837015E-07	-3.161218E-06	
2314	-1.553250E-07	-3.233485E-06	
2315	-1.285460E-07	-3.288527E-06	
2316	-1.039204E-07	-3.329883E-06	
2317	-8.119983E-08	-3.360554E-06	
2318	-5.987819E-08	-3.382682E-06	
2319	-3.947664E-08	-3.397666E-06	
2320	-1.961522E-08	-3.406355E-06	
2321	-5.760947E-13	-3.409204E-06	
2322	1.961405E-08	-3.406355E-06	
2323	3.947542E-08	-3.397666E-06	
2324	5.987691E-08	-3.382683E-06	
2325	8.119846E-08	-3.360555E-06	
2326	1.039190E-07	-3.329884E-06	
2327	1.285444E-07	-3.288528E-06	
2328	1.553234E-07	-3.233486E-06	
2329	1.836998E-07	-3.161219E-06	
2330	2.117338E-07	-3.068819E-06	
2331	2.361358E-07	-2.955972E-06	
2332	2.534464E-07	-2.826493E-06	
2333	2.617309E-07	-2.687849E-06	
2334	2.615584E-07	-2.548558E-06	
2335	2.553549E-07	-2.415388E-06	
2336	2.460671E-07	-2.292142E-06	
2337	2.360394E-07	-2.180040E-06	
2338	2.267230E-07	-2.078741E-06	
2339	2.188125E-07	-1.987170E-06	
2340	2.125293E-07	-1.903989E-06	
2341	2.078213E-07	-1.827788E-06	
2342	2.044807E-07	-1.757154E-06	
2343	2.022028E-07	-1.690671E-06	
2344	2.006066E-07	-1.626887E-06	
2345	1.992208E-07	-1.564240E-06	
2346	1.974158E-07	-1.500943E-06	
2347	-1.310981E-07	-1.494295E-06	
2348	-1.325607E-07	-1.560721E-06	
2349	-1.337108E-07	-1.625623E-06	
2350	-1.350305E-07	-1.691092E-06	
2351	-1.369507E-07	-1.758883E-06	
2352	-1.398921E-07	-1.830627E-06	
2353	-1.442700E-07	-1.907936E-06	
2354	-1.504861E-07	-1.992474E-06	
2355	-1.588952E-07	-2.086000E-06	
2356	-1.697084E-07	-2.190395E-06	
2357	-1.827671E-07	-2.307581E-06	
2358	-1.971035E-07	-2.439204E-06	
2359	-2.101460E-07	-2.585460E-06	
2360	-2.176997E-07	-2.742993E-06	
2361	-2.151592E-07	-2.902846E-06	
2362	-2.008594E-07	-3.051638E-06	
2363	-1.775713E-07	-3.177283E-06	
2364	-1.509221E-07	-3.274853E-06	
2365	-1.254709E-07	-3.346975E-06	
2366	-1.029992E-07	-3.399581E-06	
2367	-8.324674E-08	-3.438183E-06	
2368	-6.530388E-08	-3.466560E-06	
2369	-4.840955E-08	-3.487003E-06	
2370	-3.206569E-08	-3.500868E-06	
2371	-1.598278E-08	-3.508926E-06	
2372	-4.091682E-13	-3.511571E-06	
2373	1.598194E-08	-3.508926E-06	
2374	3.206478E-08	-3.500869E-06	
2375	4.840852E-08	-3.487004E-06	
2376	6.530271E-08	-3.466561E-06	
2377	8.324540E-08	-3.438184E-06	
2378	1.029977E-07	-3.399582E-06	
2379	1.254692E-07	-3.346976E-06	
2380	1.509204E-07	-3.274855E-06	
2381	1.775695E-07	-3.177284E-06	
2382	2.008573E-07	-3.051638E-06	
2383	2.151570E-07	-2.902846E-06	
2384	2.176973E-07	-2.742993E-06	
2385	2.101434E-07	-2.585459E-06	
2386	1.971008E-07	-2.439203E-06	
2387	1.827643E-07	-2.307580E-06	
2388	1.697056E-07	-2.190394E-06	
2389	1.588924E-07	-2.085999E-06	
2390	1.504833E-07	-1.992472E-06	
2391	1.442671E-07	-1.907935E-06	
2392	1.398893E-07	-1.830625E-06	
2393	1.369478E-07	-1.758881E-06	
2394	1.350277E-07	-1.691090E-06	
2395	1.337080E-07	-1.625621E-06	
2396	1.325579E-07	-1.560720E-06	
2397	1.310953E-07	-1.494293E-06	
2398	-6.168690E-08	-1.489403E-06	
2399	-6.265108E-08	-1.557898E-06	
2400	-6.331325E-08	-1.624397E-06	
2401	-6.392578E-08	-1.691068E-06	
2402	-6.484017E-08	-1.759733E-06	
2403	-6.647373E-08	-1.832121E-06	
2404	-6.930178E-08	-1.909976E-06	
2405	-7.387708E-08	-1.995125E-06	
2406	-8.084331E-08	-2.089576E-06	
2407	-9.091250E-08	-2.195631E-06	
2408	-1.047458E-07	-2.316022E-06	
2409	-1.225486E-07	-2.453885E-06	
2410	-1.430696E-07	-2.612434E-06	
2411	-1.606434E-07	-2.791087E-06	
2412	-1.673240E-07	-2.979375E-06	
2413	-1.575139E-07	-3.154901E-06	
2414	-1.360279E-07	-3.295483E-06	
2415	-1.123020E-07	-3.395548E-06	
2416	-9.244102E-08	-3.463799E-06	
2417	-7.675462E-08	-3.511620E-06	
2418	-6.327076E-08	-3.546464E-06	
2419	-5.064071E-08	-3.572200E-06	
2420	-3.817439E-08	-3.590896E-06	
2421	-2.559500E-08	-3.603674E-06	
2422	-1.285036E-08	-3.611141E-06	
2423	-1.737973E-13	-3.613600E-06	
2424	1.284998E-08	-3.611141E-06	
2425	2.559452E-08	-3.603674E-06	
2426	3.817375E-08	-3.590897E-06	
2427	5.063986E-08	-3.572201E-06	
2428	6.326965E-08	-3.546466E-06	
2429	7.675320E-08	-3.511621E-06	
2430	9.243931E-08	-3.463800E-06	
2431	1.123001E-07	-3.395549E-06	
2432	1.360258E-07	-3.295485E-06	
2433	1.575116E-07	-3.154902E-06	
2434	1.673214E-07	-2.979375E-06	
2435	1.606405E-07	-2.791086E-06	
2436	1.430666E-07	-2.612433E-06	
2437	1.225455E-07	-2.453884E-06	
2438	1.047426E-07	-2.316021E-06	
2439	9.090940E-08	-2.195630E-06	
2440	8.084023E-08	-2.089575E-06	
2441	7.387403E-08	-1.995124E-06	
2442	6.929875E-08	-1.909974E-06	
2443	6.647072E-08	-1.832120E-06	
2444	6.483718E-08	-1.759731E-06	
2445	6.392279E-08	-1.691067E-06	
2446	6.331026E-08	-1.624395E-06	
2447	6.264809E-08	-1.557896E-06	
2448	6.168391E-08	-1.489401E-06	
2449	9.324733E-09	-1.486554E-06	
2450	8.935468E-09	-1.556022E-06	
2451	8.988833E-09	-1.623562E-06	
2452	9.502493E-09	-1.691065E-06	
2453	1.024757E-08	-1.760294E-06	
2454	1.089319E-08	-1.833027E-06	
2455	1.099556E-08	-1.911067E-06	
2456	9.956267E-09	-1.996312E-06	
2457	6.971986E-09	-2.090869E-06	
2458	9.697433E-10	-2.197252E-06	
2459	-9.464330E-09	-2.318651E-06	
2460	-2.610254E-08	-2.459442E-06	
2461	-5.057098E-08	-2.625429E-06	
2462	-8.232785E-08	-2.825470E-06	
2463	-1.039531E-07	-3.053478E-06	
2464	-1.035533E-07	-3.270169E-06	
2465	-8.532125E-08	-3.427434E-06	
2466	-6.925131E-08	-3.522362E-06	
2467	-6.064454E-08	-3.581595E-06	
2468	-5.417226E-08	-3.623222E-06	
2469	-4.742071E-08	-3.654083E-06	
2470	-3.964918E-08	-3.677332E-06	
2471	-3.079235E-08	-3.694492E-06	
2472	-2.104192E-08	-3.706353E-06	
2473	-1.067624E-08	-3.713334E-06	
2474	1.415433E-13	-3.715640E-06	
2475	1.067648E-08	-3.713334E-06	
2476	2.104205E-08	-3.706353E-06	
2477	3.079228E-08	-3.694492E-06	
2478	3.964882E-08	-3.677333E-06	
2479	4.741998E-08	-3.654084E-06	
2480	5.417106E-08	-3.623223E-06	
2481	6.064281E-08	-3.581597E-06	
2482	6.924908E-08	-3.522364E-06	
2483	8.531872E-08	-3.427435E-06	
2484	1.035504E-07	-3.270169E-06	
2485	1.039499E-07	-3.053478E-06	
2486	8.232431E-08	-2.825469E-06	
2487	5.056741E-08	-2.625428E-06	
2488	2.609903E-08	-2.459441E-06	
2489	9.460909E-09	-2.318650E-06	
2490	-9.730848E-10	-2.197251E-06	
2491	-6.975263E-09	-2.090868E-06	
2492	-9.959492E-09	-1.996310E-06	
2493	-1.099875E-08	-1.911066E-06	
2494	-1.089635E-08	-1.833025E-06	
2495	-1.025071E-08	-1.760292E-06	
2496	-9.505624E-09	-1.691063E-06	
2497	-8.991958E-09	-1.623560E-06	
2498	-8.938592E-09	-1.556020E-06	
2499	-9.327856E-09	-1.486552E-06	
2500	8.036234E-08	-1.485512E-06	
2501	8.048528E-08	-1.555144E-06	
2502	8.134538E-08	-1.623364E-06	
2503	8.321524E-08	-1.691457E-06	
2504	8.612704E-08	-1.761120E-06	
2505	8.994206E-08	-1.834133E-06	
2506	9.433669E-08	-1.912296E-06	
2507	9.879202E-08	-1.997494E-06	
2508	1.025578E-07	-2.091822E-06	
2509	1.045642E-07	-2.197789E-06	
2510	1.032374E-07	-2.318668E-06	
2511	9.612395E-08	-2.459056E-06	
2512	7.909450E-08	-2.626611E-06	
2513	4.529900E-08	-2.832508E-06	
2514	-1.522175E-08	-3.112132E-06	
2515	-3.022560E-08	-3.411348E-06	
2516	-2.532662E-08	-3.574033E-06	
2517	-3.391216E-08	-3.649112E-06	
2518	-4.035892E-08	-3.698089E-06	
2519	-4.214151E-08	-3.733845E-06	
2520	-4.002917E-08	-3.761316E-06	
2521	-3.499004E-08	-3.782529E-06	
2522	-2.786341E-08	-3.798446E-06	
2523	-1.931067E-08	-3.809567E-06	
2524	-9.868713E-09	-3.816156E-06	
2525	5.492028E-13	-3.818339E-06	
2526	9.869754E-09	-3.816156E-06	
2527	1.931160E-08	-3.809568E-06	
2528	2.786413E-08	-3.798446E-06	
2529	3.499043E-08	-3.782529E-06	
2530	4.002910E-08	-3.761317E-06	
2531	4.214082E-08	-3.733846E-06	
2532	4.035742E-08	-3.698090E-06	
2533	3.390961E-08	-3.649114E-06	
2534	2.532300E-08	-3.574035E-06	
2535	3.022174E-08	-3.411348E-06	
2536	1.521705E-08	-3.112130E-06	
2537	-4.530344E-08	-2.832507E-06	
2538	-7.909861E-08	-2.626610E-06	
2539	-9.612780E-08	-2.459055E-06	
2540	-1.032411E-07	-2.318666E-06	
2541	-1.045677E-07	-2.197788E-06	
2542	-1.025612E-07	-2.091821E-06	
2543	-9.879539E-08	-1.997492E-06	
2544	-9.434001E-08	-1.912294E-06	
2545	-8.994535E-08	-1.834132E-06	
2546	-8.613031E-08	-1.761119E-06	
2547	-8.321850E-08	-1.691455E-06	
2548	-8.134864E-08	-1.623362E-06	
2549	-8.048853E-08	-1.555143E-06	
2550	-8.036559E-08	-1.485510E-06	
2551	1.504883E-07	-1.485375E-06	
2552	1.506263E-07	-1.555018E-06	
2553	1.516847E-07	-1.623730E-06	
2554	1.546465E-07	-1.692406E-06	
2555	1.599523E-07	-1.762641E-06	
2556	1.676359E-07	-1.836155E-06	
2557	1.774855E-07	-1.914704E-06	
2558	1.891264E-07	-2.000131E-06	
2559	2.020473E-07	-2.094480E-06	
2560	2.155806E-07	-2.200194E-06	
2561	2.288196E-07	-2.320422E-06	
2562	2.404435E-07	-2.459714E-06	
2563	2.480568E-07	-2.624828E-06	
2564	2.468622E-07	-2.831347E-06	
2565	2.158268E-07	-3.094381E-06	
2566	6.459930E-08	-3.600709E-06	
2567	-6.538765E-09	-3.717585E-06	
2568	-3.486390E-08	-3.774795E-06	
2569	-4.565215E-08	-3.814768E-06	
2570	-4.771646E-08	-3.845472E-06	
2571	-4.471653E-08	-3.869917E-06	
2572	-3.858487E-08	-3.889221E-06	
2573	-3.042146E-08	-3.903930E-06	
2574	-2.094009E-08	-3.914313E-06	
2575	-1.065910E-08	-3.920502E-06	
2576	9.718344E-13	-3.922559E-06	
2577	1.066116E-08	-3.920502E-06	
2578	2.094207E-08	-3.914313E-06	
2579	3.042323E-08	-3.903930E-06	
2580	3.858631E-08	-3.889221E-06	
2581	4.471749E-08	-3.869918E-06	
2582	4.771677E-08	-3.845474E-06	
2583	4.565152E-08	-3.814770E-06	
2584	3.486184E-08	-3.774796E-06	
2585	6.534269E-09	-3.717587E-06	
2586	-6.460893E-08	-3.600709E-06	
2587	-2.158331E-07	-3.094380E-06	
2588	-2.468671E-07	-2.831346E-06	
2589	-2.480611E-07	-2.624827E-06	
2590	-2.404475E-07	-2.459713E-06	
2591	-2.288234E-07	-2.320421E-06	
2592	-2.155843E-07	-2.200193E-06	
2593	-2.020509E-07	-2.094478E-06	
2594	-1.891299E-07	-2.000129E-06	
2595	-1.774889E-07	-1.914703E-06	
2596	-1.676393E-07	-1.836153E-06	
2597	-1.599557E-07	-1.762639E-06	
2598	-1.546498E-07	-1.692404E-06	
2599	-1.516881E-07	-1.623729E-06	
2600	-1.506297E-07	-1.555016E-06	
2601	-1.504917E-07	-1.485372E-06	
2602	-1.596646E-08	-3.600714E-06	
2603	-2.205859E-08	-3.706902E-06	
2604	-2.592482E-08	-3.749072E-06	
2605	-2.686364E-08	-3.783765E-06	
2606	-2.627185E-08	-3.810948E-06	
2607	-2.417007E-08	-3.832913E-06	
2608	-2.082481E-08	-3.850329E-06	
2609	-1.648421E-08	-3.863618E-06	
2610	-1.140115E-08	-3.872998E-06	
2611	-5.824396E-09	-3.878588E-06	
2612	-1.101929E-12	-3.880445E-06	
2613	5.822156E-09	-3.878588E-06	
2614	1.139897E-08	-3.872999E-06	
2615	1.648214E-08	-3.863619E-06	
2616	2.082293E-08	-3.850330E-06	
2617	2.416845E-08	-3.832914E-06	
2618	2.627061E-08	-3.810950E-06	
2619	2.686296E-08	-3.783767E-06	
2620	2.592504E-08	-3.749074E-06	
2621	2.206043E-08	-3.706904E-06	
2622	1.597155E-08	-3.600714E-06	
2623	-4.316129E-08	-3.740784E-06	
2624	-2.084291E-08	-3.758645E-06	
2625	-2.099926E-08	-3.797216E-06	
2626	-2.104950E-08	-3.826625E-06	
2627	-2.031726E-08	-3.851633E-06	
2628	-1.863103E-08	-3.872252E-06	
2629	-1.605613E-08	-3.888893E-06	
2630	-1.272847E-08	-3.901724E-06	
2631	-8.817273E-09	-3.910843E-06	
2632	-4.509353E-09	-3.916300E-06	
2633	-8.512483E-13	-3.918117E-06	
2634	4.507678E-09	-3.916300E-06	
2635	8.815657E-09	-3.910844E-06	
2636	1.272696E-08	-3.901725E-06	
2637	1.605478E-08	-3.888895E-06	
2638	1.862991E-08	-3.872253E-06	
2639	2.031646E-08	-3.851635E-06	
2640	2.104910E-08	-3.826627E-06	
2641	2.099937E-08	-3.797219E-06	
2642	2.084345E-08	-3.758647E-06	
2643	4.316170E-08	-3.740784E-06	
2644	-6.044223E-08	-3.829572E-06	
2645	-4.111250E-08	-3.829051E-06	
2646	-2.894819E-08	-3.848746E-06	
2647	-2.396427E-08	-3.872655E-06	
2648	-2.065527E-08	-3.894270E-06	
2649	-1.773602E-08	-3.913029E-06	
2650	-1.469644E-08	-3.928545E-06	
2651	-1.137951E-08	-3.940703E-06	
2652	-7.775080E-09	-3.949431E-06	
2653	-3.947763E-09	-3.954686E-06	
2654	-6.164405E-13	-3.956441E-06	
2655	3.946548E-09	-3.954687E-06	
2656	7.773916E-09	-3.949432E-06	
2657	1.137843E-08	-3.940703E-06	
2658	1.469547E-08	-3.928546E-06	
2659	1.773521E-08	-3.913031E-06	
2660	2.065464E-08	-3.894272E-06	
2661	2.396382E-08	-3.872657E-06	
2662	2.894785E-08	-3.848748E-06	
2663	4.111211E-08	-3.829053E-06	
2664	6.044194E-08	-3.829573E-06	
2665	-7.531741E-08	-3.899584E-06	
2666	-5.673725E-08	-3.895504E-06	
2667	-4.200691E-08	-3.905319E-06	
2668	-3.201514E-08	-3.921761E-06	
2669	-2.539962E-08	-3.939413E-06	
2670	-2.035709E-08	-3.955721E-06	
2671	-1.603118E-08	-3.969746E-06	
2672	-1.198068E-08	-3.980989E-06	
2673	-7.999959E-09	-3.989179E-06	
2674	-4.010049E-09	-3.994153E-06	
2675	-4.180777E-13	-3.995820E-06	
2676	4.009222E-09	-3.994153E-06	
2677	7.999163E-09	-3.989180E-06	
2678	1.197993E-08	-3.980990E-06	
2679	1.603049E-08	-3.969747E-06	
2680	2.035646E-08	-3.955722E-06	
2681	2.539906E-08	-3.939414E-06	
2682	3.201461E-08	-3.921763E-06	
2683	4.200636E-08	-3.905321E-06	
2684	5.673667E-08	-3.895506E-06	
2685	7.531686E-08	-3.899585E-06	
2686	-8.637161E-08	-3.961239E-06	
2687	-6.909340E-08	-3.956869E-06	
2688	-5.365495E-08	-3.961955E-06	
2689	-4.142188E-08	-3.973092E-06	
2690	-3.214730E-08	-3.986715E-06	
2691	-2.497474E-08	-4.000378E-06	
2692	-1.907053E-08	-4.012675E-06	
2693	-1.389261E-08	-4.022826E-06	
2694	-9.106033E-09	-4.030358E-06	
2695	-4.513884E-09	-4.034982E-06	
2696	-2.450032E-13	-4.036541E-06	
2697	4.513409E-09	-4.034983E-06	
2698	9.105541E-09	-4.030358E-06	
2699	1.389211E-08	-4.022827E-06	
2700	1.907004E-08	-4.012676E-06	
2701	2.497426E-08	-4.000379E-06	
2702	3.214682E-08	-3.986717E-06	
2703	4.142137E-08	-3.973094E-06	
2704	5.365440E-08	-3.961957E-06	
2705	6.909282E-08	-3.956871E-06	
2706	8.637106E-08	-3.961241E-06	
2707	-9.479142E-08	-4.017962E-06	
2708	-7.842519E-08	-4.014314E-06	
2709	-6.308068E-08	-4.017239E-06	
2710	-4.985534E-08	-4.025014E-06	
2711	-3.899967E-08	-4.035459E-06	
2712	-3.015996E-08	-4.046664E-06	
2713	-2.279799E-08	-4.057239E-06	
2714	-1.642133E-08	-4.066247E-06	
2715	-1.066049E-08	-4.073070E-06	
2716	-5.251114E-09	-4.077312E-06	
2717	0.000000E+00	-4.078751E-06	
2718	5.250937E-09	-4.077313E-06	
2719	1.066023E-08	-4.073071E-06	
2720	1.642103E-08	-4.066247E-06	
2721	2.279767E-08	-4.057240E-06	
2722	3.015961E-08	-4.046665E-06	
2723	3.899929E-08	-4.035461E-06	
2724	4.985492E-08	-4.025015E-06	
2725	6.308022E-08	-4.017240E-06	
2726	7.842472E-08	-4.014316E-06	
2727	9.479097E-08	-4.017964E-06	
2728	-1.008335E-07	-4.071485E-06	
2729	-8.514853E-08	-4.068945E-06	
2730	-7.007611E-08	-4.070966E-06	
2731	-5.650680E-08	-4.076711E-06	
2732	-4.478985E-08	-4.084883E-06	
2733	-3.483977E-08	-4.094104E-06	
2734	-2.634015E-08	-4.103165E-06	
2735	-1.891946E-08	-4.111117E-06	
2736	-1.223796E-08	-4.117264E-06	
2737	-6.011261E-09	-4.121135E-06	
2738	0.000000E+00	-4.122455E-06	
2739	6.011212E-09	-4.121135E-06	
2740	1.223785E-08	-4.117265E-06	
2741	1.891930E-08	-4.111117E-06	
2742	2.633996E-08	-4.103166E-06	
2743	3.483955E-08	-4.094105E-06	
2744	4.478960E-08	-4.084884E-06	
2745	5.650651E-08	-4.076712E-06	
2746	7.007580E-08	-4.070968E-06	
2747	8.514821E-08	-4.068947E-06	
2748	1.008332E-07	-4.071487E-06	
2749	-1.046628E-07	-4.122907E-06	
2750	-8.944488E-08	-4.121590E-06	
2751	-7.466637E-08	-4.123315E-06	
2752	-6.104130E-08	-4.127850E-06	
2753	-4.890278E-08	-4.134486E-06	
2754	-3.827877E-08	-4.142245E-06	
2755	-2.900361E-08	-4.150115E-06	
2756	-2.081916E-08	-4.157194E-06	
2757	-1.344141E-08	-4.162763E-06	
2758	-6.590872E-09	-4.166309E-06	
2759	0.000000E+00	-4.167525E-06	
2760	6.590867E-09	-4.166310E-06	
2761	1.344139E-08	-4.162764E-06	
2762	2.081912E-08	-4.157195E-06	
2763	2.900356E-08	-4.150116E-06	
2764	3.827869E-08	-4.142246E-06	
2765	4.890268E-08	-4.134487E-06	
2766	6.104117E-08	-4.127852E-06	
2767	7.466622E-08	-4.123316E-06	
2768	8.944473E-08	-4.121591E-06	
2769	1.046627E-07	-4.122909E-06	
2770	-1.064419E-07	-4.173100E-06	
2771	-9.149573E-08	-4.172888E-06	
2772	-7.693621E-08	-4.174546E-06	
2773	-6.332395E-08	-4.178355E-06	
2774	-5.095595E-08	-4.183994E-06	
2775	-3.993185E-08	-4.190751E-06	
2776	-3.019874E-08	-4.197761E-06	
2777	-2.159371E-08	-4.204180E-06	
2778	-1.388176E-08	-4.209294E-06	
2779	-6.784568E-09	-4.212576E-06	
2780	0.000000E+00	-4.213706E-06	
2781	6.784602E-09	-4.212576E-06	
2782	1.388182E-08	-4.209294E-06	
2783	2.159378E-08	-4.204180E-06	
2784	3.019882E-08	-4.197762E-06	
2785	3.993192E-08	-4.190753E-06	
2786	5.095600E-08	-4.183995E-06	
2787	6.332399E-08	-4.178357E-06	
2788	7.693624E-08	-4.174548E-06	
2789	9.149576E-08	-4.172890E-06	
2790	1.064419E-07	-4.173102E-06	
2791	-1.065514E-07	-4.222849E-06	
2792	-9.165685E-08	-4.223356E-06	
2793	-7.708625E-08	-4.224961E-06	
2794	-6.328278E-08	-4.228318E-06	
2795	-5.059397E-08	-4.233325E-06	
2796	-3.924309E-08	-4.239416E-06	
2797	-2.929577E-08	-4.245817E-06	
2798	-2.066171E-08	-4.251737E-06	
2799	-1.312088E-08	-4.256488E-06	
2800	-6.358599E-09	-4.259551E-06	
2801	0.000000E+00	-4.260608E-06	
2802	6.358685E-09	-4.259551E-06	
2803	1.312105E-08	-4.256488E-06	
2804	2.066192E-08	-4.251738E-06	
2805	2.929601E-08	-4.245818E-06	
2806	3.924332E-08	-4.239417E-06	
2807	5.059419E-08	-4.233326E-06	
2808	6.328299E-08	-4.228319E-06	
2809	7.708645E-08	-4.224963E-06	
2810	9.165705E-08	-4.223358E-06	
2811	1.065516E-07	-4.222851E-06	
2812	-1.058532E-07	-4.272720E-06	
2813	-9.072708E-08	-4.273472E-06	
2814	-7.550527E-08	-4.275017E-06	
2815	-6.078412E-08	-4.278066E-06	
2816	-4.725797E-08	-4.282607E-06	
2817	-3.540805E-08	-4.288158E-06	
2818	-2.542949E-08	-4.294022E-06	
2819	-1.725065E-08	-4.299470E-06	
2820	-1.058858E-08	-4.303857E-06	
2821	-5.012263E-09	-4.306692E-06	
2822	0.000000E+00	-4.307672E-06	
2823	5.012492E-09	-4.306692E-06	
2824	1.058894E-08	-4.303858E-06	
2825	1.725106E-08	-4.299471E-06	
2826	2.542992E-08	-4.294023E-06	
2827	3.540848E-08	-4.288159E-06	
2828	4.725838E-08	-4.282609E-06	
2829	6.078450E-08	-4.278068E-06	
2830	7.550563E-08	-4.275018E-06	
2831	9.072743E-08	-4.273474E-06	
2832	1.058536E-07	-4.272722E-06	
