tetrahedron
//Number_of_Node
780
//Number_of_Element
2500
//Number_of_Region
1
//Factor
1000.0
183,158,28,184,
183,28,1,27,
183,1,158,157,
28,158,1,2,
183,28,158,1,
185,158,3,159,
28,185,3,29,
28,158,185,184,
28,3,158,2,
185,3,158,28,
185,160,30,186,
185,30,3,29,
185,3,160,159,
30,160,3,4,
185,30,160,3,
187,160,5,161,
30,187,5,31,
30,160,187,186,
30,5,160,4,
187,5,160,30,
187,162,32,188,
187,32,5,31,
187,5,162,161,
32,162,5,6,
187,32,162,5,
189,162,7,163,
32,189,7,33,
32,162,189,188,
32,7,162,6,
189,7,162,32,
189,164,34,190,
189,34,7,33,
189,7,164,163,
34,164,7,8,
189,34,164,7,
191,164,9,165,
34,191,9,35,
34,164,191,190,
34,9,164,8,
191,9,164,34,
191,166,36,192,
191,36,9,35,
191,9,166,165,
36,166,9,10,
191,36,166,9,
193,166,11,167,
36,193,11,37,
36,166,193,192,
36,11,166,10,
193,11,166,36,
193,168,38,194,
193,38,11,37,
193,11,168,167,
38,168,11,12,
193,38,168,11,
195,168,13,169,
38,195,13,39,
38,168,195,194,
38,13,168,12,
195,13,168,38,
195,170,40,196,
195,40,13,39,
195,13,170,169,
40,170,13,14,
195,40,170,13,
197,170,15,171,
40,197,15,41,
40,170,197,196,
40,15,170,14,
197,15,170,40,
197,172,42,198,
197,42,15,41,
197,15,172,171,
42,172,15,16,
197,42,172,15,
199,172,17,173,
42,199,17,43,
42,172,199,198,
42,17,172,16,
199,17,172,42,
199,174,44,200,
199,44,17,43,
199,17,174,173,
44,174,17,18,
199,44,174,17,
201,174,19,175,
44,201,19,45,
44,174,201,200,
44,19,174,18,
201,19,174,44,
201,176,46,202,
201,46,19,45,
201,19,176,175,
46,176,19,20,
201,46,176,19,
203,176,21,177,
46,203,21,47,
46,176,203,202,
46,21,176,20,
203,21,176,46,
203,178,48,204,
203,48,21,47,
203,21,178,177,
48,178,21,22,
203,48,178,21,
205,178,23,179,
48,205,23,49,
48,178,205,204,
48,23,178,22,
205,23,178,48,
205,180,50,206,
205,50,23,49,
205,23,180,179,
50,180,23,24,
205,50,180,23,
207,180,25,181,
50,207,25,51,
50,180,207,206,
50,25,180,24,
207,25,180,50,
207,182,52,208,
207,52,25,51,
207,25,182,181,
52,182,25,26,
207,52,182,25,
210,183,28,184,
53,210,28,54,
53,183,210,209,
53,28,183,27,
210,28,183,53,
210,185,55,211,
210,55,28,54,
210,28,185,184,
55,185,28,29,
210,55,185,28,
212,185,30,186,
55,212,30,56,
55,185,212,211,
55,30,185,29,
212,30,185,55,
212,187,57,213,
212,57,30,56,
212,30,187,186,
57,187,30,31,
212,57,187,30,
214,187,32,188,
57,214,32,58,
57,187,214,213,
57,32,187,31,
214,32,187,57,
214,189,59,215,
214,59,32,58,
214,32,189,188,
59,189,32,33,
214,59,189,32,
216,189,34,190,
59,216,34,60,
59,189,216,215,
59,34,189,33,
216,34,189,59,
216,191,61,217,
216,61,34,60,
216,34,191,190,
61,191,34,35,
216,61,191,34,
218,191,36,192,
61,218,36,62,
61,191,218,217,
61,36,191,35,
218,36,191,61,
218,193,63,219,
218,63,36,62,
218,36,193,192,
63,193,36,37,
218,63,193,36,
220,193,38,194,
63,220,38,64,
63,193,220,219,
63,38,193,37,
220,38,193,63,
220,195,65,221,
220,65,38,64,
220,38,195,194,
65,195,38,39,
220,65,195,38,
222,195,40,196,
65,222,40,66,
65,195,222,221,
65,40,195,39,
222,40,195,65,
222,197,67,223,
222,67,40,66,
222,40,197,196,
67,197,40,41,
222,67,197,40,
224,197,42,198,
67,224,42,68,
67,197,224,223,
67,42,197,41,
224,42,197,67,
224,199,69,225,
224,69,42,68,
224,42,199,198,
69,199,42,43,
224,69,199,42,
226,199,44,200,
69,226,44,70,
69,199,226,225,
69,44,199,43,
226,44,199,69,
226,201,71,227,
226,71,44,70,
226,44,201,200,
71,201,44,45,
226,71,201,44,
228,201,46,202,
71,228,46,72,
71,201,228,227,
71,46,201,45,
228,46,201,71,
228,203,73,229,
228,73,46,72,
228,46,203,202,
73,203,46,47,
228,73,203,46,
230,203,48,204,
73,230,48,74,
73,203,230,229,
73,48,203,47,
230,48,203,73,
230,205,75,231,
230,75,48,74,
230,48,205,204,
75,205,48,49,
230,75,205,48,
232,205,50,206,
75,232,50,76,
75,205,232,231,
75,50,205,49,
232,50,205,75,
232,207,77,233,
232,77,50,76,
232,50,207,206,
77,207,50,51,
232,77,207,50,
234,207,52,208,
77,234,52,78,
77,207,234,233,
77,52,207,51,
234,52,207,77,
235,210,80,236,
235,80,53,79,
235,53,210,209,
80,210,53,54,
235,80,210,53,
237,210,55,211,
80,237,55,81,
80,210,237,236,
80,55,210,54,
237,55,210,80,
237,212,82,238,
237,82,55,81,
237,55,212,211,
82,212,55,56,
237,82,212,55,
239,212,57,213,
82,239,57,83,
82,212,239,238,
82,57,212,56,
239,57,212,82,
239,214,84,240,
239,84,57,83,
239,57,214,213,
84,214,57,58,
239,84,214,57,
241,214,59,215,
84,241,59,85,
84,214,241,240,
84,59,214,58,
241,59,214,84,
241,216,86,242,
241,86,59,85,
241,59,216,215,
86,216,59,60,
241,86,216,59,
243,216,61,217,
86,243,61,87,
86,216,243,242,
86,61,216,60,
243,61,216,86,
243,218,88,244,
243,88,61,87,
243,61,218,217,
88,218,61,62,
243,88,218,61,
245,218,63,219,
88,245,63,89,
88,218,245,244,
88,63,218,62,
245,63,218,88,
245,220,90,246,
245,90,63,89,
245,63,220,219,
90,220,63,64,
245,90,220,63,
247,220,65,221,
90,247,65,91,
90,220,247,246,
90,65,220,64,
247,65,220,90,
247,222,92,248,
247,92,65,91,
247,65,222,221,
92,222,65,66,
247,92,222,65,
249,222,67,223,
92,249,67,93,
92,222,249,248,
92,67,222,66,
249,67,222,92,
249,224,94,250,
249,94,67,93,
249,67,224,223,
94,224,67,68,
249,94,224,67,
251,224,69,225,
94,251,69,95,
94,224,251,250,
94,69,224,68,
251,69,224,94,
251,226,96,252,
251,96,69,95,
251,69,226,225,
96,226,69,70,
251,96,226,69,
253,226,71,227,
96,253,71,97,
96,226,253,252,
96,71,226,70,
253,71,226,96,
253,228,98,254,
253,98,71,97,
253,71,228,227,
98,228,71,72,
253,98,228,71,
255,228,73,229,
98,255,73,99,
98,228,255,254,
98,73,228,72,
255,73,228,98,
255,230,100,256,
255,100,73,99,
255,73,230,229,
100,230,73,74,
255,100,230,73,
257,230,75,231,
100,257,75,101,
100,230,257,256,
100,75,230,74,
257,75,230,100,
257,232,102,258,
257,102,75,101,
257,75,232,231,
102,232,75,76,
257,102,232,75,
259,232,77,233,
102,259,77,103,
102,232,259,258,
102,77,232,76,
259,77,232,102,
259,234,104,260,
259,104,77,103,
259,77,234,233,
104,234,77,78,
259,104,234,77,
262,235,80,236,
105,262,80,106,
105,235,262,261,
105,80,235,79,
262,80,235,105,
262,237,107,263,
262,107,80,106,
262,80,237,236,
107,237,80,81,
262,107,237,80,
264,237,82,238,
107,264,82,108,
107,237,264,263,
107,82,237,81,
264,82,237,107,
264,239,109,265,
264,109,82,108,
264,82,239,238,
109,239,82,83,
264,109,239,82,
266,239,84,240,
109,266,84,110,
109,239,266,265,
109,84,239,83,
266,84,239,109,
266,241,111,267,
266,111,84,110,
266,84,241,240,
111,241,84,85,
266,111,241,84,
268,241,86,242,
111,268,86,112,
111,241,268,267,
111,86,241,85,
268,86,241,111,
268,243,113,269,
268,113,86,112,
268,86,243,242,
113,243,86,87,
268,113,243,86,
270,243,88,244,
113,270,88,114,
113,243,270,269,
113,88,243,87,
270,88,243,113,
270,245,115,271,
270,115,88,114,
270,88,245,244,
115,245,88,89,
270,115,245,88,
272,245,90,246,
115,272,90,116,
115,245,272,271,
115,90,245,89,
272,90,245,115,
272,247,117,273,
272,117,90,116,
272,90,247,246,
117,247,90,91,
272,117,247,90,
274,247,92,248,
117,274,92,118,
117,247,274,273,
117,92,247,91,
274,92,247,117,
274,249,119,275,
274,119,92,118,
274,92,249,248,
119,249,92,93,
274,119,249,92,
276,249,94,250,
119,276,94,120,
119,249,276,275,
119,94,249,93,
276,94,249,119,
276,251,121,277,
276,121,94,120,
276,94,251,250,
121,251,94,95,
276,121,251,94,
278,251,96,252,
121,278,96,122,
121,251,278,277,
121,96,251,95,
278,96,251,121,
278,253,123,279,
278,123,96,122,
278,96,253,252,
123,253,96,97,
278,123,253,96,
280,253,98,254,
123,280,98,124,
123,253,280,279,
123,98,253,97,
280,98,253,123,
280,255,125,281,
280,125,98,124,
280,98,255,254,
125,255,98,99,
280,125,255,98,
282,255,100,256,
125,282,100,126,
125,255,282,281,
125,100,255,99,
282,100,255,125,
282,257,127,283,
282,127,100,126,
282,100,257,256,
127,257,100,101,
282,127,257,100,
284,257,102,258,
127,284,102,128,
127,257,284,283,
127,102,257,101,
284,102,257,127,
284,259,129,285,
284,129,102,128,
284,102,259,258,
129,259,102,103,
284,129,259,102,
286,259,104,260,
129,286,104,130,
129,259,286,285,
129,104,259,103,
286,104,259,129,
287,262,132,288,
287,132,105,131,
287,105,262,261,
132,262,105,106,
287,132,262,105,
289,262,107,263,
132,289,107,133,
132,262,289,288,
132,107,262,106,
289,107,262,132,
289,264,134,290,
289,134,107,133,
289,107,264,263,
134,264,107,108,
289,134,264,107,
291,264,109,265,
134,291,109,135,
134,264,291,290,
134,109,264,108,
291,109,264,134,
291,266,136,292,
291,136,109,135,
291,109,266,265,
136,266,109,110,
291,136,266,109,
293,266,111,267,
136,293,111,137,
136,266,293,292,
136,111,266,110,
293,111,266,136,
293,268,138,294,
293,138,111,137,
293,111,268,267,
138,268,111,112,
293,138,268,111,
295,268,113,269,
138,295,113,139,
138,268,295,294,
138,113,268,112,
295,113,268,138,
295,270,140,296,
295,140,113,139,
295,113,270,269,
140,270,113,114,
295,140,270,113,
297,270,115,271,
140,297,115,141,
140,270,297,296,
140,115,270,114,
297,115,270,140,
297,272,142,298,
297,142,115,141,
297,115,272,271,
142,272,115,116,
297,142,272,115,
299,272,117,273,
142,299,117,143,
142,272,299,298,
142,117,272,116,
299,117,272,142,
299,274,144,300,
299,144,117,143,
299,117,274,273,
144,274,117,118,
299,144,274,117,
301,274,119,275,
144,301,119,145,
144,274,301,300,
144,119,274,118,
301,119,274,144,
301,276,146,302,
301,146,119,145,
301,119,276,275,
146,276,119,120,
301,146,276,119,
303,276,121,277,
146,303,121,147,
146,276,303,302,
146,121,276,120,
303,121,276,146,
303,278,148,304,
303,148,121,147,
303,121,278,277,
148,278,121,122,
303,148,278,121,
305,278,123,279,
148,305,123,149,
148,278,305,304,
148,123,278,122,
305,123,278,148,
305,280,150,306,
305,150,123,149,
305,123,280,279,
150,280,123,124,
305,150,280,123,
307,280,125,281,
150,307,125,151,
150,280,307,306,
150,125,280,124,
307,125,280,150,
307,282,152,308,
307,152,125,151,
307,125,282,281,
152,282,125,126,
307,152,282,125,
309,282,127,283,
152,309,127,153,
152,282,309,308,
152,127,282,126,
309,127,282,152,
309,284,154,310,
309,154,127,153,
309,127,284,283,
154,284,127,128,
309,154,284,127,
311,284,129,285,
154,311,129,155,
154,284,311,310,
154,129,284,128,
311,129,284,154,
311,286,156,312,
311,156,129,155,
311,129,286,285,
156,286,129,130,
311,156,286,129,
340,313,158,314,
183,340,158,184,
183,313,340,339,
183,158,313,157,
340,158,313,183,
340,315,185,341,
340,185,158,184,
340,158,315,314,
185,315,158,159,
340,185,315,158,
342,315,160,316,
185,342,160,186,
185,315,342,341,
185,160,315,159,
342,160,315,185,
342,317,187,343,
342,187,160,186,
342,160,317,316,
187,317,160,161,
342,187,317,160,
344,317,162,318,
187,344,162,188,
187,317,344,343,
187,162,317,161,
344,162,317,187,
344,319,189,345,
344,189,162,188,
344,162,319,318,
189,319,162,163,
344,189,319,162,
346,319,164,320,
189,346,164,190,
189,319,346,345,
189,164,319,163,
346,164,319,189,
346,321,191,347,
346,191,164,190,
346,164,321,320,
191,321,164,165,
346,191,321,164,
348,321,166,322,
191,348,166,192,
191,321,348,347,
191,166,321,165,
348,166,321,191,
348,323,193,349,
348,193,166,192,
348,166,323,322,
193,323,166,167,
348,193,323,166,
350,323,168,324,
193,350,168,194,
193,323,350,349,
193,168,323,167,
350,168,323,193,
350,325,195,351,
350,195,168,194,
350,168,325,324,
195,325,168,169,
350,195,325,168,
352,325,170,326,
195,352,170,196,
195,325,352,351,
195,170,325,169,
352,170,325,195,
352,327,197,353,
352,197,170,196,
352,170,327,326,
197,327,170,171,
352,197,327,170,
354,327,172,328,
197,354,172,198,
197,327,354,353,
197,172,327,171,
354,172,327,197,
354,329,199,355,
354,199,172,198,
354,172,329,328,
199,329,172,173,
354,199,329,172,
356,329,174,330,
199,356,174,200,
199,329,356,355,
199,174,329,173,
356,174,329,199,
356,331,201,357,
356,201,174,200,
356,174,331,330,
201,331,174,175,
356,201,331,174,
358,331,176,332,
201,358,176,202,
201,331,358,357,
201,176,331,175,
358,176,331,201,
358,333,203,359,
358,203,176,202,
358,176,333,332,
203,333,176,177,
358,203,333,176,
360,333,178,334,
203,360,178,204,
203,333,360,359,
203,178,333,177,
360,178,333,203,
360,335,205,361,
360,205,178,204,
360,178,335,334,
205,335,178,179,
360,205,335,178,
362,335,180,336,
205,362,180,206,
205,335,362,361,
205,180,335,179,
362,180,335,205,
362,337,207,363,
362,207,180,206,
362,180,337,336,
207,337,180,181,
362,207,337,180,
364,337,182,338,
207,364,182,208,
207,337,364,363,
207,182,337,181,
364,182,337,207,
365,340,210,366,
365,210,183,209,
365,183,340,339,
210,340,183,184,
365,210,340,183,
367,340,185,341,
210,367,185,211,
210,340,367,366,
210,185,340,184,
367,185,340,210,
367,342,212,368,
367,212,185,211,
367,185,342,341,
212,342,185,186,
367,212,342,185,
369,342,187,343,
212,369,187,213,
212,342,369,368,
212,187,342,186,
369,187,342,212,
369,344,214,370,
369,214,187,213,
369,187,344,343,
214,344,187,188,
369,214,344,187,
371,344,189,345,
214,371,189,215,
214,344,371,370,
214,189,344,188,
371,189,344,214,
371,346,216,372,
371,216,189,215,
371,189,346,345,
216,346,189,190,
371,216,346,189,
373,346,191,347,
216,373,191,217,
216,346,373,372,
216,191,346,190,
373,191,346,216,
373,348,218,374,
373,218,191,217,
373,191,348,347,
218,348,191,192,
373,218,348,191,
375,348,193,349,
218,375,193,219,
218,348,375,374,
218,193,348,192,
375,193,348,218,
375,350,220,376,
375,220,193,219,
375,193,350,349,
220,350,193,194,
375,220,350,193,
377,350,195,351,
220,377,195,221,
220,350,377,376,
220,195,350,194,
377,195,350,220,
377,352,222,378,
377,222,195,221,
377,195,352,351,
222,352,195,196,
377,222,352,195,
379,352,197,353,
222,379,197,223,
222,352,379,378,
222,197,352,196,
379,197,352,222,
379,354,224,380,
379,224,197,223,
379,197,354,353,
224,354,197,198,
379,224,354,197,
381,354,199,355,
224,381,199,225,
224,354,381,380,
224,199,354,198,
381,199,354,224,
381,356,226,382,
381,226,199,225,
381,199,356,355,
226,356,199,200,
381,226,356,199,
383,356,201,357,
226,383,201,227,
226,356,383,382,
226,201,356,200,
383,201,356,226,
383,358,228,384,
383,228,201,227,
383,201,358,357,
228,358,201,202,
383,228,358,201,
385,358,203,359,
228,385,203,229,
228,358,385,384,
228,203,358,202,
385,203,358,228,
385,360,230,386,
385,230,203,229,
385,203,360,359,
230,360,203,204,
385,230,360,203,
387,360,205,361,
230,387,205,231,
230,360,387,386,
230,205,360,204,
387,205,360,230,
387,362,232,388,
387,232,205,231,
387,205,362,361,
232,362,205,206,
387,232,362,205,
389,362,207,363,
232,389,207,233,
232,362,389,388,
232,207,362,206,
389,207,362,232,
389,364,234,390,
389,234,207,233,
389,207,364,363,
234,364,207,208,
389,234,364,207,
392,365,210,366,
235,392,210,236,
235,365,392,391,
235,210,365,209,
392,210,365,235,
392,367,237,393,
392,237,210,236,
392,210,367,366,
237,367,210,211,
392,237,367,210,
394,367,212,368,
237,394,212,238,
237,367,394,393,
237,212,367,211,
394,212,367,237,
394,369,239,395,
394,239,212,238,
394,212,369,368,
239,369,212,213,
394,239,369,212,
396,369,214,370,
239,396,214,240,
239,369,396,395,
239,214,369,213,
396,214,369,239,
396,371,241,397,
396,241,214,240,
396,214,371,370,
241,371,214,215,
396,241,371,214,
398,371,216,372,
241,398,216,242,
241,371,398,397,
241,216,371,215,
398,216,371,241,
398,373,243,399,
398,243,216,242,
398,216,373,372,
243,373,216,217,
398,243,373,216,
400,373,218,374,
243,400,218,244,
243,373,400,399,
243,218,373,217,
400,218,373,243,
400,375,245,401,
400,245,218,244,
400,218,375,374,
245,375,218,219,
400,245,375,218,
402,375,220,376,
245,402,220,246,
245,375,402,401,
245,220,375,219,
402,220,375,245,
402,377,247,403,
402,247,220,246,
402,220,377,376,
247,377,220,221,
402,247,377,220,
404,377,222,378,
247,404,222,248,
247,377,404,403,
247,222,377,221,
404,222,377,247,
404,379,249,405,
404,249,222,248,
404,222,379,378,
249,379,222,223,
404,249,379,222,
406,379,224,380,
249,406,224,250,
249,379,406,405,
249,224,379,223,
406,224,379,249,
406,381,251,407,
406,251,224,250,
406,224,381,380,
251,381,224,225,
406,251,381,224,
408,381,226,382,
251,408,226,252,
251,381,408,407,
251,226,381,225,
408,226,381,251,
408,383,253,409,
408,253,226,252,
408,226,383,382,
253,383,226,227,
408,253,383,226,
410,383,228,384,
253,410,228,254,
253,383,410,409,
253,228,383,227,
410,228,383,253,
410,385,255,411,
410,255,228,254,
410,228,385,384,
255,385,228,229,
410,255,385,228,
412,385,230,386,
255,412,230,256,
255,385,412,411,
255,230,385,229,
412,230,385,255,
412,387,257,413,
412,257,230,256,
412,230,387,386,
257,387,230,231,
412,257,387,230,
414,387,232,388,
257,414,232,258,
257,387,414,413,
257,232,387,231,
414,232,387,257,
414,389,259,415,
414,259,232,258,
414,232,389,388,
259,389,232,233,
414,259,389,232,
416,389,234,390,
259,416,234,260,
259,389,416,415,
259,234,389,233,
416,234,389,259,
417,392,262,418,
417,262,235,261,
417,235,392,391,
262,392,235,236,
417,262,392,235,
419,392,237,393,
262,419,237,263,
262,392,419,418,
262,237,392,236,
419,237,392,262,
419,394,264,420,
419,264,237,263,
419,237,394,393,
264,394,237,238,
419,264,394,237,
421,394,239,395,
264,421,239,265,
264,394,421,420,
264,239,394,238,
421,239,394,264,
421,396,266,422,
421,266,239,265,
421,239,396,395,
266,396,239,240,
421,266,396,239,
423,396,241,397,
266,423,241,267,
266,396,423,422,
266,241,396,240,
423,241,396,266,
423,398,268,424,
423,268,241,267,
423,241,398,397,
268,398,241,242,
423,268,398,241,
425,398,243,399,
268,425,243,269,
268,398,425,424,
268,243,398,242,
425,243,398,268,
425,400,270,426,
425,270,243,269,
425,243,400,399,
270,400,243,244,
425,270,400,243,
427,400,245,401,
270,427,245,271,
270,400,427,426,
270,245,400,244,
427,245,400,270,
427,402,272,428,
427,272,245,271,
427,245,402,401,
272,402,245,246,
427,272,402,245,
429,402,247,403,
272,429,247,273,
272,402,429,428,
272,247,402,246,
429,247,402,272,
429,404,274,430,
429,274,247,273,
429,247,404,403,
274,404,247,248,
429,274,404,247,
431,404,249,405,
274,431,249,275,
274,404,431,430,
274,249,404,248,
431,249,404,274,
431,406,276,432,
431,276,249,275,
431,249,406,405,
276,406,249,250,
431,276,406,249,
433,406,251,407,
276,433,251,277,
276,406,433,432,
276,251,406,250,
433,251,406,276,
433,408,278,434,
433,278,251,277,
433,251,408,407,
278,408,251,252,
433,278,408,251,
435,408,253,409,
278,435,253,279,
278,408,435,434,
278,253,408,252,
435,253,408,278,
435,410,280,436,
435,280,253,279,
435,253,410,409,
280,410,253,254,
435,280,410,253,
437,410,255,411,
280,437,255,281,
280,410,437,436,
280,255,410,254,
437,255,410,280,
437,412,282,438,
437,282,255,281,
437,255,412,411,
282,412,255,256,
437,282,412,255,
439,412,257,413,
282,439,257,283,
282,412,439,438,
282,257,412,256,
439,257,412,282,
439,414,284,440,
439,284,257,283,
439,257,414,413,
284,414,257,258,
439,284,414,257,
441,414,259,415,
284,441,259,285,
284,414,441,440,
284,259,414,258,
441,259,414,284,
441,416,286,442,
441,286,259,285,
441,259,416,415,
286,416,259,260,
441,286,416,259,
444,417,262,418,
287,444,262,288,
287,417,444,443,
287,262,417,261,
444,262,417,287,
444,419,289,445,
444,289,262,288,
444,262,419,418,
289,419,262,263,
444,289,419,262,
446,419,264,420,
289,446,264,290,
289,419,446,445,
289,264,419,263,
446,264,419,289,
446,421,291,447,
446,291,264,290,
446,264,421,420,
291,421,264,265,
446,291,421,264,
448,421,266,422,
291,448,266,292,
291,421,448,447,
291,266,421,265,
448,266,421,291,
448,423,293,449,
448,293,266,292,
448,266,423,422,
293,423,266,267,
448,293,423,266,
450,423,268,424,
293,450,268,294,
293,423,450,449,
293,268,423,267,
450,268,423,293,
450,425,295,451,
450,295,268,294,
450,268,425,424,
295,425,268,269,
450,295,425,268,
452,425,270,426,
295,452,270,296,
295,425,452,451,
295,270,425,269,
452,270,425,295,
452,427,297,453,
452,297,270,296,
452,270,427,426,
297,427,270,271,
452,297,427,270,
454,427,272,428,
297,454,272,298,
297,427,454,453,
297,272,427,271,
454,272,427,297,
454,429,299,455,
454,299,272,298,
454,272,429,428,
299,429,272,273,
454,299,429,272,
456,429,274,430,
299,456,274,300,
299,429,456,455,
299,274,429,273,
456,274,429,299,
456,431,301,457,
456,301,274,300,
456,274,431,430,
301,431,274,275,
456,301,431,274,
458,431,276,432,
301,458,276,302,
301,431,458,457,
301,276,431,275,
458,276,431,301,
458,433,303,459,
458,303,276,302,
458,276,433,432,
303,433,276,277,
458,303,433,276,
460,433,278,434,
303,460,278,304,
303,433,460,459,
303,278,433,277,
460,278,433,303,
460,435,305,461,
460,305,278,304,
460,278,435,434,
305,435,278,279,
460,305,435,278,
462,435,280,436,
305,462,280,306,
305,435,462,461,
305,280,435,279,
462,280,435,305,
462,437,307,463,
462,307,280,306,
462,280,437,436,
307,437,280,281,
462,307,437,280,
464,437,282,438,
307,464,282,308,
307,437,464,463,
307,282,437,281,
464,282,437,307,
464,439,309,465,
464,309,282,308,
464,282,439,438,
309,439,282,283,
464,309,439,282,
466,439,284,440,
309,466,284,310,
309,439,466,465,
309,284,439,283,
466,284,439,309,
466,441,311,467,
466,311,284,310,
466,284,441,440,
311,441,284,285,
466,311,441,284,
468,441,286,442,
311,468,286,312,
311,441,468,467,
311,286,441,285,
468,286,441,311,
495,470,340,496,
495,340,313,339,
495,313,470,469,
340,470,313,314,
495,340,470,313,
497,470,315,471,
340,497,315,341,
340,470,497,496,
340,315,470,314,
497,315,470,340,
497,472,342,498,
497,342,315,341,
497,315,472,471,
342,472,315,316,
497,342,472,315,
499,472,317,473,
342,499,317,343,
342,472,499,498,
342,317,472,316,
499,317,472,342,
499,474,344,500,
499,344,317,343,
499,317,474,473,
344,474,317,318,
499,344,474,317,
501,474,319,475,
344,501,319,345,
344,474,501,500,
344,319,474,318,
501,319,474,344,
501,476,346,502,
501,346,319,345,
501,319,476,475,
346,476,319,320,
501,346,476,319,
503,476,321,477,
346,503,321,347,
346,476,503,502,
346,321,476,320,
503,321,476,346,
503,478,348,504,
503,348,321,347,
503,321,478,477,
348,478,321,322,
503,348,478,321,
505,478,323,479,
348,505,323,349,
348,478,505,504,
348,323,478,322,
505,323,478,348,
505,480,350,506,
505,350,323,349,
505,323,480,479,
350,480,323,324,
505,350,480,323,
507,480,325,481,
350,507,325,351,
350,480,507,506,
350,325,480,324,
507,325,480,350,
507,482,352,508,
507,352,325,351,
507,325,482,481,
352,482,325,326,
507,352,482,325,
509,482,327,483,
352,509,327,353,
352,482,509,508,
352,327,482,326,
509,327,482,352,
509,484,354,510,
509,354,327,353,
509,327,484,483,
354,484,327,328,
509,354,484,327,
511,484,329,485,
354,511,329,355,
354,484,511,510,
354,329,484,328,
511,329,484,354,
511,486,356,512,
511,356,329,355,
511,329,486,485,
356,486,329,330,
511,356,486,329,
513,486,331,487,
356,513,331,357,
356,486,513,512,
356,331,486,330,
513,331,486,356,
513,488,358,514,
513,358,331,357,
513,331,488,487,
358,488,331,332,
513,358,488,331,
515,488,333,489,
358,515,333,359,
358,488,515,514,
358,333,488,332,
515,333,488,358,
515,490,360,516,
515,360,333,359,
515,333,490,489,
360,490,333,334,
515,360,490,333,
517,490,335,491,
360,517,335,361,
360,490,517,516,
360,335,490,334,
517,335,490,360,
517,492,362,518,
517,362,335,361,
517,335,492,491,
362,492,335,336,
517,362,492,335,
519,492,337,493,
362,519,337,363,
362,492,519,518,
362,337,492,336,
519,337,492,362,
519,494,364,520,
519,364,337,363,
519,337,494,493,
364,494,337,338,
519,364,494,337,
522,495,340,496,
365,522,340,366,
365,495,522,521,
365,340,495,339,
522,340,495,365,
522,497,367,523,
522,367,340,366,
522,340,497,496,
367,497,340,341,
522,367,497,340,
524,497,342,498,
367,524,342,368,
367,497,524,523,
367,342,497,341,
524,342,497,367,
524,499,369,525,
524,369,342,368,
524,342,499,498,
369,499,342,343,
524,369,499,342,
526,499,344,500,
369,526,344,370,
369,499,526,525,
369,344,499,343,
526,344,499,369,
526,501,371,527,
526,371,344,370,
526,344,501,500,
371,501,344,345,
526,371,501,344,
528,501,346,502,
371,528,346,372,
371,501,528,527,
371,346,501,345,
528,346,501,371,
528,503,373,529,
528,373,346,372,
528,346,503,502,
373,503,346,347,
528,373,503,346,
530,503,348,504,
373,530,348,374,
373,503,530,529,
373,348,503,347,
530,348,503,373,
530,505,375,531,
530,375,348,374,
530,348,505,504,
375,505,348,349,
530,375,505,348,
532,505,350,506,
375,532,350,376,
375,505,532,531,
375,350,505,349,
532,350,505,375,
532,507,377,533,
532,377,350,376,
532,350,507,506,
377,507,350,351,
532,377,507,350,
534,507,352,508,
377,534,352,378,
377,507,534,533,
377,352,507,351,
534,352,507,377,
534,509,379,535,
534,379,352,378,
534,352,509,508,
379,509,352,353,
534,379,509,352,
536,509,354,510,
379,536,354,380,
379,509,536,535,
379,354,509,353,
536,354,509,379,
536,511,381,537,
536,381,354,380,
536,354,511,510,
381,511,354,355,
536,381,511,354,
538,511,356,512,
381,538,356,382,
381,511,538,537,
381,356,511,355,
538,356,511,381,
538,513,383,539,
538,383,356,382,
538,356,513,512,
383,513,356,357,
538,383,513,356,
540,513,358,514,
383,540,358,384,
383,513,540,539,
383,358,513,357,
540,358,513,383,
540,515,385,541,
540,385,358,384,
540,358,515,514,
385,515,358,359,
540,385,515,358,
542,515,360,516,
385,542,360,386,
385,515,542,541,
385,360,515,359,
542,360,515,385,
542,517,387,543,
542,387,360,386,
542,360,517,516,
387,517,360,361,
542,387,517,360,
544,517,362,518,
387,544,362,388,
387,517,544,543,
387,362,517,361,
544,362,517,387,
544,519,389,545,
544,389,362,388,
544,362,519,518,
389,519,362,363,
544,389,519,362,
546,519,364,520,
389,546,364,390,
389,519,546,545,
389,364,519,363,
546,364,519,389,
547,522,392,548,
547,392,365,391,
547,365,522,521,
392,522,365,366,
547,392,522,365,
549,522,367,523,
392,549,367,393,
392,522,549,548,
392,367,522,366,
549,367,522,392,
549,524,394,550,
549,394,367,393,
549,367,524,523,
394,524,367,368,
549,394,524,367,
551,524,369,525,
394,551,369,395,
394,524,551,550,
394,369,524,368,
551,369,524,394,
551,526,396,552,
551,396,369,395,
551,369,526,525,
396,526,369,370,
551,396,526,369,
553,526,371,527,
396,553,371,397,
396,526,553,552,
396,371,526,370,
553,371,526,396,
553,528,398,554,
553,398,371,397,
553,371,528,527,
398,528,371,372,
553,398,528,371,
555,528,373,529,
398,555,373,399,
398,528,555,554,
398,373,528,372,
555,373,528,398,
555,530,400,556,
555,400,373,399,
555,373,530,529,
400,530,373,374,
555,400,530,373,
557,530,375,531,
400,557,375,401,
400,530,557,556,
400,375,530,374,
557,375,530,400,
557,532,402,558,
557,402,375,401,
557,375,532,531,
402,532,375,376,
557,402,532,375,
559,532,377,533,
402,559,377,403,
402,532,559,558,
402,377,532,376,
559,377,532,402,
559,534,404,560,
559,404,377,403,
559,377,534,533,
404,534,377,378,
559,404,534,377,
561,534,379,535,
404,561,379,405,
404,534,561,560,
404,379,534,378,
561,379,534,404,
561,536,406,562,
561,406,379,405,
561,379,536,535,
406,536,379,380,
561,406,536,379,
563,536,381,537,
406,563,381,407,
406,536,563,562,
406,381,536,380,
563,381,536,406,
563,538,408,564,
563,408,381,407,
563,381,538,537,
408,538,381,382,
563,408,538,381,
565,538,383,539,
408,565,383,409,
408,538,565,564,
408,383,538,382,
565,383,538,408,
565,540,410,566,
565,410,383,409,
565,383,540,539,
410,540,383,384,
565,410,540,383,
567,540,385,541,
410,567,385,411,
410,540,567,566,
410,385,540,384,
567,385,540,410,
567,542,412,568,
567,412,385,411,
567,385,542,541,
412,542,385,386,
567,412,542,385,
569,542,387,543,
412,569,387,413,
412,542,569,568,
412,387,542,386,
569,387,542,412,
569,544,414,570,
569,414,387,413,
569,387,544,543,
414,544,387,388,
569,414,544,387,
571,544,389,545,
414,571,389,415,
414,544,571,570,
414,389,544,388,
571,389,544,414,
571,546,416,572,
571,416,389,415,
571,389,546,545,
416,546,389,390,
571,416,546,389,
574,547,392,548,
417,574,392,418,
417,547,574,573,
417,392,547,391,
574,392,547,417,
574,549,419,575,
574,419,392,418,
574,392,549,548,
419,549,392,393,
574,419,549,392,
576,549,394,550,
419,576,394,420,
419,549,576,575,
419,394,549,393,
576,394,549,419,
576,551,421,577,
576,421,394,420,
576,394,551,550,
421,551,394,395,
576,421,551,394,
578,551,396,552,
421,578,396,422,
421,551,578,577,
421,396,551,395,
578,396,551,421,
578,553,423,579,
578,423,396,422,
578,396,553,552,
423,553,396,397,
578,423,553,396,
580,553,398,554,
423,580,398,424,
423,553,580,579,
423,398,553,397,
580,398,553,423,
580,555,425,581,
580,425,398,424,
580,398,555,554,
425,555,398,399,
580,425,555,398,
582,555,400,556,
425,582,400,426,
425,555,582,581,
425,400,555,399,
582,400,555,425,
582,557,427,583,
582,427,400,426,
582,400,557,556,
427,557,400,401,
582,427,557,400,
584,557,402,558,
427,584,402,428,
427,557,584,583,
427,402,557,401,
584,402,557,427,
584,559,429,585,
584,429,402,428,
584,402,559,558,
429,559,402,403,
584,429,559,402,
586,559,404,560,
429,586,404,430,
429,559,586,585,
429,404,559,403,
586,404,559,429,
586,561,431,587,
586,431,404,430,
586,404,561,560,
431,561,404,405,
586,431,561,404,
588,561,406,562,
431,588,406,432,
431,561,588,587,
431,406,561,405,
588,406,561,431,
588,563,433,589,
588,433,406,432,
588,406,563,562,
433,563,406,407,
588,433,563,406,
590,563,408,564,
433,590,408,434,
433,563,590,589,
433,408,563,407,
590,408,563,433,
590,565,435,591,
590,435,408,434,
590,408,565,564,
435,565,408,409,
590,435,565,408,
592,565,410,566,
435,592,410,436,
435,565,592,591,
435,410,565,409,
592,410,565,435,
592,567,437,593,
592,437,410,436,
592,410,567,566,
437,567,410,411,
592,437,567,410,
594,567,412,568,
437,594,412,438,
437,567,594,593,
437,412,567,411,
594,412,567,437,
594,569,439,595,
594,439,412,438,
594,412,569,568,
439,569,412,413,
594,439,569,412,
596,569,414,570,
439,596,414,440,
439,569,596,595,
439,414,569,413,
596,414,569,439,
596,571,441,597,
596,441,414,440,
596,414,571,570,
441,571,414,415,
596,441,571,414,
598,571,416,572,
441,598,416,442,
441,571,598,597,
441,416,571,415,
598,416,571,441,
599,574,444,600,
599,444,417,443,
599,417,574,573,
444,574,417,418,
599,444,574,417,
601,574,419,575,
444,601,419,445,
444,574,601,600,
444,419,574,418,
601,419,574,444,
601,576,446,602,
601,446,419,445,
601,419,576,575,
446,576,419,420,
601,446,576,419,
603,576,421,577,
446,603,421,447,
446,576,603,602,
446,421,576,420,
603,421,576,446,
603,578,448,604,
603,448,421,447,
603,421,578,577,
448,578,421,422,
603,448,578,421,
605,578,423,579,
448,605,423,449,
448,578,605,604,
448,423,578,422,
605,423,578,448,
605,580,450,606,
605,450,423,449,
605,423,580,579,
450,580,423,424,
605,450,580,423,
607,580,425,581,
450,607,425,451,
450,580,607,606,
450,425,580,424,
607,425,580,450,
607,582,452,608,
607,452,425,451,
607,425,582,581,
452,582,425,426,
607,452,582,425,
609,582,427,583,
452,609,427,453,
452,582,609,608,
452,427,582,426,
609,427,582,452,
609,584,454,610,
609,454,427,453,
609,427,584,583,
454,584,427,428,
609,454,584,427,
611,584,429,585,
454,611,429,455,
454,584,611,610,
454,429,584,428,
611,429,584,454,
611,586,456,612,
611,456,429,455,
611,429,586,585,
456,586,429,430,
611,456,586,429,
613,586,431,587,
456,613,431,457,
456,586,613,612,
456,431,586,430,
613,431,586,456,
613,588,458,614,
613,458,431,457,
613,431,588,587,
458,588,431,432,
613,458,588,431,
615,588,433,589,
458,615,433,459,
458,588,615,614,
458,433,588,432,
615,433,588,458,
615,590,460,616,
615,460,433,459,
615,433,590,589,
460,590,433,434,
615,460,590,433,
617,590,435,591,
460,617,435,461,
460,590,617,616,
460,435,590,434,
617,435,590,460,
617,592,462,618,
617,462,435,461,
617,435,592,591,
462,592,435,436,
617,462,592,435,
619,592,437,593,
462,619,437,463,
462,592,619,618,
462,437,592,436,
619,437,592,462,
619,594,464,620,
619,464,437,463,
619,437,594,593,
464,594,437,438,
619,464,594,437,
621,594,439,595,
464,621,439,465,
464,594,621,620,
464,439,594,438,
621,439,594,464,
621,596,466,622,
621,466,439,465,
621,439,596,595,
466,596,439,440,
621,466,596,439,
623,596,441,597,
466,623,441,467,
466,596,623,622,
466,441,596,440,
623,441,596,466,
623,598,468,624,
623,468,441,467,
623,441,598,597,
468,598,441,442,
623,468,598,441,
652,625,470,626,
495,652,470,496,
495,625,652,651,
495,470,625,469,
652,470,625,495,
652,627,497,653,
652,497,470,496,
652,470,627,626,
497,627,470,471,
652,497,627,470,
654,627,472,628,
497,654,472,498,
497,627,654,653,
497,472,627,471,
654,472,627,497,
654,629,499,655,
654,499,472,498,
654,472,629,628,
499,629,472,473,
654,499,629,472,
656,629,474,630,
499,656,474,500,
499,629,656,655,
499,474,629,473,
656,474,629,499,
656,631,501,657,
656,501,474,500,
656,474,631,630,
501,631,474,475,
656,501,631,474,
658,631,476,632,
501,658,476,502,
501,631,658,657,
501,476,631,475,
658,476,631,501,
658,633,503,659,
658,503,476,502,
658,476,633,632,
503,633,476,477,
658,503,633,476,
660,633,478,634,
503,660,478,504,
503,633,660,659,
503,478,633,477,
660,478,633,503,
660,635,505,661,
660,505,478,504,
660,478,635,634,
505,635,478,479,
660,505,635,478,
662,635,480,636,
505,662,480,506,
505,635,662,661,
505,480,635,479,
662,480,635,505,
662,637,507,663,
662,507,480,506,
662,480,637,636,
507,637,480,481,
662,507,637,480,
664,637,482,638,
507,664,482,508,
507,637,664,663,
507,482,637,481,
664,482,637,507,
664,639,509,665,
664,509,482,508,
664,482,639,638,
509,639,482,483,
664,509,639,482,
666,639,484,640,
509,666,484,510,
509,639,666,665,
509,484,639,483,
666,484,639,509,
666,641,511,667,
666,511,484,510,
666,484,641,640,
511,641,484,485,
666,511,641,484,
668,641,486,642,
511,668,486,512,
511,641,668,667,
511,486,641,485,
668,486,641,511,
668,643,513,669,
668,513,486,512,
668,486,643,642,
513,643,486,487,
668,513,643,486,
670,643,488,644,
513,670,488,514,
513,643,670,669,
513,488,643,487,
670,488,643,513,
670,645,515,671,
670,515,488,514,
670,488,645,644,
515,645,488,489,
670,515,645,488,
672,645,490,646,
515,672,490,516,
515,645,672,671,
515,490,645,489,
672,490,645,515,
672,647,517,673,
672,517,490,516,
672,490,647,646,
517,647,490,491,
672,517,647,490,
674,647,492,648,
517,674,492,518,
517,647,674,673,
517,492,647,491,
674,492,647,517,
674,649,519,675,
674,519,492,518,
674,492,649,648,
519,649,492,493,
674,519,649,492,
676,649,494,650,
519,676,494,520,
519,649,676,675,
519,494,649,493,
676,494,649,519,
677,652,522,678,
677,522,495,521,
677,495,652,651,
522,652,495,496,
677,522,652,495,
679,652,497,653,
522,679,497,523,
522,652,679,678,
522,497,652,496,
679,497,652,522,
679,654,524,680,
679,524,497,523,
679,497,654,653,
524,654,497,498,
679,524,654,497,
681,654,499,655,
524,681,499,525,
524,654,681,680,
524,499,654,498,
681,499,654,524,
681,656,526,682,
681,526,499,525,
681,499,656,655,
526,656,499,500,
681,526,656,499,
683,656,501,657,
526,683,501,527,
526,656,683,682,
526,501,656,500,
683,501,656,526,
683,658,528,684,
683,528,501,527,
683,501,658,657,
528,658,501,502,
683,528,658,501,
685,658,503,659,
528,685,503,529,
528,658,685,684,
528,503,658,502,
685,503,658,528,
685,660,530,686,
685,530,503,529,
685,503,660,659,
530,660,503,504,
685,530,660,503,
687,660,505,661,
530,687,505,531,
530,660,687,686,
530,505,660,504,
687,505,660,530,
687,662,532,688,
687,532,505,531,
687,505,662,661,
532,662,505,506,
687,532,662,505,
689,662,507,663,
532,689,507,533,
532,662,689,688,
532,507,662,506,
689,507,662,532,
689,664,534,690,
689,534,507,533,
689,507,664,663,
534,664,507,508,
689,534,664,507,
691,664,509,665,
534,691,509,535,
534,664,691,690,
534,509,664,508,
691,509,664,534,
691,666,536,692,
691,536,509,535,
691,509,666,665,
536,666,509,510,
691,536,666,509,
693,666,511,667,
536,693,511,537,
536,666,693,692,
536,511,666,510,
693,511,666,536,
693,668,538,694,
693,538,511,537,
693,511,668,667,
538,668,511,512,
693,538,668,511,
695,668,513,669,
538,695,513,539,
538,668,695,694,
538,513,668,512,
695,513,668,538,
695,670,540,696,
695,540,513,539,
695,513,670,669,
540,670,513,514,
695,540,670,513,
697,670,515,671,
540,697,515,541,
540,670,697,696,
540,515,670,514,
697,515,670,540,
697,672,542,698,
697,542,515,541,
697,515,672,671,
542,672,515,516,
697,542,672,515,
699,672,517,673,
542,699,517,543,
542,672,699,698,
542,517,672,516,
699,517,672,542,
699,674,544,700,
699,544,517,543,
699,517,674,673,
544,674,517,518,
699,544,674,517,
701,674,519,675,
544,701,519,545,
544,674,701,700,
544,519,674,518,
701,519,674,544,
701,676,546,702,
701,546,519,545,
701,519,676,675,
546,676,519,520,
701,546,676,519,
704,677,522,678,
547,704,522,548,
547,677,704,703,
547,522,677,521,
704,522,677,547,
704,679,549,705,
704,549,522,548,
704,522,679,678,
549,679,522,523,
704,549,679,522,
706,679,524,680,
549,706,524,550,
549,679,706,705,
549,524,679,523,
706,524,679,549,
706,681,551,707,
706,551,524,550,
706,524,681,680,
551,681,524,525,
706,551,681,524,
708,681,526,682,
551,708,526,552,
551,681,708,707,
551,526,681,525,
708,526,681,551,
708,683,553,709,
708,553,526,552,
708,526,683,682,
553,683,526,527,
708,553,683,526,
710,683,528,684,
553,710,528,554,
553,683,710,709,
553,528,683,527,
710,528,683,553,
710,685,555,711,
710,555,528,554,
710,528,685,684,
555,685,528,529,
710,555,685,528,
712,685,530,686,
555,712,530,556,
555,685,712,711,
555,530,685,529,
712,530,685,555,
712,687,557,713,
712,557,530,556,
712,530,687,686,
557,687,530,531,
712,557,687,530,
714,687,532,688,
557,714,532,558,
557,687,714,713,
557,532,687,531,
714,532,687,557,
714,689,559,715,
714,559,532,558,
714,532,689,688,
559,689,532,533,
714,559,689,532,
716,689,534,690,
559,716,534,560,
559,689,716,715,
559,534,689,533,
716,534,689,559,
716,691,561,717,
716,561,534,560,
716,534,691,690,
561,691,534,535,
716,561,691,534,
718,691,536,692,
561,718,536,562,
561,691,718,717,
561,536,691,535,
718,536,691,561,
718,693,563,719,
718,563,536,562,
718,536,693,692,
563,693,536,537,
718,563,693,536,
720,693,538,694,
563,720,538,564,
563,693,720,719,
563,538,693,537,
720,538,693,563,
720,695,565,721,
720,565,538,564,
720,538,695,694,
565,695,538,539,
720,565,695,538,
722,695,540,696,
565,722,540,566,
565,695,722,721,
565,540,695,539,
722,540,695,565,
722,697,567,723,
722,567,540,566,
722,540,697,696,
567,697,540,541,
722,567,697,540,
724,697,542,698,
567,724,542,568,
567,697,724,723,
567,542,697,541,
724,542,697,567,
724,699,569,725,
724,569,542,568,
724,542,699,698,
569,699,542,543,
724,569,699,542,
726,699,544,700,
569,726,544,570,
569,699,726,725,
569,544,699,543,
726,544,699,569,
726,701,571,727,
726,571,544,570,
726,544,701,700,
571,701,544,545,
726,571,701,544,
728,701,546,702,
571,728,546,572,
571,701,728,727,
571,546,701,545,
728,546,701,571,
729,704,574,730,
729,574,547,573,
729,547,704,703,
574,704,547,548,
729,574,704,547,
731,704,549,705,
574,731,549,575,
574,704,731,730,
574,549,704,548,
731,549,704,574,
731,706,576,732,
731,576,549,575,
731,549,706,705,
576,706,549,550,
731,576,706,549,
733,706,551,707,
576,733,551,577,
576,706,733,732,
576,551,706,550,
733,551,706,576,
733,708,578,734,
733,578,551,577,
733,551,708,707,
578,708,551,552,
733,578,708,551,
735,708,553,709,
578,735,553,579,
578,708,735,734,
578,553,708,552,
735,553,708,578,
735,710,580,736,
735,580,553,579,
735,553,710,709,
580,710,553,554,
735,580,710,553,
737,710,555,711,
580,737,555,581,
580,710,737,736,
580,555,710,554,
737,555,710,580,
737,712,582,738,
737,582,555,581,
737,555,712,711,
582,712,555,556,
737,582,712,555,
739,712,557,713,
582,739,557,583,
582,712,739,738,
582,557,712,556,
739,557,712,582,
739,714,584,740,
739,584,557,583,
739,557,714,713,
584,714,557,558,
739,584,714,557,
741,714,559,715,
584,741,559,585,
584,714,741,740,
584,559,714,558,
741,559,714,584,
741,716,586,742,
741,586,559,585,
741,559,716,715,
586,716,559,560,
741,586,716,559,
743,716,561,717,
586,743,561,587,
586,716,743,742,
586,561,716,560,
743,561,716,586,
743,718,588,744,
743,588,561,587,
743,561,718,717,
588,718,561,562,
743,588,718,561,
745,718,563,719,
588,745,563,589,
588,718,745,744,
588,563,718,562,
745,563,718,588,
745,720,590,746,
745,590,563,589,
745,563,720,719,
590,720,563,564,
745,590,720,563,
747,720,565,721,
590,747,565,591,
590,720,747,746,
590,565,720,564,
747,565,720,590,
747,722,592,748,
747,592,565,591,
747,565,722,721,
592,722,565,566,
747,592,722,565,
749,722,567,723,
592,749,567,593,
592,722,749,748,
592,567,722,566,
749,567,722,592,
749,724,594,750,
749,594,567,593,
749,567,724,723,
594,724,567,568,
749,594,724,567,
751,724,569,725,
594,751,569,595,
594,724,751,750,
594,569,724,568,
751,569,724,594,
751,726,596,752,
751,596,569,595,
751,569,726,725,
596,726,569,570,
751,596,726,569,
753,726,571,727,
596,753,571,597,
596,726,753,752,
596,571,726,570,
753,571,726,596,
753,728,598,754,
753,598,571,597,
753,571,728,727,
598,728,571,572,
753,598,728,571,
756,729,574,730,
599,756,574,600,
599,729,756,755,
599,574,729,573,
756,574,729,599,
756,731,601,757,
756,601,574,600,
756,574,731,730,
601,731,574,575,
756,601,731,574,
758,731,576,732,
601,758,576,602,
601,731,758,757,
601,576,731,575,
758,576,731,601,
758,733,603,759,
758,603,576,602,
758,576,733,732,
603,733,576,577,
758,603,733,576,
760,733,578,734,
603,760,578,604,
603,733,760,759,
603,578,733,577,
760,578,733,603,
760,735,605,761,
760,605,578,604,
760,578,735,734,
605,735,578,579,
760,605,735,578,
762,735,580,736,
605,762,580,606,
605,735,762,761,
605,580,735,579,
762,580,735,605,
762,737,607,763,
762,607,580,606,
762,580,737,736,
607,737,580,581,
762,607,737,580,
764,737,582,738,
607,764,582,608,
607,737,764,763,
607,582,737,581,
764,582,737,607,
764,739,609,765,
764,609,582,608,
764,582,739,738,
609,739,582,583,
764,609,739,582,
766,739,584,740,
609,766,584,610,
609,739,766,765,
609,584,739,583,
766,584,739,609,
766,741,611,767,
766,611,584,610,
766,584,741,740,
611,741,584,585,
766,611,741,584,
768,741,586,742,
611,768,586,612,
611,741,768,767,
611,586,741,585,
768,586,741,611,
768,743,613,769,
768,613,586,612,
768,586,743,742,
613,743,586,587,
768,613,743,586,
770,743,588,744,
613,770,588,614,
613,743,770,769,
613,588,743,587,
770,588,743,613,
770,745,615,771,
770,615,588,614,
770,588,745,744,
615,745,588,589,
770,615,745,588,
772,745,590,746,
615,772,590,616,
615,745,772,771,
615,590,745,589,
772,590,745,615,
772,747,617,773,
772,617,590,616,
772,590,747,746,
617,747,590,591,
772,617,747,590,
774,747,592,748,
617,774,592,618,
617,747,774,773,
617,592,747,591,
774,592,747,617,
774,749,619,775,
774,619,592,618,
774,592,749,748,
619,749,592,593,
774,619,749,592,
776,749,594,750,
619,776,594,620,
619,749,776,775,
619,594,749,593,
776,594,749,619,
776,751,621,777,
776,621,594,620,
776,594,751,750,
621,751,594,595,
776,621,751,594,
778,751,596,752,
621,778,596,622,
621,751,778,777,
621,596,751,595,
778,596,751,621,
778,753,623,779,
778,623,596,622,
778,596,753,752,
623,753,596,597,
778,623,753,596,
780,753,598,754,
623,780,598,624,
623,753,780,779,
623,598,753,597,
780,598,753,623,
0.0000 ,-25.0000 ,0.0000 ,
20.0000 ,-25.0000 ,0.0000 ,
40.0000 ,-25.0000 ,0.0000 ,
60.0000 ,-25.0000 ,0.0000 ,
80.0000 ,-25.0000 ,0.0000 ,
100.0000 ,-25.0000 ,0.0000 ,
120.0000 ,-25.0000 ,0.0000 ,
140.0000 ,-25.0000 ,0.0000 ,
160.0000 ,-25.0000 ,0.0000 ,
180.0000 ,-25.0000 ,0.0000 ,
200.0000 ,-25.0000 ,0.0000 ,
220.0000 ,-25.0000 ,0.0000 ,
240.0000 ,-25.0000 ,0.0000 ,
260.0000 ,-25.0000 ,0.0000 ,
280.0000 ,-25.0000 ,0.0000 ,
300.0000 ,-25.0000 ,0.0000 ,
320.0000 ,-25.0000 ,0.0000 ,
340.0000 ,-25.0000 ,0.0000 ,
360.0000 ,-25.0000 ,0.0000 ,
380.0000 ,-25.0000 ,0.0000 ,
400.0000 ,-25.0000 ,0.0000 ,
420.0000 ,-25.0000 ,0.0000 ,
440.0000 ,-25.0000 ,0.0000 ,
460.0000 ,-25.0000 ,0.0000 ,
480.0000 ,-25.0000 ,0.0000 ,
500.0000 ,-25.0000 ,0.0000 ,
0.0000 ,-15.0000 ,0.0000 ,
20.0000 ,-15.0000 ,0.0000 ,
40.0000 ,-15.0000 ,0.0000 ,
60.0000 ,-15.0000 ,0.0000 ,
80.0000 ,-15.0000 ,0.0000 ,
100.0000 ,-15.0000 ,0.0000 ,
120.0000 ,-15.0000 ,0.0000 ,
140.0000 ,-15.0000 ,0.0000 ,
160.0000 ,-15.0000 ,0.0000 ,
180.0000 ,-15.0000 ,0.0000 ,
200.0000 ,-15.0000 ,0.0000 ,
220.0000 ,-15.0000 ,0.0000 ,
240.0000 ,-15.0000 ,0.0000 ,
260.0000 ,-15.0000 ,0.0000 ,
280.0000 ,-15.0000 ,0.0000 ,
300.0000 ,-15.0000 ,0.0000 ,
320.0000 ,-15.0000 ,0.0000 ,
340.0000 ,-15.0000 ,0.0000 ,
360.0000 ,-15.0000 ,0.0000 ,
380.0000 ,-15.0000 ,0.0000 ,
400.0000 ,-15.0000 ,0.0000 ,
420.0000 ,-15.0000 ,0.0000 ,
440.0000 ,-15.0000 ,0.0000 ,
460.0000 ,-15.0000 ,0.0000 ,
480.0000 ,-15.0000 ,0.0000 ,
500.0000 ,-15.0000 ,0.0000 ,
0.0000 ,-5.0000 ,0.0000 ,
20.0000 ,-5.0000 ,0.0000 ,
40.0000 ,-5.0000 ,0.0000 ,
60.0000 ,-5.0000 ,0.0000 ,
80.0000 ,-5.0000 ,0.0000 ,
100.0000 ,-5.0000 ,0.0000 ,
120.0000 ,-5.0000 ,0.0000 ,
140.0000 ,-5.0000 ,0.0000 ,
160.0000 ,-5.0000 ,0.0000 ,
180.0000 ,-5.0000 ,0.0000 ,
200.0000 ,-5.0000 ,0.0000 ,
220.0000 ,-5.0000 ,0.0000 ,
240.0000 ,-5.0000 ,0.0000 ,
260.0000 ,-5.0000 ,0.0000 ,
280.0000 ,-5.0000 ,0.0000 ,
300.0000 ,-5.0000 ,0.0000 ,
320.0000 ,-5.0000 ,0.0000 ,
340.0000 ,-5.0000 ,0.0000 ,
360.0000 ,-5.0000 ,0.0000 ,
380.0000 ,-5.0000 ,0.0000 ,
400.0000 ,-5.0000 ,0.0000 ,
420.0000 ,-5.0000 ,0.0000 ,
440.0000 ,-5.0000 ,0.0000 ,
460.0000 ,-5.0000 ,0.0000 ,
480.0000 ,-5.0000 ,0.0000 ,
500.0000 ,-5.0000 ,0.0000 ,
0.0000 ,5.0000 ,0.0000 ,
20.0000 ,5.0000 ,0.0000 ,
40.0000 ,5.0000 ,0.0000 ,
60.0000 ,5.0000 ,0.0000 ,
80.0000 ,5.0000 ,0.0000 ,
100.0000 ,5.0000 ,0.0000 ,
120.0000 ,5.0000 ,0.0000 ,
140.0000 ,5.0000 ,0.0000 ,
160.0000 ,5.0000 ,0.0000 ,
180.0000 ,5.0000 ,0.0000 ,
200.0000 ,5.0000 ,0.0000 ,
220.0000 ,5.0000 ,0.0000 ,
240.0000 ,5.0000 ,0.0000 ,
260.0000 ,5.0000 ,0.0000 ,
280.0000 ,5.0000 ,0.0000 ,
300.0000 ,5.0000 ,0.0000 ,
320.0000 ,5.0000 ,0.0000 ,
340.0000 ,5.0000 ,0.0000 ,
360.0000 ,5.0000 ,0.0000 ,
380.0000 ,5.0000 ,0.0000 ,
400.0000 ,5.0000 ,0.0000 ,
420.0000 ,5.0000 ,0.0000 ,
440.0000 ,5.0000 ,0.0000 ,
460.0000 ,5.0000 ,0.0000 ,
480.0000 ,5.0000 ,0.0000 ,
500.0000 ,5.0000 ,0.0000 ,
0.0000 ,15.0000 ,0.0000 ,
20.0000 ,15.0000 ,0.0000 ,
40.0000 ,15.0000 ,0.0000 ,
60.0000 ,15.0000 ,0.0000 ,
80.0000 ,15.0000 ,0.0000 ,
100.0000 ,15.0000 ,0.0000 ,
120.0000 ,15.0000 ,0.0000 ,
140.0000 ,15.0000 ,0.0000 ,
160.0000 ,15.0000 ,0.0000 ,
180.0000 ,15.0000 ,0.0000 ,
200.0000 ,15.0000 ,0.0000 ,
220.0000 ,15.0000 ,0.0000 ,
240.0000 ,15.0000 ,0.0000 ,
260.0000 ,15.0000 ,0.0000 ,
280.0000 ,15.0000 ,0.0000 ,
300.0000 ,15.0000 ,0.0000 ,
320.0000 ,15.0000 ,0.0000 ,
340.0000 ,15.0000 ,0.0000 ,
360.0000 ,15.0000 ,0.0000 ,
380.0000 ,15.0000 ,0.0000 ,
400.0000 ,15.0000 ,0.0000 ,
420.0000 ,15.0000 ,0.0000 ,
440.0000 ,15.0000 ,0.0000 ,
460.0000 ,15.0000 ,0.0000 ,
480.0000 ,15.0000 ,0.0000 ,
500.0000 ,15.0000 ,0.0000 ,
0.0000 ,25.0000 ,0.0000 ,
20.0000 ,25.0000 ,0.0000 ,
40.0000 ,25.0000 ,0.0000 ,
60.0000 ,25.0000 ,0.0000 ,
80.0000 ,25.0000 ,0.0000 ,
100.0000 ,25.0000 ,0.0000 ,
120.0000 ,25.0000 ,0.0000 ,
140.0000 ,25.0000 ,0.0000 ,
160.0000 ,25.0000 ,0.0000 ,
180.0000 ,25.0000 ,0.0000 ,
200.0000 ,25.0000 ,0.0000 ,
220.0000 ,25.0000 ,0.0000 ,
240.0000 ,25.0000 ,0.0000 ,
260.0000 ,25.0000 ,0.0000 ,
280.0000 ,25.0000 ,0.0000 ,
300.0000 ,25.0000 ,0.0000 ,
320.0000 ,25.0000 ,0.0000 ,
340.0000 ,25.0000 ,0.0000 ,
360.0000 ,25.0000 ,0.0000 ,
380.0000 ,25.0000 ,0.0000 ,
400.0000 ,25.0000 ,0.0000 ,
420.0000 ,25.0000 ,0.0000 ,
440.0000 ,25.0000 ,0.0000 ,
460.0000 ,25.0000 ,0.0000 ,
480.0000 ,25.0000 ,0.0000 ,
500.0000 ,25.0000 ,0.0000 ,
0.0000 ,-25.0000 ,5.0000 ,
20.0000 ,-25.0000 ,5.0000 ,
40.0000 ,-25.0000 ,5.0000 ,
60.0000 ,-25.0000 ,5.0000 ,
80.0000 ,-25.0000 ,5.0000 ,
100.0000 ,-25.0000 ,5.0000 ,
120.0000 ,-25.0000 ,5.0000 ,
140.0000 ,-25.0000 ,5.0000 ,
160.0000 ,-25.0000 ,5.0000 ,
180.0000 ,-25.0000 ,5.0000 ,
200.0000 ,-25.0000 ,5.0000 ,
220.0000 ,-25.0000 ,5.0000 ,
240.0000 ,-25.0000 ,5.0000 ,
260.0000 ,-25.0000 ,5.0000 ,
280.0000 ,-25.0000 ,5.0000 ,
300.0000 ,-25.0000 ,5.0000 ,
320.0000 ,-25.0000 ,5.0000 ,
340.0000 ,-25.0000 ,5.0000 ,
360.0000 ,-25.0000 ,5.0000 ,
380.0000 ,-25.0000 ,5.0000 ,
400.0000 ,-25.0000 ,5.0000 ,
420.0000 ,-25.0000 ,5.0000 ,
440.0000 ,-25.0000 ,5.0000 ,
460.0000 ,-25.0000 ,5.0000 ,
480.0000 ,-25.0000 ,5.0000 ,
500.0000 ,-25.0000 ,5.0000 ,
0.0000 ,-15.0000 ,5.0000 ,
20.0000 ,-15.0000 ,5.0000 ,
40.0000 ,-15.0000 ,5.0000 ,
60.0000 ,-15.0000 ,5.0000 ,
80.0000 ,-15.0000 ,5.0000 ,
100.0000 ,-15.0000 ,5.0000 ,
120.0000 ,-15.0000 ,5.0000 ,
140.0000 ,-15.0000 ,5.0000 ,
160.0000 ,-15.0000 ,5.0000 ,
180.0000 ,-15.0000 ,5.0000 ,
200.0000 ,-15.0000 ,5.0000 ,
220.0000 ,-15.0000 ,5.0000 ,
240.0000 ,-15.0000 ,5.0000 ,
260.0000 ,-15.0000 ,5.0000 ,
280.0000 ,-15.0000 ,5.0000 ,
300.0000 ,-15.0000 ,5.0000 ,
320.0000 ,-15.0000 ,5.0000 ,
340.0000 ,-15.0000 ,5.0000 ,
360.0000 ,-15.0000 ,5.0000 ,
380.0000 ,-15.0000 ,5.0000 ,
400.0000 ,-15.0000 ,5.0000 ,
420.0000 ,-15.0000 ,5.0000 ,
440.0000 ,-15.0000 ,5.0000 ,
460.0000 ,-15.0000 ,5.0000 ,
480.0000 ,-15.0000 ,5.0000 ,
500.0000 ,-15.0000 ,5.0000 ,
0.0000 ,-5.0000 ,5.0000 ,
20.0000 ,-5.0000 ,5.0000 ,
40.0000 ,-5.0000 ,5.0000 ,
60.0000 ,-5.0000 ,5.0000 ,
80.0000 ,-5.0000 ,5.0000 ,
100.0000 ,-5.0000 ,5.0000 ,
120.0000 ,-5.0000 ,5.0000 ,
140.0000 ,-5.0000 ,5.0000 ,
160.0000 ,-5.0000 ,5.0000 ,
180.0000 ,-5.0000 ,5.0000 ,
200.0000 ,-5.0000 ,5.0000 ,
220.0000 ,-5.0000 ,5.0000 ,
240.0000 ,-5.0000 ,5.0000 ,
260.0000 ,-5.0000 ,5.0000 ,
280.0000 ,-5.0000 ,5.0000 ,
300.0000 ,-5.0000 ,5.0000 ,
320.0000 ,-5.0000 ,5.0000 ,
340.0000 ,-5.0000 ,5.0000 ,
360.0000 ,-5.0000 ,5.0000 ,
380.0000 ,-5.0000 ,5.0000 ,
400.0000 ,-5.0000 ,5.0000 ,
420.0000 ,-5.0000 ,5.0000 ,
440.0000 ,-5.0000 ,5.0000 ,
460.0000 ,-5.0000 ,5.0000 ,
480.0000 ,-5.0000 ,5.0000 ,
500.0000 ,-5.0000 ,5.0000 ,
0.0000 ,5.0000 ,5.0000 ,
20.0000 ,5.0000 ,5.0000 ,
40.0000 ,5.0000 ,5.0000 ,
60.0000 ,5.0000 ,5.0000 ,
80.0000 ,5.0000 ,5.0000 ,
100.0000 ,5.0000 ,5.0000 ,
120.0000 ,5.0000 ,5.0000 ,
140.0000 ,5.0000 ,5.0000 ,
160.0000 ,5.0000 ,5.0000 ,
180.0000 ,5.0000 ,5.0000 ,
200.0000 ,5.0000 ,5.0000 ,
220.0000 ,5.0000 ,5.0000 ,
240.0000 ,5.0000 ,5.0000 ,
260.0000 ,5.0000 ,5.0000 ,
280.0000 ,5.0000 ,5.0000 ,
300.0000 ,5.0000 ,5.0000 ,
320.0000 ,5.0000 ,5.0000 ,
340.0000 ,5.0000 ,5.0000 ,
360.0000 ,5.0000 ,5.0000 ,
380.0000 ,5.0000 ,5.0000 ,
400.0000 ,5.0000 ,5.0000 ,
420.0000 ,5.0000 ,5.0000 ,
440.0000 ,5.0000 ,5.0000 ,
460.0000 ,5.0000 ,5.0000 ,
480.0000 ,5.0000 ,5.0000 ,
500.0000 ,5.0000 ,5.0000 ,
0.0000 ,15.0000 ,5.0000 ,
20.0000 ,15.0000 ,5.0000 ,
40.0000 ,15.0000 ,5.0000 ,
60.0000 ,15.0000 ,5.0000 ,
80.0000 ,15.0000 ,5.0000 ,
100.0000 ,15.0000 ,5.0000 ,
120.0000 ,15.0000 ,5.0000 ,
140.0000 ,15.0000 ,5.0000 ,
160.0000 ,15.0000 ,5.0000 ,
180.0000 ,15.0000 ,5.0000 ,
200.0000 ,15.0000 ,5.0000 ,
220.0000 ,15.0000 ,5.0000 ,
240.0000 ,15.0000 ,5.0000 ,
260.0000 ,15.0000 ,5.0000 ,
280.0000 ,15.0000 ,5.0000 ,
300.0000 ,15.0000 ,5.0000 ,
320.0000 ,15.0000 ,5.0000 ,
340.0000 ,15.0000 ,5.0000 ,
360.0000 ,15.0000 ,5.0000 ,
380.0000 ,15.0000 ,5.0000 ,
400.0000 ,15.0000 ,5.0000 ,
420.0000 ,15.0000 ,5.0000 ,
440.0000 ,15.0000 ,5.0000 ,
460.0000 ,15.0000 ,5.0000 ,
480.0000 ,15.0000 ,5.0000 ,
500.0000 ,15.0000 ,5.0000 ,
0.0000 ,25.0000 ,5.0000 ,
20.0000 ,25.0000 ,5.0000 ,
40.0000 ,25.0000 ,5.0000 ,
60.0000 ,25.0000 ,5.0000 ,
80.0000 ,25.0000 ,5.0000 ,
100.0000 ,25.0000 ,5.0000 ,
120.0000 ,25.0000 ,5.0000 ,
140.0000 ,25.0000 ,5.0000 ,
160.0000 ,25.0000 ,5.0000 ,
180.0000 ,25.0000 ,5.0000 ,
200.0000 ,25.0000 ,5.0000 ,
220.0000 ,25.0000 ,5.0000 ,
240.0000 ,25.0000 ,5.0000 ,
260.0000 ,25.0000 ,5.0000 ,
280.0000 ,25.0000 ,5.0000 ,
300.0000 ,25.0000 ,5.0000 ,
320.0000 ,25.0000 ,5.0000 ,
340.0000 ,25.0000 ,5.0000 ,
360.0000 ,25.0000 ,5.0000 ,
380.0000 ,25.0000 ,5.0000 ,
400.0000 ,25.0000 ,5.0000 ,
420.0000 ,25.0000 ,5.0000 ,
440.0000 ,25.0000 ,5.0000 ,
460.0000 ,25.0000 ,5.0000 ,
480.0000 ,25.0000 ,5.0000 ,
500.0000 ,25.0000 ,5.0000 ,
0.0000 ,-25.0000 ,10.0000 ,
20.0000 ,-25.0000 ,10.0000 ,
40.0000 ,-25.0000 ,10.0000 ,
60.0000 ,-25.0000 ,10.0000 ,
80.0000 ,-25.0000 ,10.0000 ,
100.0000 ,-25.0000 ,10.0000 ,
120.0000 ,-25.0000 ,10.0000 ,
140.0000 ,-25.0000 ,10.0000 ,
160.0000 ,-25.0000 ,10.0000 ,
180.0000 ,-25.0000 ,10.0000 ,
200.0000 ,-25.0000 ,10.0000 ,
220.0000 ,-25.0000 ,10.0000 ,
240.0000 ,-25.0000 ,10.0000 ,
260.0000 ,-25.0000 ,10.0000 ,
280.0000 ,-25.0000 ,10.0000 ,
300.0000 ,-25.0000 ,10.0000 ,
320.0000 ,-25.0000 ,10.0000 ,
340.0000 ,-25.0000 ,10.0000 ,
360.0000 ,-25.0000 ,10.0000 ,
380.0000 ,-25.0000 ,10.0000 ,
400.0000 ,-25.0000 ,10.0000 ,
420.0000 ,-25.0000 ,10.0000 ,
440.0000 ,-25.0000 ,10.0000 ,
460.0000 ,-25.0000 ,10.0000 ,
480.0000 ,-25.0000 ,10.0000 ,
500.0000 ,-25.0000 ,10.0000 ,
0.0000 ,-15.0000 ,10.0000 ,
20.0000 ,-15.0000 ,10.0000 ,
40.0000 ,-15.0000 ,10.0000 ,
60.0000 ,-15.0000 ,10.0000 ,
80.0000 ,-15.0000 ,10.0000 ,
100.0000 ,-15.0000 ,10.0000 ,
120.0000 ,-15.0000 ,10.0000 ,
140.0000 ,-15.0000 ,10.0000 ,
160.0000 ,-15.0000 ,10.0000 ,
180.0000 ,-15.0000 ,10.0000 ,
200.0000 ,-15.0000 ,10.0000 ,
220.0000 ,-15.0000 ,10.0000 ,
240.0000 ,-15.0000 ,10.0000 ,
260.0000 ,-15.0000 ,10.0000 ,
280.0000 ,-15.0000 ,10.0000 ,
300.0000 ,-15.0000 ,10.0000 ,
320.0000 ,-15.0000 ,10.0000 ,
340.0000 ,-15.0000 ,10.0000 ,
360.0000 ,-15.0000 ,10.0000 ,
380.0000 ,-15.0000 ,10.0000 ,
400.0000 ,-15.0000 ,10.0000 ,
420.0000 ,-15.0000 ,10.0000 ,
440.0000 ,-15.0000 ,10.0000 ,
460.0000 ,-15.0000 ,10.0000 ,
480.0000 ,-15.0000 ,10.0000 ,
500.0000 ,-15.0000 ,10.0000 ,
0.0000 ,-5.0000 ,10.0000 ,
20.0000 ,-5.0000 ,10.0000 ,
40.0000 ,-5.0000 ,10.0000 ,
60.0000 ,-5.0000 ,10.0000 ,
80.0000 ,-5.0000 ,10.0000 ,
100.0000 ,-5.0000 ,10.0000 ,
120.0000 ,-5.0000 ,10.0000 ,
140.0000 ,-5.0000 ,10.0000 ,
160.0000 ,-5.0000 ,10.0000 ,
180.0000 ,-5.0000 ,10.0000 ,
200.0000 ,-5.0000 ,10.0000 ,
220.0000 ,-5.0000 ,10.0000 ,
240.0000 ,-5.0000 ,10.0000 ,
260.0000 ,-5.0000 ,10.0000 ,
280.0000 ,-5.0000 ,10.0000 ,
300.0000 ,-5.0000 ,10.0000 ,
320.0000 ,-5.0000 ,10.0000 ,
340.0000 ,-5.0000 ,10.0000 ,
360.0000 ,-5.0000 ,10.0000 ,
380.0000 ,-5.0000 ,10.0000 ,
400.0000 ,-5.0000 ,10.0000 ,
420.0000 ,-5.0000 ,10.0000 ,
440.0000 ,-5.0000 ,10.0000 ,
460.0000 ,-5.0000 ,10.0000 ,
480.0000 ,-5.0000 ,10.0000 ,
500.0000 ,-5.0000 ,10.0000 ,
0.0000 ,5.0000 ,10.0000 ,
20.0000 ,5.0000 ,10.0000 ,
40.0000 ,5.0000 ,10.0000 ,
60.0000 ,5.0000 ,10.0000 ,
80.0000 ,5.0000 ,10.0000 ,
100.0000 ,5.0000 ,10.0000 ,
120.0000 ,5.0000 ,10.0000 ,
140.0000 ,5.0000 ,10.0000 ,
160.0000 ,5.0000 ,10.0000 ,
180.0000 ,5.0000 ,10.0000 ,
200.0000 ,5.0000 ,10.0000 ,
220.0000 ,5.0000 ,10.0000 ,
240.0000 ,5.0000 ,10.0000 ,
260.0000 ,5.0000 ,10.0000 ,
280.0000 ,5.0000 ,10.0000 ,
300.0000 ,5.0000 ,10.0000 ,
320.0000 ,5.0000 ,10.0000 ,
340.0000 ,5.0000 ,10.0000 ,
360.0000 ,5.0000 ,10.0000 ,
380.0000 ,5.0000 ,10.0000 ,
400.0000 ,5.0000 ,10.0000 ,
420.0000 ,5.0000 ,10.0000 ,
440.0000 ,5.0000 ,10.0000 ,
460.0000 ,5.0000 ,10.0000 ,
480.0000 ,5.0000 ,10.0000 ,
500.0000 ,5.0000 ,10.0000 ,
0.0000 ,15.0000 ,10.0000 ,
20.0000 ,15.0000 ,10.0000 ,
40.0000 ,15.0000 ,10.0000 ,
60.0000 ,15.0000 ,10.0000 ,
80.0000 ,15.0000 ,10.0000 ,
100.0000 ,15.0000 ,10.0000 ,
120.0000 ,15.0000 ,10.0000 ,
140.0000 ,15.0000 ,10.0000 ,
160.0000 ,15.0000 ,10.0000 ,
180.0000 ,15.0000 ,10.0000 ,
200.0000 ,15.0000 ,10.0000 ,
220.0000 ,15.0000 ,10.0000 ,
240.0000 ,15.0000 ,10.0000 ,
260.0000 ,15.0000 ,10.0000 ,
280.0000 ,15.0000 ,10.0000 ,
300.0000 ,15.0000 ,10.0000 ,
320.0000 ,15.0000 ,10.0000 ,
340.0000 ,15.0000 ,10.0000 ,
360.0000 ,15.0000 ,10.0000 ,
380.0000 ,15.0000 ,10.0000 ,
400.0000 ,15.0000 ,10.0000 ,
420.0000 ,15.0000 ,10.0000 ,
440.0000 ,15.0000 ,10.0000 ,
460.0000 ,15.0000 ,10.0000 ,
480.0000 ,15.0000 ,10.0000 ,
500.0000 ,15.0000 ,10.0000 ,
0.0000 ,25.0000 ,10.0000 ,
20.0000 ,25.0000 ,10.0000 ,
40.0000 ,25.0000 ,10.0000 ,
60.0000 ,25.0000 ,10.0000 ,
80.0000 ,25.0000 ,10.0000 ,
100.0000 ,25.0000 ,10.0000 ,
120.0000 ,25.0000 ,10.0000 ,
140.0000 ,25.0000 ,10.0000 ,
160.0000 ,25.0000 ,10.0000 ,
180.0000 ,25.0000 ,10.0000 ,
200.0000 ,25.0000 ,10.0000 ,
220.0000 ,25.0000 ,10.0000 ,
240.0000 ,25.0000 ,10.0000 ,
260.0000 ,25.0000 ,10.0000 ,
280.0000 ,25.0000 ,10.0000 ,
300.0000 ,25.0000 ,10.0000 ,
320.0000 ,25.0000 ,10.0000 ,
340.0000 ,25.0000 ,10.0000 ,
360.0000 ,25.0000 ,10.0000 ,
380.0000 ,25.0000 ,10.0000 ,
400.0000 ,25.0000 ,10.0000 ,
420.0000 ,25.0000 ,10.0000 ,
440.0000 ,25.0000 ,10.0000 ,
460.0000 ,25.0000 ,10.0000 ,
480.0000 ,25.0000 ,10.0000 ,
500.0000 ,25.0000 ,10.0000 ,
0.0000 ,-25.0000 ,15.0000 ,
20.0000 ,-25.0000 ,15.0000 ,
40.0000 ,-25.0000 ,15.0000 ,
60.0000 ,-25.0000 ,15.0000 ,
80.0000 ,-25.0000 ,15.0000 ,
100.0000 ,-25.0000 ,15.0000 ,
120.0000 ,-25.0000 ,15.0000 ,
140.0000 ,-25.0000 ,15.0000 ,
160.0000 ,-25.0000 ,15.0000 ,
180.0000 ,-25.0000 ,15.0000 ,
200.0000 ,-25.0000 ,15.0000 ,
220.0000 ,-25.0000 ,15.0000 ,
240.0000 ,-25.0000 ,15.0000 ,
260.0000 ,-25.0000 ,15.0000 ,
280.0000 ,-25.0000 ,15.0000 ,
300.0000 ,-25.0000 ,15.0000 ,
320.0000 ,-25.0000 ,15.0000 ,
340.0000 ,-25.0000 ,15.0000 ,
360.0000 ,-25.0000 ,15.0000 ,
380.0000 ,-25.0000 ,15.0000 ,
400.0000 ,-25.0000 ,15.0000 ,
420.0000 ,-25.0000 ,15.0000 ,
440.0000 ,-25.0000 ,15.0000 ,
460.0000 ,-25.0000 ,15.0000 ,
480.0000 ,-25.0000 ,15.0000 ,
500.0000 ,-25.0000 ,15.0000 ,
0.0000 ,-15.0000 ,15.0000 ,
20.0000 ,-15.0000 ,15.0000 ,
40.0000 ,-15.0000 ,15.0000 ,
60.0000 ,-15.0000 ,15.0000 ,
80.0000 ,-15.0000 ,15.0000 ,
100.0000 ,-15.0000 ,15.0000 ,
120.0000 ,-15.0000 ,15.0000 ,
140.0000 ,-15.0000 ,15.0000 ,
160.0000 ,-15.0000 ,15.0000 ,
180.0000 ,-15.0000 ,15.0000 ,
200.0000 ,-15.0000 ,15.0000 ,
220.0000 ,-15.0000 ,15.0000 ,
240.0000 ,-15.0000 ,15.0000 ,
260.0000 ,-15.0000 ,15.0000 ,
280.0000 ,-15.0000 ,15.0000 ,
300.0000 ,-15.0000 ,15.0000 ,
320.0000 ,-15.0000 ,15.0000 ,
340.0000 ,-15.0000 ,15.0000 ,
360.0000 ,-15.0000 ,15.0000 ,
380.0000 ,-15.0000 ,15.0000 ,
400.0000 ,-15.0000 ,15.0000 ,
420.0000 ,-15.0000 ,15.0000 ,
440.0000 ,-15.0000 ,15.0000 ,
460.0000 ,-15.0000 ,15.0000 ,
480.0000 ,-15.0000 ,15.0000 ,
500.0000 ,-15.0000 ,15.0000 ,
0.0000 ,-5.0000 ,15.0000 ,
20.0000 ,-5.0000 ,15.0000 ,
40.0000 ,-5.0000 ,15.0000 ,
60.0000 ,-5.0000 ,15.0000 ,
80.0000 ,-5.0000 ,15.0000 ,
100.0000 ,-5.0000 ,15.0000 ,
120.0000 ,-5.0000 ,15.0000 ,
140.0000 ,-5.0000 ,15.0000 ,
160.0000 ,-5.0000 ,15.0000 ,
180.0000 ,-5.0000 ,15.0000 ,
200.0000 ,-5.0000 ,15.0000 ,
220.0000 ,-5.0000 ,15.0000 ,
240.0000 ,-5.0000 ,15.0000 ,
260.0000 ,-5.0000 ,15.0000 ,
280.0000 ,-5.0000 ,15.0000 ,
300.0000 ,-5.0000 ,15.0000 ,
320.0000 ,-5.0000 ,15.0000 ,
340.0000 ,-5.0000 ,15.0000 ,
360.0000 ,-5.0000 ,15.0000 ,
380.0000 ,-5.0000 ,15.0000 ,
400.0000 ,-5.0000 ,15.0000 ,
420.0000 ,-5.0000 ,15.0000 ,
440.0000 ,-5.0000 ,15.0000 ,
460.0000 ,-5.0000 ,15.0000 ,
480.0000 ,-5.0000 ,15.0000 ,
500.0000 ,-5.0000 ,15.0000 ,
0.0000 ,5.0000 ,15.0000 ,
20.0000 ,5.0000 ,15.0000 ,
40.0000 ,5.0000 ,15.0000 ,
60.0000 ,5.0000 ,15.0000 ,
80.0000 ,5.0000 ,15.0000 ,
100.0000 ,5.0000 ,15.0000 ,
120.0000 ,5.0000 ,15.0000 ,
140.0000 ,5.0000 ,15.0000 ,
160.0000 ,5.0000 ,15.0000 ,
180.0000 ,5.0000 ,15.0000 ,
200.0000 ,5.0000 ,15.0000 ,
220.0000 ,5.0000 ,15.0000 ,
240.0000 ,5.0000 ,15.0000 ,
260.0000 ,5.0000 ,15.0000 ,
280.0000 ,5.0000 ,15.0000 ,
300.0000 ,5.0000 ,15.0000 ,
320.0000 ,5.0000 ,15.0000 ,
340.0000 ,5.0000 ,15.0000 ,
360.0000 ,5.0000 ,15.0000 ,
380.0000 ,5.0000 ,15.0000 ,
400.0000 ,5.0000 ,15.0000 ,
420.0000 ,5.0000 ,15.0000 ,
440.0000 ,5.0000 ,15.0000 ,
460.0000 ,5.0000 ,15.0000 ,
480.0000 ,5.0000 ,15.0000 ,
500.0000 ,5.0000 ,15.0000 ,
0.0000 ,15.0000 ,15.0000 ,
20.0000 ,15.0000 ,15.0000 ,
40.0000 ,15.0000 ,15.0000 ,
60.0000 ,15.0000 ,15.0000 ,
80.0000 ,15.0000 ,15.0000 ,
100.0000 ,15.0000 ,15.0000 ,
120.0000 ,15.0000 ,15.0000 ,
140.0000 ,15.0000 ,15.0000 ,
160.0000 ,15.0000 ,15.0000 ,
180.0000 ,15.0000 ,15.0000 ,
200.0000 ,15.0000 ,15.0000 ,
220.0000 ,15.0000 ,15.0000 ,
240.0000 ,15.0000 ,15.0000 ,
260.0000 ,15.0000 ,15.0000 ,
280.0000 ,15.0000 ,15.0000 ,
300.0000 ,15.0000 ,15.0000 ,
320.0000 ,15.0000 ,15.0000 ,
340.0000 ,15.0000 ,15.0000 ,
360.0000 ,15.0000 ,15.0000 ,
380.0000 ,15.0000 ,15.0000 ,
400.0000 ,15.0000 ,15.0000 ,
420.0000 ,15.0000 ,15.0000 ,
440.0000 ,15.0000 ,15.0000 ,
460.0000 ,15.0000 ,15.0000 ,
480.0000 ,15.0000 ,15.0000 ,
500.0000 ,15.0000 ,15.0000 ,
0.0000 ,25.0000 ,15.0000 ,
20.0000 ,25.0000 ,15.0000 ,
40.0000 ,25.0000 ,15.0000 ,
60.0000 ,25.0000 ,15.0000 ,
80.0000 ,25.0000 ,15.0000 ,
100.0000 ,25.0000 ,15.0000 ,
120.0000 ,25.0000 ,15.0000 ,
140.0000 ,25.0000 ,15.0000 ,
160.0000 ,25.0000 ,15.0000 ,
180.0000 ,25.0000 ,15.0000 ,
200.0000 ,25.0000 ,15.0000 ,
220.0000 ,25.0000 ,15.0000 ,
240.0000 ,25.0000 ,15.0000 ,
260.0000 ,25.0000 ,15.0000 ,
280.0000 ,25.0000 ,15.0000 ,
300.0000 ,25.0000 ,15.0000 ,
320.0000 ,25.0000 ,15.0000 ,
340.0000 ,25.0000 ,15.0000 ,
360.0000 ,25.0000 ,15.0000 ,
380.0000 ,25.0000 ,15.0000 ,
400.0000 ,25.0000 ,15.0000 ,
420.0000 ,25.0000 ,15.0000 ,
440.0000 ,25.0000 ,15.0000 ,
460.0000 ,25.0000 ,15.0000 ,
480.0000 ,25.0000 ,15.0000 ,
500.0000 ,25.0000 ,15.0000 ,
0.0000 ,-25.0000 ,20.0000 ,
20.0000 ,-25.0000 ,20.0000 ,
40.0000 ,-25.0000 ,20.0000 ,
60.0000 ,-25.0000 ,20.0000 ,
80.0000 ,-25.0000 ,20.0000 ,
100.0000 ,-25.0000 ,20.0000 ,
120.0000 ,-25.0000 ,20.0000 ,
140.0000 ,-25.0000 ,20.0000 ,
160.0000 ,-25.0000 ,20.0000 ,
180.0000 ,-25.0000 ,20.0000 ,
200.0000 ,-25.0000 ,20.0000 ,
220.0000 ,-25.0000 ,20.0000 ,
240.0000 ,-25.0000 ,20.0000 ,
260.0000 ,-25.0000 ,20.0000 ,
280.0000 ,-25.0000 ,20.0000 ,
300.0000 ,-25.0000 ,20.0000 ,
320.0000 ,-25.0000 ,20.0000 ,
340.0000 ,-25.0000 ,20.0000 ,
360.0000 ,-25.0000 ,20.0000 ,
380.0000 ,-25.0000 ,20.0000 ,
400.0000 ,-25.0000 ,20.0000 ,
420.0000 ,-25.0000 ,20.0000 ,
440.0000 ,-25.0000 ,20.0000 ,
460.0000 ,-25.0000 ,20.0000 ,
480.0000 ,-25.0000 ,20.0000 ,
500.0000 ,-25.0000 ,20.0000 ,
0.0000 ,-15.0000 ,20.0000 ,
20.0000 ,-15.0000 ,20.0000 ,
40.0000 ,-15.0000 ,20.0000 ,
60.0000 ,-15.0000 ,20.0000 ,
80.0000 ,-15.0000 ,20.0000 ,
100.0000 ,-15.0000 ,20.0000 ,
120.0000 ,-15.0000 ,20.0000 ,
140.0000 ,-15.0000 ,20.0000 ,
160.0000 ,-15.0000 ,20.0000 ,
180.0000 ,-15.0000 ,20.0000 ,
200.0000 ,-15.0000 ,20.0000 ,
220.0000 ,-15.0000 ,20.0000 ,
240.0000 ,-15.0000 ,20.0000 ,
260.0000 ,-15.0000 ,20.0000 ,
280.0000 ,-15.0000 ,20.0000 ,
300.0000 ,-15.0000 ,20.0000 ,
320.0000 ,-15.0000 ,20.0000 ,
340.0000 ,-15.0000 ,20.0000 ,
360.0000 ,-15.0000 ,20.0000 ,
380.0000 ,-15.0000 ,20.0000 ,
400.0000 ,-15.0000 ,20.0000 ,
420.0000 ,-15.0000 ,20.0000 ,
440.0000 ,-15.0000 ,20.0000 ,
460.0000 ,-15.0000 ,20.0000 ,
480.0000 ,-15.0000 ,20.0000 ,
500.0000 ,-15.0000 ,20.0000 ,
0.0000 ,-5.0000 ,20.0000 ,
20.0000 ,-5.0000 ,20.0000 ,
40.0000 ,-5.0000 ,20.0000 ,
60.0000 ,-5.0000 ,20.0000 ,
80.0000 ,-5.0000 ,20.0000 ,
100.0000 ,-5.0000 ,20.0000 ,
120.0000 ,-5.0000 ,20.0000 ,
140.0000 ,-5.0000 ,20.0000 ,
160.0000 ,-5.0000 ,20.0000 ,
180.0000 ,-5.0000 ,20.0000 ,
200.0000 ,-5.0000 ,20.0000 ,
220.0000 ,-5.0000 ,20.0000 ,
240.0000 ,-5.0000 ,20.0000 ,
260.0000 ,-5.0000 ,20.0000 ,
280.0000 ,-5.0000 ,20.0000 ,
300.0000 ,-5.0000 ,20.0000 ,
320.0000 ,-5.0000 ,20.0000 ,
340.0000 ,-5.0000 ,20.0000 ,
360.0000 ,-5.0000 ,20.0000 ,
380.0000 ,-5.0000 ,20.0000 ,
400.0000 ,-5.0000 ,20.0000 ,
420.0000 ,-5.0000 ,20.0000 ,
440.0000 ,-5.0000 ,20.0000 ,
460.0000 ,-5.0000 ,20.0000 ,
480.0000 ,-5.0000 ,20.0000 ,
500.0000 ,-5.0000 ,20.0000 ,
0.0000 ,5.0000 ,20.0000 ,
20.0000 ,5.0000 ,20.0000 ,
40.0000 ,5.0000 ,20.0000 ,
60.0000 ,5.0000 ,20.0000 ,
80.0000 ,5.0000 ,20.0000 ,
100.0000 ,5.0000 ,20.0000 ,
120.0000 ,5.0000 ,20.0000 ,
140.0000 ,5.0000 ,20.0000 ,
160.0000 ,5.0000 ,20.0000 ,
180.0000 ,5.0000 ,20.0000 ,
200.0000 ,5.0000 ,20.0000 ,
220.0000 ,5.0000 ,20.0000 ,
240.0000 ,5.0000 ,20.0000 ,
260.0000 ,5.0000 ,20.0000 ,
280.0000 ,5.0000 ,20.0000 ,
300.0000 ,5.0000 ,20.0000 ,
320.0000 ,5.0000 ,20.0000 ,
340.0000 ,5.0000 ,20.0000 ,
360.0000 ,5.0000 ,20.0000 ,
380.0000 ,5.0000 ,20.0000 ,
400.0000 ,5.0000 ,20.0000 ,
420.0000 ,5.0000 ,20.0000 ,
440.0000 ,5.0000 ,20.0000 ,
460.0000 ,5.0000 ,20.0000 ,
480.0000 ,5.0000 ,20.0000 ,
500.0000 ,5.0000 ,20.0000 ,
0.0000 ,15.0000 ,20.0000 ,
20.0000 ,15.0000 ,20.0000 ,
40.0000 ,15.0000 ,20.0000 ,
60.0000 ,15.0000 ,20.0000 ,
80.0000 ,15.0000 ,20.0000 ,
100.0000 ,15.0000 ,20.0000 ,
120.0000 ,15.0000 ,20.0000 ,
140.0000 ,15.0000 ,20.0000 ,
160.0000 ,15.0000 ,20.0000 ,
180.0000 ,15.0000 ,20.0000 ,
200.0000 ,15.0000 ,20.0000 ,
220.0000 ,15.0000 ,20.0000 ,
240.0000 ,15.0000 ,20.0000 ,
260.0000 ,15.0000 ,20.0000 ,
280.0000 ,15.0000 ,20.0000 ,
300.0000 ,15.0000 ,20.0000 ,
320.0000 ,15.0000 ,20.0000 ,
340.0000 ,15.0000 ,20.0000 ,
360.0000 ,15.0000 ,20.0000 ,
380.0000 ,15.0000 ,20.0000 ,
400.0000 ,15.0000 ,20.0000 ,
420.0000 ,15.0000 ,20.0000 ,
440.0000 ,15.0000 ,20.0000 ,
460.0000 ,15.0000 ,20.0000 ,
480.0000 ,15.0000 ,20.0000 ,
500.0000 ,15.0000 ,20.0000 ,
0.0000 ,25.0000 ,20.0000 ,
20.0000 ,25.0000 ,20.0000 ,
40.0000 ,25.0000 ,20.0000 ,
60.0000 ,25.0000 ,20.0000 ,
80.0000 ,25.0000 ,20.0000 ,
100.0000 ,25.0000 ,20.0000 ,
120.0000 ,25.0000 ,20.0000 ,
140.0000 ,25.0000 ,20.0000 ,
160.0000 ,25.0000 ,20.0000 ,
180.0000 ,25.0000 ,20.0000 ,
200.0000 ,25.0000 ,20.0000 ,
220.0000 ,25.0000 ,20.0000 ,
240.0000 ,25.0000 ,20.0000 ,
260.0000 ,25.0000 ,20.0000 ,
280.0000 ,25.0000 ,20.0000 ,
300.0000 ,25.0000 ,20.0000 ,
320.0000 ,25.0000 ,20.0000 ,
340.0000 ,25.0000 ,20.0000 ,
360.0000 ,25.0000 ,20.0000 ,
380.0000 ,25.0000 ,20.0000 ,
400.0000 ,25.0000 ,20.0000 ,
420.0000 ,25.0000 ,20.0000 ,
440.0000 ,25.0000 ,20.0000 ,
460.0000 ,25.0000 ,20.0000 ,
480.0000 ,25.0000 ,20.0000 ,
500.0000 ,25.0000 ,20.0000 ,
1,2500,iron1
