-230.08010
-231.50720
-231.60300
-232.02770
-232.78320
-233.70280
-235.00170
-236.76880
-238.70310
-240.80350
-243.12840
-245.42670
-247.49880
-249.33020
-250.82980
-251.92350
-252.81870
-253.73680
-254.75920
-255.98960
-257.54650
-259.41840
-261.46040
-263.51790
-265.51390
-267.47550
-269.44640
-271.36610
-273.12150
-274.90920
-277.03800
-279.27120
-281.15470
-282.78800
-284.50590
-286.02820
-286.91690
-287.39030
-287.91790
-288.60070
-289.35030
-290.30420
-291.59710
-293.19250
-294.83470
-296.05230
-296.63660
-296.77930
-296.57290
-295.79030
-294.60950
-293.65120
-293.02010
-292.43920
-291.97410
-291.73380
-291.50270
-291.08910
-290.47770
-289.69850
-288.72020
-287.47800
-285.98570
-284.33040
-282.60670
-280.71130
-278.56000
-276.40350
-274.37210
-272.33140
-270.28590
-268.38470
-266.66350
-264.92820
-262.96930
-260.79770
-258.47000
-255.97160
-253.29780
-250.47210
-247.63310
-244.99340
-242.51300
-239.93930
-237.37430
-235.19640
-233.38150
-231.64490
-230.02510
-228.80860
-228.03530
-227.45720
-226.90740
-226.38100
-226.00570
-225.81280
-225.51690
-225.03080
-224.68730
-224.64610
-224.72980
-224.89030
-225.33990
-226.11690
-227.03390
-228.06520
-229.27140
-230.57930
-231.91180
-233.24970
-234.47920
-235.45900
-236.22240
-236.86230
-237.42920
-238.03630
-238.76200
-239.58200
-240.57000
-241.81980
-243.22830
-244.62690
-246.03010
-247.52800
-248.97060
-250.17640
-251.29810
-252.59430
-254.15230
-255.95770
-258.01340
-260.33900
-262.82310
-265.16620
-267.04380
-268.40990
-269.57360
-270.79170
-272.04730
-273.40340
-275.21070
-277.58350
-280.03800
-282.08860
-283.66640
-284.83550
-285.50020
-285.53470
-285.17430
-284.90820
-284.99390
-285.38870
-286.04340
-286.92090
-287.81730
-288.50230
-288.85190
-288.73070
-288.10270
-287.27070
-286.60370
-286.12970
-285.74980
-285.52740
-285.41890
-285.14280
-284.48910
-283.46700
-282.24740
-280.93720
-279.49250
-277.97610
-276.55700
-275.25540
-273.85270
-272.08070
-269.90380
-267.44940
-264.71370
-261.67050
-258.53640
-255.63540
-253.11410
-250.92790
-248.98040
-247.17440
-245.43240
-243.70480
-241.87850
-239.87280
-237.86340
-236.03810
-234.37330
-232.85380
-231.53480
-230.41080
-229.42370
-228.52550
-227.72230
-227.05700
-226.56410
-226.26550
-226.14070
-226.10600
-226.12460
-226.17980
-226.20370
-226.14700
-226.01670
-225.87390
-225.75890
-225.63930
-225.43070
-225.09760
-224.69340
-224.28030
-223.85770
-223.43040
-223.14200
-223.19120
-223.57000
-224.07940
-224.63910
-225.27250
-225.89320
-226.36680
-226.66960
-226.95400
-227.42020
-228.13990
-229.09740
-230.31610
-231.88210
-233.69680
-235.40310
-236.77210
-237.88340
-238.90370
-239.84890
-240.66300
-241.50440
-242.64820
-244.09520
-245.57750
-246.86950
-247.98280
-249.04960
-250.03670
-250.81550
-251.42920
-252.05530
-252.77190
-253.54140
-254.30730
-255.03480
-255.78960
-256.65650
-257.59860
-258.47810
-259.17750
-259.75270
-260.36990
-261.07340
-261.76850
-262.37920
-262.95600
-263.57590
-264.11590
-264.36200
-264.36510
-264.37210
-264.36940
-264.03540
-263.19220
-262.01050
-260.72620
-259.38620
-257.96840
-256.58710
-255.43530
-254.52530
-253.62860
-252.57690
-251.38070
-249.98840
-248.23590
-246.15290
-244.07660
-242.31480
-240.88540
-239.73260
-238.95470
-238.56650
-238.28970
-237.71810
-236.68550
-235.39520
-234.09090
-232.80170
-231.51410
-230.42420
-229.83470
-229.80450
-230.03690
-230.13320
-229.88160
-229.31460
-228.49180
-227.30130
-225.71460
-224.13260
-222.97940
-222.19280
-221.45220
-220.57570
-219.61290
-218.66250
-217.63930
-216.38080
-214.95800
-213.66920
-212.73960
-212.14390
-211.78440
-211.64410
-211.67120
-211.73450
-211.70060
-211.47960
-211.13320
-210.91580
-211.07230
-211.61090
-212.40650
-213.44980
-214.73660
-216.08480
-217.26530
-218.18600
-218.92600
-219.64920
-220.42150
-221.21820
-222.11610
-223.26840
-224.62280
-225.92440
-227.05900
-228.14270
-229.27920
-230.39120
-231.39620
-232.38290
-233.49300
-234.78380
-236.18510
-237.62270
-239.15770
-240.86210
-242.64590
-244.37490
-246.08750
-247.86420
-249.65500
-251.30360
-252.70060
-253.90760
-255.09900
-256.39900
-257.80370
-259.31160
-260.93820
-262.59090
-264.04390
-265.10110
-265.80430
-266.33760
-266.82540
-267.29640
-267.73700
-268.17470
-268.67640
-269.21370
-269.57000
-269.62390
-269.51640
-269.32430
-268.98180
-268.49360
-267.99240
-267.65090
-267.56310
-267.66060
-267.75410
-267.76240
-267.74030
-267.60520
-267.16710
-266.37690
-265.36660
-264.28510
-263.21000
-262.22160
-261.37030
-260.65310
-260.02380
-259.35700
-258.50440
-257.43630
-256.29140
-255.12670
-253.81320
-252.29490
-250.65000
-248.94560
-247.20980
-245.44210
-243.68780
-242.10670
-240.66180
-239.05660
-237.14470
-235.06010
-232.99390
-230.98090
-229.01000
-227.25550
-225.96320
-225.08340
-224.32870
-223.64720
-223.23780
-223.07440
-222.80820
-222.19420
-221.37040
-220.61260
-220.01340
-219.57370
-219.47930
-220.00170
-221.07870
-222.31680
-223.43980
-224.43310
-225.32690
-226.03770
-226.47330
-226.80880
-227.35680
-228.25950
-229.51380
-231.07910
-232.91000
-234.84420
-236.64810
-238.15410
-239.18720
-239.84750
-240.62160
-241.75280
-243.04400
-244.46660
-246.30830
-248.52250
-250.65970
-252.47510
-254.08630
-255.65030
-257.14820
-258.56400
-260.03310
-261.73200
-263.71900
-265.80480
-267.79610
-269.73930
-271.60600
-273.19200
-274.59490
-276.17350
-277.91990
-279.60970
-281.39990
-283.48950
-285.54140
-287.15470
-288.44210
-289.58910
-290.49200
-291.07310
-291.50010
-292.04780
-292.81600
-293.64010
-294.27410
-294.76720
-295.33240
-295.77850
-295.69840
-295.19810
-294.79500
-294.54380
-294.03750
-293.24860
-292.52640
-291.90490
-291.09600
-289.97140
-288.73660
-287.63670
-286.60720
-285.35290
-283.77660
-282.12110
-280.41010
-278.44130
-276.38480
-274.51980
-272.83180
-271.21870
-269.63710
-267.90680
-265.82680
-263.46870
-260.89780
-258.02940
-254.94110
-251.88780
-249.02310
-246.40810
-244.11330
-242.09530
-240.19590
-238.40850
-236.75550
-234.95880
-232.87350
-230.84570
-229.17850
-227.81920
-226.69670
-225.87600
-225.37290
-225.11830
-224.98550
-224.78230
-224.55060
-224.54260
-224.74670
-224.91790
-225.11960
-225.70960
-226.64850
-227.58440
-228.52350
-229.66790
-230.92990
-232.02360
-232.86180
-233.60570
-234.37770
-235.18280
-235.97440
-236.82310
-237.89990
-239.14770
-240.33760
-241.44510
-242.66810
-244.00540
-245.22180
-246.25770
-247.24430
-248.25810
-249.30290
-250.45900
-251.88340
-253.68460
-255.86220
-258.30460
-260.83690
-263.28630
-265.50140
-267.30900
-268.65350
-269.73220
-270.78560
-271.93110
-273.33650
-275.21010
-277.47480
-279.76800
-281.77820
-283.38930
-284.52270
-285.06430
-285.07940
-284.93550
-284.97540
-285.24800
-285.72850
-286.46780
-287.40860
-288.23690
-288.65510
-288.70730
-288.46180
-287.85360
-287.03870
-286.32540
-285.86000
-285.63930
-285.59850
-285.52760
-285.19760
-284.56680
-283.61940
-282.32610
-280.80600
-279.24970
-277.78090
-276.44910
-275.17250
-273.72750
-271.96690
-269.89980
-267.53220
-264.78220
-261.69660
-258.62120
-255.85580
-253.37340
-251.06280
-248.98970
-247.19820
-245.50020
-243.65130
-241.58870
-239.48480
-237.51810
-235.70340
-234.00370
-232.52770
-231.45070
-230.62790
-229.76360
-228.86710
-228.11810
-227.53040
-226.99470
-226.49480
-226.10760
-225.90250
-225.84580
-225.82610
-225.79380
-225.78970
-225.84800
-225.90150
-225.85770
-225.69930
-225.46180
-225.13780
-224.67950
-224.12870
-223.60150
-223.21160
-223.06180
-223.19390
-223.53330
-224.01620
-224.65050
-225.31540
-225.81690
-226.12710
-226.40840
-226.81590
-227.35350
-228.07360
-229.11620
-230.53510
-232.25540
-234.00710
-235.50320
-236.73180
-237.81790
-238.78690
-239.57760
-240.29170
-241.25470
-242.60020
-244.12270
-245.57210
-246.89040
-248.15200
-249.30330
-250.18090
-250.75090
-251.25040
-251.93890
-252.74600
-253.51030
-254.26760
-255.11300
-256.00360
-256.83750
-257.62010
-258.39950
-259.13010
-259.70510
-260.18060
-260.74900
-261.45220
-262.16300
-262.79210
-263.40310
-264.01560
-264.43600
-264.56000
-264.53240
-264.40880
-264.01320
-263.18810
-261.98000
-260.59890
-259.20970
-257.86790
-256.63670
-255.58730
-254.68220
-253.76260
-252.73080
-251.54250
-250.04670
-248.12740
-245.96710
-243.94600
-242.26160
-240.83470
-239.65220
-238.88340
-238.53430
-238.22860
-237.52640
-236.42650
-235.25600
-234.11590
-232.83760
-231.49110
-230.47070
-230.02110
-230.01260
-230.12490
-230.07390
-229.77150
-229.25930
-228.43310
-227.13300
-225.52380
-224.08860
-223.10180
-222.35090
-221.54120
-220.62480
-219.65920
-218.59860
-217.34370
-215.93140
-214.56350
-213.42660
-212.56020
-211.96600
-211.73540
-211.84300
-212.00300
-211.99440
-211.87180
-211.69430
-211.40760
-211.12180
-211.14410
-211.63180
-212.48840
-213.54590
-214.67270
-215.78460
-216.84420
-217.78030
-218.52110
-219.19970
-220.02780
-221.05110
-222.19950
-223.45350
-224.80710
-226.17480
-227.44840
-228.55890
-229.53870
-230.49630
-231.47870
-232.46690
-233.45430
-234.54020
-235.82910
-237.29450
-238.86940
-240.51210
-242.24620
-244.10460
-246.03010
-247.91400
-249.69640
-251.38360
-252.93110
-254.23110
-255.33980
-256.45790
-257.73640
-259.20350
-260.74980
-262.23710
-263.57730
-264.72680
-265.63230
-266.27110
-266.77290
-267.33260
-267.96660
-268.52290
-268.98650
-269.44480
-269.79890
-269.89750
-269.72050
-269.32690
-268.81820
-268.31760
-267.86610
-267.46240
-267.24390
-267.30570
-267.49800
-267.61580
-267.59710
-267.44780
-267.11540
-266.51140
-265.60010
-264.46750
-263.35400
-262.46350
-261.67720
-260.80630
-259.92100
-259.10110
-258.23800
-257.20990
-256.07690
-254.98100
-253.89850
-252.61620
-250.99060
-249.14490
-247.30890
-245.53220
-243.72130
-241.93060
-240.24710
-238.52560
-236.61390
-234.55910
-232.50100
-230.59600
-228.93970
-227.56010
-226.46550
-225.60040
-224.87300
-224.24500
-223.76670
-223.38130
-222.83330
-222.00970
-221.06140
-220.16910
-219.45240
-219.05340
-219.19330
-219.97710
-221.16790
-222.42420
-223.62450
-224.71420
-225.59770
-226.18470
-226.50140
-226.83550
-227.39480