flux
2
1783
-0.0164429	0.00375597	
-0.0141378	-0.0451442	
-0.0111564	-0.0500975	
-0.00775565	-0.0546798	
-0.00421103	-0.0589174	
-7.39242E-4	-0.0628957	
0.00258634	-0.0667177	
0.00569761	-0.0705198	
0.00849247	-0.0744775	
0.0106135	-0.07838	
0.0126152	-0.0823244	
0.0139118	-0.0864779	
0.014575	-0.090584	
0.0145848	-0.0945759	
0.0139794	-0.098427	
0.0125582	-0.101984	
0.0104623	-0.104938	
0.00801133	-0.107323	
0.00498751	-0.109038	
0.00176472	-0.109967	
-0.0203365	-0.0412185	
-0.017755	-0.0469899	
-0.01443	-0.0523727	
-0.0106971	-0.0571129	
-0.0069104	-0.0613366	
-0.00327207	-0.0652065	
1.238E-4	-0.0688776	
0.00321858	-0.0724878	
0.00591628	-0.076113	
0.00816549	-0.0797468	
0.00998824	-0.0834149	
0.0112889	-0.0871363	
0.0119962	-0.0908328	
0.0121116	-0.094419	
0.011617	-0.0978213	
0.0104897	-0.100911	
0.00880731	-0.103542	
0.00668287	-0.105633	
0.00418655	-0.107111	
0.00142999	-0.107886	
-0.0245901	-0.0425263	
-0.0217669	-0.0491532	
-0.0178662	-0.0549425	
-0.0136463	-0.0597805	
-0.00952978	-0.0639097	
-0.0056955	-0.067604	
-0.00220671	-0.0710638	
9.01623E-4	-0.0744248	
0.00359206	-0.0777614	
0.00584066	-0.0811012	
0.00763124	-0.0844558	
0.00892511	-0.0878156	
0.00968465	-0.0911321	
0.0098966	-0.0943358	
0.00955706	-0.0973457	
0.00867939	-0.100062	
0.00731832	-0.102379	
0.00555468	-0.104214	
0.00347472	-0.105496	
0.00118348	-0.106159	
-0.0452625	-0.0490507	
-0.0363445	-0.045865	
-0.0297801	-0.043936	
-0.0360523	-0.0603988	
-0.0311427	-0.0552584	
-0.0262198	-0.0517735	
-0.0279874	-0.0660469	
-0.0248731	-0.061646	
-0.0214052	-0.0579722	
-0.0215529	-0.0697907	
-0.0192076	-0.0660915	
-0.0165222	-0.0627566	
-0.0162715	-0.0727549	
-0.0142879	-0.0696206	
-0.0120136	-0.0666669	
-0.0118407	-0.0753765	
-0.0100269	-0.0726951	
-0.00796302	-0.0700997	
-0.00807856	-0.0778524	
-0.00633678	-0.0755525	
-0.00437073	-0.0732872	
-0.0048776	-0.0802792	
-0.00315763	-0.0783183	
-0.00122742	-0.0763659	
-0.00217554	-0.0827018	
-4.5539E-4	-0.0810559	
0.00146812	-0.0794088	
6.23746E-5	-0.0851335	
0.00178668	-0.0837909	
0.00371228	-0.0824475	
0.00185413	-0.0875669	
0.00357366	-0.0865232	
0.00549642	-0.0854877	
0.00320846	-0.0899784	
0.00490304	-0.0892328	
0.00680339	-0.0885127	
0.00413147	-0.092331	
0.00577112	-0.0918816	
0.00761598	-0.0914817	
0.00463269	-0.0945764	
0.00617999	-0.0944166	
0.00792734	-0.094335	
0.00472979	-0.0966585	
0.00614229	-0.0967742	
0.00774318	-0.0969998	
0.00445195	-0.0985172	
0.00568533	-0.0988844	
0.00708695	-0.0993934	
0.00384183	-0.100093	
0.00485387	-0.100677	
0.00600652	-0.101432	
0.00295533	-0.10133	
0.00370913	-0.102088	
0.00457022	-0.103041	
0.00186032	-0.102184	
0.00232611	-0.103064	
0.00286013	-0.104158	
6.34927E-4	-0.10262	
7.92599E-4	-0.103563	
9.7384E-4	-0.104732	
-0.056264	0.0143458	
-0.0598131	-0.0113442	
-0.054937	-0.0373405	
-0.0415567	0.0213852	
-0.0418952	-0.0125523	
-0.0399546	-0.0463575	
-0.0320938	0.0226836	
-0.0318155	-0.0137602	
-0.0304007	-0.0501827	
-0.0252416	0.0227037	
-0.0246465	-0.0150904	
-0.023405	-0.0528371	
-0.0198426	0.0220996	
-0.0190883	-0.0165102	
-0.0178894	-0.055078	
-0.0154598	0.0211562	
-0.0145727	-0.0180289	
-0.0133648	-0.0571695	
-0.0117908	0.0199771	
-0.0108149	-0.0196443	
-0.00957549	-0.0592251	
-0.00871655	0.01863	
-0.00765673	-0.0213506	
-0.00637861	-0.0612951	
-0.00611748	0.0171537	
-0.00500383	-0.0231345	
-0.00369111	-0.0633975	
-0.00395348	0.0155938	
-0.00280029	-0.0249749	
-0.00146463	-0.0655296	
-0.00217822	0.0139843	
-0.00101205	-0.0268444	
3.28757E-4	-0.0676748	
-7.72753E-4	0.0123672	
3.82923E-4	-0.02871	
0.00170599	-0.069805	
2.82626E-4	0.0107784	
0.00140198	-0.0305338	
0.00268016	-0.0718831	
0.00101141	0.00926002	
0.00206399	-0.0322733	
0.00326628	-0.0738643	
0.0014339	0.00785378	
0.00239192	-0.033883	
0.00348542	-0.0756983	
0.00158378	0.00660115	
0.00241629	-0.0353162	
0.00336772	-0.0773326	
0.00149505	0.00554285	
0.00217574	-0.0365276	
0.00295387	-0.0787154	
0.00121278	0.00471359	
0.00171772	-0.0374768	
0.00229534	-0.0797999	
7.87141E-4	0.00414317	
0.0010978	-0.0381298	
0.00145338	-0.0805467	
2.73448E-4	0.00385381	
3.77389E-4	-0.0384623	
4.97387E-4	-0.0809275	
-0.00566816	0.00574771	
-0.00584958	0.00531364	
-0.00602632	0.00482607	
-0.00537161	0.00519753	
-0.00494875	0.00529599	
-0.00517352	0.0055251	
-0.00542916	0.00473168	
-0.00491659	0.00476658	
-0.00614992	0.00593852	
-0.00638447	0.00551314	
-0.00660832	0.00500718	
-0.00664134	0.00620134	
-0.00691764	0.00576131	
-0.00722073	0.00525641	
-0.0078147	0.00556875	
-0.00747043	0.00606785	
-0.00711067	0.00651395	
-0.00889284	0.00652687	
-0.00838867	0.00597418	
-0.00794579	0.00639598	
-0.00767456	0.00684129	
-0.00824224	0.00694814	
-0.00548984	0.00694556	
-0.00571601	0.00663067	
-0.00594059	0.00631127	
-0.00534755	0.00641061	
-0.00496684	0.00636164	
-0.00508934	0.00661228	
-0.0055072	0.00609543	
-0.00499759	0.00593799	
-0.00584833	0.00723616	
-0.00612505	0.00690961	
-0.00636521	0.00656228	
-0.0072374	0.00731462	
-0.00679397	0.00688037	
-0.00649078	0.00718555	
-0.00629345	0.00755218	
-0.00672802	0.00765722	
-0.00510076	0.00747346	
-0.00479859	0.0073423	
-0.00481609	0.00762025	
-0.00528883	0.00721044	
-0.00489899	0.0069516	
-0.00588444	0.00794354	
-0.00558762	0.00751431	
-0.00533713	0.00773103	
-0.0050847	0.0080007	
-0.00548925	0.00818602	
-0.00482123	0.00822744	
-0.00462873	0.00787571	
-0.00450932	0.00824866	
-0.00458484	0.0038838	
-0.0048177	0.00435727	
-0.00499771	0.00398618	
-0.00553623	0.00413629	
-0.00616114	0.00426881	
-0.0068198	0.0044205	
-0.00958944	0.00594417	
-0.00890329	0.00539085	
-0.00823518	0.00497654	
-0.00750932	0.00464551	
-0.00507467	0.00346144	
-0.0046804	0.00342455	
-0.00447679	0.00347139	
-0.00561121	0.00355329	
-0.00624786	0.00362553	
-0.00697476	0.00372854	
-0.00776669	0.00389264	
-0.00868829	0.00421341	
-0.0095371	0.004624	
-0.0102246	0.00525359	
-0.00533349	0.00868509	
-0.00481794	0.00863149	
-0.00435257	0.00860904	
-0.0064799	0.009006	
-0.00631112	0.00842907	
-0.00588814	0.00887557	
-0.00714953	0.00893898	
-0.00688067	0.00818443	
-0.0080473	0.00884704	
-0.00771543	0.00792284	
-0.00898211	0.00851151	
-0.00849372	0.00759426	
-0.00997766	0.00800524	
-0.00941405	0.00718586	
-0.010966	0.00742287	
-0.0102531	0.00661566	
-0.0119825	0.0066682	
-0.0110567	0.00587078	
-0.00426846	0.00307033	
-0.00464178	0.00303253	
-0.00507981	0.00299648	
-0.00560289	0.00298132	
-0.00623483	0.00295192	
-0.00701401	0.00289594	
-0.0100816	0.00344274	
-0.00980772	0.00416126	
-0.00901733	0.00321948	
-0.00794675	0.00299143	
-0.0107176	0.00445004	
-0.0111666	0.00353482	
-0.0117553	0.00493046	
-0.0123535	0.00384228	
-0.013795	0.0042321	
-0.0149836	0.00477765	
-0.012984	0.00559431	
-0.00806281	0.00203728	
-0.0073855	0.00204303	
-0.00687608	0.00209196	
-0.00610293	0.00231843	
-0.00912253	0.00220638	
-0.00548446	0.00243852	
-0.0102114	0.00229383	
-0.0049546	0.00252669	
-0.00448718	0.00260346	
-0.0114249	0.00235997	
-0.00407587	0.00267422	
-0.0128048	0.00250772	
-0.0142004	0.0027782	
-0.0156182	0.00336915	
-0.00737286	0.00128734	
-0.00678993	0.00131069	
-0.00648816	0.00148619	
-0.00819906	0.00123716	
-0.0058481	0.00174159	
-0.00526692	0.00192477	
-0.00915765	0.00120041	
-0.00474828	0.00206874	
-0.0102427	0.00114161	
-0.00428262	0.00218889	
-0.00386237	0.00229782	
-0.0115041	0.00102786	
-0.0129887	9.09966E-4	
-0.0147378	0.00105376	
-0.0164331	0.00162347	
-0.0036282	0.00194696	
-0.00403812	0.00180256	
-0.00448698	0.00164038	
-0.00497785	0.00145353	
-0.00550698	0.00123087	
-0.00605116	9.74031E-4	
-0.00660407	7.03975E-4	
-0.00729783	5.22345E-4	
-0.0154475	-0.00209863	
-0.014144	-0.00130236	
-0.0150776	-6.07345E-4	
-0.0169788	-2.82353E-4	
-0.017106	-0.00240547	
-0.012858	-7.38389E-4	
-0.0113359	-2.89859E-4	
-0.0101254	5.12382E-6	
-0.00905947	2.22666E-4	
-0.0081351	3.85336E-4	
-0.00710844	-2.16879E-4	
-0.00651523	-3.1269E-5	
-0.00624543	1.7231E-4	
-0.00792131	-4.19202E-4	
-0.00566492	4.90938E-4	
-0.00881313	-7.17097E-4	
-0.00513989	7.70354E-4	
-0.00980483	-0.00109169	
-0.00464661	0.00102461	
-0.010954	-0.00156426	
-0.00418783	0.00125047	
-0.0121917	-0.00218639	
-0.00376603	0.00144902	
-0.00337779	0.0016254	
-0.0134934	-0.00285659	
-0.01493	-0.00368236	
-0.0167205	-0.00449048	
-0.00428275	6.34524E-4	
-0.00474306	3.39137E-4	
-0.00523458	2.82739E-5	
-0.00386334	9.00916E-4	
-0.00576876	-2.86342E-4	
-0.0034758	0.00113087	
-0.00630792	-5.60604E-4	
-0.00311639	0.00133395	
-0.00689653	-8.72595E-4	
-0.00760622	-0.0011974	
-0.00841533	-0.00159973	
-0.00933261	-0.00209785	
-0.0103372	-0.00271653	
-0.0114657	-0.00344053	
-0.0126626	-0.00430367	
-0.015666	-0.00649022	
-0.0140782	-0.00528182	
-0.00993184	0.0101843	
-0.00956565	0.00935044	
-0.00897214	0.0100313	
-0.0109992	0.010026	
-0.0105274	0.00892555	
-0.00809385	0.00975273	
-0.0071474	0.00971045	
-0.00639342	0.00962429	
-0.00412894	0.00900548	
-0.00459743	0.00915083	
-0.00513112	0.00931095	
-0.00570292	0.00947978	
-0.0124025	0.00967346	
-0.0116769	0.00840835	
-0.013836	0.00889152	
-0.0148433	0.00998679	
-0.0128921	0.00766232	
-0.0159397	0.00937392	
-0.0152586	0.0079026	
-0.0142671	0.00654849	
-0.017902	0.00856183	
-0.0168051	0.00688054	
-0.0155479	0.00543173	
-0.0201457	0.00728472	
-0.0186042	0.00550442	
-0.0170536	0.00419248	
-0.0226412	0.00535577	
-0.0204562	0.00352795	
-0.0183067	0.0023485	
-0.0254888	0.00199986	
-0.0219926	5.49935E-4	
-0.0191204	-1.02911E-5	
-0.0293896	-0.00732363	
-0.0250219	-0.00694324	
-0.0217822	-0.0064353	
-0.0189147	-0.00545735	
-0.0226142	-0.00308976	
-0.0253182	-0.00295683	
-0.0276931	-0.00212803	
-0.0194659	-0.00262415	
-0.0290353	-0.0136161	
-0.0269083	-0.0184216	
-0.0239894	-0.0118855	
-0.0200667	-0.0100117	
-0.0176595	-0.00794672	
-0.00787125	0.0107461	
-0.00698975	0.0105237	
-0.00618	0.0103285	
-0.00881019	0.0109387	
-0.00544418	0.0101462	
-0.00484187	0.00988598	
-0.00989342	0.0111185	
-0.0043077	0.00960853	
-0.0111149	0.0111716	
-0.0038498	0.00938628	
-0.0128266	0.0111787	
-0.0144703	0.0111292	
-0.016498	0.0109405	
-0.0186533	0.0104505	
-0.0215903	0.00976962	
-0.0247707	0.00792845	
-0.0285972	0.00503614	
-0.033232	9.44364E-4	
-0.0306877	-0.0213775	
-0.0356065	-0.0159273	
-0.0360872	-0.00650903	
-0.00284799	0.00107236	
-0.0031748	8.48022E-4	
-0.00352416	5.93557E-4	
-0.00389517	2.96929E-4	
-0.00428971	-8.36165E-5	
-0.00477296	-4.23497E-4	
-0.00534739	-7.71772E-4	
-0.00590648	-0.00111186	
-0.00652404	-0.00147606	
-0.00717492	-0.00189157	
-0.00790323	-0.00239038	
-0.00870564	-0.00299636	
-0.0192343	-0.0186044	
-0.0187163	-0.0151054	
-0.021792	-0.0164721	
-0.0178402	-0.012357	
-0.0158795	-0.00993521	
-0.0143168	-0.00813499	
-0.0128919	-0.00675502	
-0.0116893	-0.00556109	
-0.0105838	-0.00457477	
-0.00960739	-0.00371344	
-0.0246221	-0.0193053	
-0.0202484	-0.0218413	
-0.0262758	-0.0247669	
-0.0210259	-0.0259554	
-0.00437221	-8.81095E-4	
-0.00392047	-6.20532E-4	
-0.00384421	-3.42298E-4	
-0.00489359	-0.00127309	
-0.00350637	1.94749E-5	
-0.00548896	-0.0016623	
-0.00606929	-0.00202151	
-0.00317879	3.29091E-4	
-0.00664685	-0.00249669	
-0.00286811	5.99146E-4	
-0.00728042	-0.0030809	
-0.00257542	8.40004E-4	
-0.00798533	-0.00376403	
-0.00875242	-0.00457296	
-0.00960163	-0.00552719	
-0.0105295	-0.00666697	
-0.0115692	-0.00794961	
-0.0127001	-0.00948672	
-0.0139001	-0.0113038	
-0.0149413	-0.0136408	
-0.0157418	-0.0161965	
-0.0167083	-0.0264315	
-0.0165894	-0.0226296	
-0.0162092	-0.0193806	
-0.0281988	0.0164001	
-0.0244709	0.0156716	
-0.0215506	0.0152614	
-0.0283601	0.0132159	
-0.0270797	0.0105984	
-0.0249949	0.0129563	
-0.0219295	0.0123549	
-0.0309068	0.00839602	
-0.0323834	0.0126937	
-0.0376387	0.0115649	
-0.0427279	0.00690598	
-0.0363068	0.00524192	
-0.032438	0.0167655	
-0.0383784	0.0170973	
-0.0498313	0.0138909	
-0.0150595	0.014096	
-0.0149563	0.0126441	
-0.013793	0.0134923	
-0.0167338	0.0144421	
-0.0167064	0.0125853	
-0.0124149	0.0127351	
-0.0188688	0.0147848	
-0.0190547	0.0125785	
-0.0109682	0.0123969	
-0.0642801	-0.00616789	
-0.0580592	0.00837703	
-0.0476443	-0.00583297	
-0.0382484	-0.0368322	
-0.0313374	-0.0365698	
-0.0381655	-0.0304473	
-0.0320431	-0.0306483	
-0.035175	-0.0253826	
-0.0259471	-0.0360163	
-0.0267655	-0.0301591	
-0.0584567	-0.0252472	
-0.0477931	-0.0356489	
-0.043932	-0.0269732	
-0.0403697	-0.019515	
-0.046284	-0.0192914	
-0.0210648	-0.0355831	
-0.0178041	-0.0367167	
-0.0146161	-0.0345334	
-0.0163426	-0.0306347	
-0.020992	-0.030963	
-0.00521198	0.0107233	
-0.00483119	0.0107121	
-0.00592953	0.0109996	
-0.00443051	0.0103533	
-0.00397154	0.0100147	
-0.00668584	0.0113165	
-0.00353547	0.00973265	
-0.00760438	0.0117064	
-0.00855593	0.0119931	
-0.0097098	0.0121595	
-0.0105135	-0.0171751	
-0.00827666	-0.0172316	
-0.00842609	-0.0150076	
-0.0103758	-0.0148576	
-0.0103772	-0.0199001	
-0.00787994	-0.0196436	
-0.0125499	-0.0143659	
-0.0129811	-0.0169265	
-0.0131878	-0.0197404	
-0.00834596	-0.013095	
-0.0100409	-0.0127526	
-0.0118754	-0.0122348	
-0.00719533	-0.0223629	
-0.00988307	-0.0229299	
-0.0131518	-0.0229635	
-0.00802259	-0.0112899	
-0.00955654	-0.0109586	
-0.0111228	-0.0104158	
-0.00436795	-0.0269917	
-0.00659757	-0.0279069	
-0.00912549	-0.0288698	
-0.00583345	-0.0248057	
-0.0076175	-0.0263491	
-0.00957789	-0.0258784	
-0.00792107	-0.0317145	
-0.00530735	-0.0305592	
-0.00306581	-0.0292717	
-0.0110386	-0.0330983	
-0.0122638	-0.029711	
-0.0129119	-0.0262273	
-0.00794521	-0.00971109	
-0.00912312	-0.00998014	
-0.010147	-0.00898422	
-0.00789195	-0.00813463	
-0.0092131	-0.00761114	
-0.00741647	-0.00677549	
-0.00851082	-0.00629145	
-0.00693254	-0.00576723	
-0.00784298	-0.00526071	
-0.00635621	-0.00497437	
-0.0071776	-0.00441376	
-0.00577467	-0.00421397	
-0.00658401	-0.00367354	
-0.00230056	6.35326E-4	
-0.00255862	3.82402E-4	
-0.00282995	1.01845E-4	
-0.00310951	-2.0768E-4	
-0.00338555	-5.37228E-4	
-0.00367108	-8.65073E-4	
-0.00398644	-0.00124882	
-0.00472115	-0.00219937	
-0.00513984	-0.00214801	
-0.00440312	-0.00170569	
-0.0055498	-0.00244379	
-0.0049892	-0.00280814	
-0.00603381	-0.00301822	
-0.00535665	-0.00344086	
-0.0055439	-0.0119626	
-0.00596238	-0.0108409	
-0.00677347	-0.0117836	
-0.00648751	-0.00954478	
-0.00440676	-0.0116488	
-0.00482291	-0.0104275	
-0.00521764	-0.00919566	
-0.00410634	-0.0130047	
-0.00537109	-0.013253	
-0.00682584	-0.0132253	
-0.0060432	-0.00603968	
-0.00518667	-0.00622677	
-0.00505393	-0.00540292	
-0.00574856	-0.00552657	
-0.00635175	-0.00702325	
-0.00539721	-0.00709219	
-0.00653238	-0.00819461	
-0.00539996	-0.00808385	
-0.00494344	-0.00454087	
-0.00462471	-0.00374451	
-0.00434374	-0.00307901	
-0.00407347	-0.00249474	
-0.00380514	-0.00198424	
-0.00351411	-0.00151763	
-0.00323253	-0.00110968	
-0.00297485	-7.46855E-4	
-0.00272593	-4.08558E-4	
-0.00248376	-9.39518E-5	
-0.00224927	1.94334E-4	
-0.00358773	-0.0144258	
-0.00502328	-0.0148066	
-0.00664707	-0.0150237	
-0.00202511	4.57169E-4	
-0.00281204	-0.0159861	
-0.0044088	-0.0165981	
-0.00624232	-0.0169921	
-0.00173746	-0.0176758	
-0.00343848	-0.0186156	
-0.00558857	-0.0192043	
-0.00259845	-0.0205211	
-0.00134788	-0.0204715	
-2.50108E-4	-0.0191615	
-0.00473521	-0.0213868	
0.00127431	-0.0203538	
-1.54754E-4	-0.0214455	
-0.00172715	-0.0225509	
-0.0036701	-0.0236009	
0.00279946	-0.021677	
0.00130405	-0.0230973	
-3.93757E-4	-0.0244506	
-0.00231778	-0.0257584	
0.00454355	-0.0230952	
0.00298276	-0.024791	
-8.73142E-4	-0.0279631	
0.00118443	-0.0264274	
-0.00251859	-0.0114025	
-0.00310124	-0.0107382	
-0.00345068	-0.0115819	
-0.00379582	-0.00987701	
-0.00185405	-0.010881	
-0.00247076	-0.0101048	
-0.00292042	-0.00930797	
-0.00116433	-0.0116236	
-0.00198457	-0.012237	
-0.00299975	-0.0126678	
-3.11625E-4	-0.0124617	
-0.00122649	-0.0132236	
-0.00232453	-0.0138911	
-0.00457428	-0.00701426	
-0.00380943	-0.00688344	
-0.00403195	-0.00616281	
-0.00466914	-0.00650211	
-0.0044506	-0.00790178	
-0.00358714	-0.00765484	
-0.00420932	-0.00886044	
-0.00330083	-0.00848544	
-0.00416717	-0.00541307	
-0.0040438	-0.00464563	
-0.00386182	-0.00394008	
-0.00365586	-0.00329209	
-0.00344913	-0.00271179	
-0.00323295	-0.00219701	
-0.00300743	-0.00173182	
-0.00278095	-0.00131265	
7.51815E-4	-0.0133184	
-2.15309E-4	-0.0143041	
-0.00140431	-0.0151967	
-0.00256071	-9.3368E-4	
-0.00234749	-5.84696E-4	
-0.00214078	-2.62937E-4	
-0.00194126	3.31829E-5	
0.00208462	-0.0141867	
0.00111351	-0.015471	
-2.28632E-4	-0.0165537	
-0.00175026	3.0406E-4	
0.00236991	-0.0165391	
0.00303927	-0.0160094	
0.00364324	-0.0148704	
0.00103947	-0.0178138	
0.00512729	-0.015222	
0.00440207	-0.0164482	
0.00359261	-0.0177286	
0.00251163	-0.0190382	
0.00666126	-0.0156408	
0.00598827	-0.0171521	
0.00514891	-0.0186737	
0.00408928	-0.0201961	
0.00839094	-0.0160591	
0.0077922	-0.0177765	
0.0058646	-0.0213592	
0.0069614	-0.0195793	
0.00762535	-0.0125712	
0.0076926	-0.0116445	
0.00617046	-0.0123759	
0.00468482	-0.0120751	
0.00337106	-0.0116908	
0.00417746	-0.0134213	
0.00568422	-0.0138268	
0.00716674	-0.0141265	
0.00281516	-0.012861	
0.00877835	-0.01436	
0.00897089	-0.0128656	
0.00895544	-0.0115726	
4.56099E-4	-0.0115862	
0.00104861	-0.0106557	
4.47162E-5	-0.0101527	
-4.88114E-4	-0.0109289	
0.00152986	-0.0122562	
0.00220176	-0.0111121	
-7.36063E-4	-0.00967447	
-0.00124068	-0.0102656	
-0.00133157	-0.00913198	
-0.00182628	-0.00961166	
-0.00218016	-0.00887564	
-0.00177284	-0.0088	
-0.00244369	-0.00811032	
-0.0027927	-0.00736727	
-0.00310254	-0.0066351	
-0.00329842	-0.0059604	
-0.00336641	-0.00532159	
-0.00326004	-0.00469675	
-0.00308865	-0.00408286	
-0.0029801	-0.0034285	
-0.00147653	1.75066E-4	
-0.00163491	-1.0266E-4	
-0.00179993	-4.05321E-4	
-0.0019709	-7.33889E-4	
-0.00214648	-0.00108959	
-0.00232499	-0.0014757	
-0.00250291	-0.00189645	
-0.00267582	-0.00235718	
-0.00283642	-0.00286411	
-0.00137685	-0.00760839	
-0.0017401	-0.00740502	
-0.00188626	-0.00786809	
-0.00217257	-0.00696222	
-0.00143796	-0.00833891	
-0.00108996	-0.00790403	
-0.00136582	-0.00704094	
-0.00119087	-0.00726774	
-8.59824E-4	-0.00749098	
-0.00167052	-0.00659951	
-9.25527E-4	-0.00870891	
-6.15465E-4	-0.00820023	
-3.78155E-4	-0.00771498	
-3.26518E-4	-0.00906161	
-3.89663E-5	-0.00848631	
1.80565E-4	-0.00791437	
4.10136E-4	-0.00943086	
6.67717E-4	-0.00869446	
7.91855E-4	-0.0080686	
0.0031408	-0.00878181	
0.00226974	-0.00884515	
0.00144648	-0.00882449	
0.00313024	-0.00954873	
0.00230854	-0.00974252	
0.00267202	-0.0102887	
0.0013871	-0.00965279	
0.0030779	-0.0079565	
0.00223411	-0.00809154	
0.00149709	-0.00810826	
0.00394682	-0.00773581	
0.00409357	-0.00863969	
0.00403858	-0.00959088	
0.00378965	-0.0106113	
0.00490481	-0.00740013	
0.00518093	-0.00840214	
0.00524715	-0.00958292	
0.00502341	-0.0108482	
-0.0019299	-0.0061229	
-0.00247821	-0.00637947	
-0.00210452	-0.00562466	
-0.00265728	-0.00578879	
-0.00219663	-0.0051388	
-0.00275111	-0.00521916	
-0.00232188	-0.00464729	
-0.00280544	-0.00488447	
-0.00241216	-0.0040929	
-0.00234523	-0.00349642	
-0.0022498	-0.00295916	
0.00622939	-0.00807699	
0.00634512	-0.00865308	
0.00647221	-0.00951914	
0.00583496	-0.00701561	
0.00640912	-0.010884	
-0.00213511	-0.00247013	
-0.00200874	-0.00201876	
0.00677802	-0.00654573	
0.00712396	-0.00752246	
0.00734521	-0.00847887	
0.00757158	-0.00953118	
0.00776478	-0.0108226	
-0.00187389	-0.00160134	
-0.00173535	-0.0012143	
-0.00159651	-8.54905E-4	
-0.00146098	-5.21718E-4	
0.00772908	-0.00606452	
0.00811194	-0.00704929	
0.00842858	-0.0081205	
0.00892762	-0.010427	
0.00871568	-0.00925979	
-0.00132996	-2.1377E-4	
-0.00120415	6.93302E-5	
0.0073136	-0.00514399	
0.00679243	-0.00432739	
0.00642468	-0.00552317	
0.00605848	-0.00473299	
0.00547579	-0.00600977	
0.00455706	-0.00650571	
0.00372951	-0.00690938	
0.0029164	-0.00721194	
0.00218725	-0.00738605	
0.00147904	-0.00748844	
8.79984E-4	-0.0074903	
3.17342E-4	-0.00742889	
-1.55876E-4	-0.00725231	
-6.23862E-4	-0.0070595	
-9.88981E-4	-0.00672959	
-0.00124107	-0.00634437	
-0.00148564	-0.00590435	
-0.00164346	-0.0054792	
-0.0016883	-0.00503205	
-0.00171396	-0.0045645	
-0.00175918	-0.00402982	
-0.0017443	-0.00350886	
-0.00168832	-0.00301087	
-9.33173E-4	-1.36446E-5	
-0.0010262	-3.00353E-4	
-0.0011231	-6.12862E-4	
-0.00122479	-9.48922E-4	
-0.00132982	-0.00130971	
-0.00143248	-0.00169413	
-0.001528	-0.00210461	
-0.0016142	-0.00254321	
1.23135E-4	-0.00650778	
3.36817E-4	-0.00638119	
1.61934E-4	-0.00631391	
6.62227E-4	-0.00621208	
-5.39046E-5	-0.00628897	
-1.03805E-4	-0.00649552	
-2.4641E-4	-0.00622006	
-3.41523E-4	-0.00642808	
1.21128E-4	-0.00669542	
-1.39265E-4	-0.00676998	
-1.8263E-5	-0.00693271	
-4.49853E-4	-0.00667447	
4.02893E-4	-0.00699807	
4.0074E-4	-0.00663078	
8.6887E-4	-0.00697541	
8.03743E-4	-0.00653094	
-6.0907E-4	-0.00632331	
-7.88272E-4	-0.00657301	
-4.42132E-4	-0.00607	
0.00139426	-0.00609901	
0.00112936	-0.00637847	
0.00140543	-0.00643437	
0.00121401	-0.00584878	
9.43559E-4	-0.00610071	
0.00146087	-0.00688827	
0.00153064	-0.00554823	
0.00174536	-0.00586319	
0.00193538	-0.00627789	
0.00206758	-0.00678699	
0.00188002	-0.00515905	
0.00220264	-0.00552063	
0.00247251	-0.00598644	
0.00273246	-0.00654318	
-6.16437E-4	-0.00584005	
-8.99733E-4	-0.00606881	
-7.81788E-4	-0.00555194	
-0.00111633	-0.00571846	
-9.23886E-4	-0.00522804	
-0.00126774	-0.00533793	
-0.00107199	-0.00488459	
-0.00139705	-0.00509489	
0.00227856	-0.00466633	
0.0026881	-0.00505789	
0.00308475	-0.00555527	
0.0034217	-0.00618886	
-0.00119175	-0.00446459	
-0.00120897	-0.00398257	
-0.00119231	-0.0035015	
0.00266031	-0.00406678	
0.00324931	-0.00442577	
0.00373679	-0.0049924	
0.00419412	-0.00572365	
-0.00115475	-0.00303041	
-0.00111043	-0.00258605	
-0.001063	-0.00215812	
0.00363571	-0.00376264	
0.00405128	-0.00380417	
0.00445648	-0.00440389	
0.00301417	-0.00340211	
0.00500757	-0.00511745	
-0.00100443	-0.0017585	
0.00334346	-0.00264832	
0.00394832	-0.00298531	
0.00448671	-0.00341646	
0.00506789	-0.0038711	
0.00570024	-0.00450064	
-9.31881E-4	-0.00138052	
-8.53448E-4	-0.00101805	
0.00374111	-0.00175932	
0.00437159	-0.00227267	
0.00494189	-0.00274022	
0.00627749	-0.00365558	
0.00557289	-0.00318768	
-7.83918E-4	-6.79689E-4	
-7.22867E-4	-3.61326E-4	
-6.64417E-4	-7.32021E-5	
0.00100714	-0.00562729	
7.73079E-4	-0.00543131	
5.29648E-4	-0.00529052	
7.70614E-4	-0.00585439	
5.98382E-4	-0.00571517	
3.78152E-4	-0.00561385	
4.77791E-4	-0.00589286	
3.37968E-4	-0.00603899	
2.72789E-4	-0.00583936	
6.00073E-4	-0.00602462	
0.00126126	-0.00528994	
9.9059E-4	-0.00509105	
7.08152E-4	-0.00492412	
0.00155584	-0.00487929	
0.00121861	-0.00466163	
9.09177E-4	-0.00449176	
0.00184981	-0.00437479	
0.00144639	-0.00415641	
0.00106244	-0.00400869	
0.00214778	-0.00378335	
0.0016484	-0.00356666	
0.00116173	-0.00340157	
0.00242285	-0.00312213	
0.00185342	-0.00290946	
0.00126367	-0.00275937	
0.00270277	-0.00237121	
0.00205282	-0.00218519	
0.0014394	-0.00202911	
1.34645E-4	-0.0061105	
-2.4268E-5	-0.00613272	
-1.58557E-4	-0.00608119	
-2.59225E-4	-0.00592559	
-3.44172E-4	-0.00569748	
-4.85595E-4	-0.00541787	
-6.20388E-4	-0.00510809	
-7.05923E-4	-0.00476336	
-7.02773E-4	-0.00436181	
0.00296562	-0.00149339	
0.00222027	-0.00143076	
0.00155717	-0.00137077	
-6.78275E-4	-0.00394241	
-6.87449E-4	-0.00348345	
-6.32054E-4	-0.00303021	
-6.09354E-4	-0.00260436	
-6.20714E-4	-0.00217627	
-5.95169E-4	-0.00179889	
-5.48642E-4	-0.00143769	
-4.72452E-4	-0.00106487	
-4.32959E-4	-7.22818E-4	
-4.25866E-4	-3.8945E-4	
-3.99021E-4	-1.09297E-4	
-2.94328E-5	-0.00591719	
-4.90545E-5	-0.00580017	
-1.31946E-4	-0.00590634	
-8.42805E-5	-0.00600592	
-2.27751E-5	-0.00598352	
-1.34905E-4	-0.00562667	
-9.87322E-6	-0.0060237	
-1.03529E-5	-0.00604809	
-1.17203E-6	-0.00603681	
6.86048E-5	-0.00596508	
-7.82116E-5	-0.00519553	
-2.58433E-4	-0.00527649	
-9.63193E-5	-0.00544366	
-1.08058E-4	-0.00496622	
-3.52033E-4	-0.00502338	
-9.6491E-5	-0.00445577	
-1.17142E-4	-0.00415707	
-3.73448E-4	-0.0044075	
-2.39816E-4	-0.00383012	
-3.92433E-4	-0.00471633	
-1.18305E-4	-0.00470751	
-2.12734E-4	-0.00311007	
0.0	-0.00281464	
-1.93306E-4	-0.00250973	
-2.47232E-4	-0.00347056	
-2.14187E-4	-0.00216286	
-1.54186E-4	-0.00116944	
0.0	-9.11483E-4	
-1.91421E-4	-0.00148756	
-1.38707E-4	-6.65056E-4	
-1.46287E-4	-3.85658E-4	
-2.05689E-4	-0.00182043	
-1.36761E-4	-1.21797E-4	
1.34798E-4	-0.00379543	
1.49524E-4	-0.00334679	
1.96211E-4	-0.00281878	
2.49578E-4	-0.00227279	
4.39528E-4	-0.0034538	
7.76775E-4	-0.00344047	
5.5378E-4	-0.00303948	
4.14323E-4	-0.00386016	
7.28679E-4	-0.00391134	
7.56005E-4	-0.00251993	
3.04877E-4	-0.00460067	
3.12183E-4	-0.0049398	
4.90894E-4	-0.00472444	
6.29438E-4	-0.00436832	
3.65215E-4	-0.00426228	
3.10293E-4	-0.00522945	
9.2134E-5	-0.00523469	
1.01747E-4	-0.00494674	
1.19376E-4	-0.00421106	
1.05314E-4	-0.00459072	
8.65324E-4	-0.0018596	
2.97987E-4	-0.00167447	
6.34287E-5	-0.005465	
6.32358E-5	-0.0056775	
2.22064E-4	-0.0055165	
1.1004E-4	-0.00585863	
9.51009E-4	-0.00118424	
3.57853E-4	-0.00100641	
6.78957E-4	0.0274493	
3.93356E-4	0.0284968	
-6.73044E-4	0.0280023	
-2.3788E-4	0.0271739	
-1.39506E-4	0.0296714	
-0.00130104	0.0289305	
-9.63228E-4	0.0267496	
-0.001495	0.0273977	
-0.00221449	0.0281225	
-9.34513E-4	0.0309347	
-0.00217537	0.0299254	
-0.0031099	0.0288767	
-0.00151086	0.0262085	
-0.00214261	0.0267152	
-0.00288836	0.0272701	
-0.00381405	0.0278488	
-0.00203359	0.0322512	
-0.00329409	0.030937	
-0.00424334	0.029647	
-0.00490747	0.0283732	
-0.00196216	0.0255636	
-0.00261904	0.0259943	
-0.00339334	0.0264275	
-0.00430109	0.0268229	
-0.00536287	0.0272145	
-0.00344615	0.0335763	
-0.00470745	0.0319542	
-0.00561997	0.030353	
-0.00621921	0.028862	
-0.00656114	0.0274486	
-0.00520183	0.0348812	
-0.00643104	0.0329053	
-0.00727189	0.0310264	
-0.00779806	0.0292103	
-0.00798454	0.0275651	
-0.00369358	0.0255715	
-0.00386025	0.0246794	
-0.00294503	0.025337	
-0.00291014	0.0246338	
-0.00237698	0.0248582	
-0.003939	0.023763	
-0.00295376	0.0237758	
-0.00495306	0.0238151	
-0.00484978	0.0248128	
-0.00464364	0.0258406	
-0.00674119	0.0263182	
-0.0078536	0.0259669	
-0.00724105	0.025295	
-0.00595219	0.0250081	
-0.00569826	0.0260982	
-0.00738237	0.0240745	
-0.00606711	0.0238978	
-0.00672567	0.0201885	
-0.00565755	0.0205298	
-0.00592745	0.0215818	
-0.00707189	0.0213385	
-0.00469162	0.0207656	
-0.00487479	0.0217399	
-0.00734254	0.0225933	
-0.00606972	0.0227344	
-0.00496105	0.0227634	
-0.00383344	0.0208742	
-0.00391228	0.0218061	
-0.00394781	0.0227908	
-0.00301936	0.0209685	
-0.00300628	0.0218531	
-0.00297834	0.0227739	
-4.48878E-4	0.025018	
-8.01386E-4	0.0250383	
-7.34372E-4	0.0247018	
-9.39019E-4	0.024221	
-1.59838E-4	0.0249449	
-2.41277E-4	0.0245159	
-3.0652E-4	0.0239907	
-0.00112723	0.0234769	
-3.65771E-4	0.0233475	
-9.4737E-5	0.0252217	
-3.15751E-4	0.025302	
-6.28745E-4	0.0254985	
-0.00196537	0.0236534	
-0.0017142	0.0245239	
-0.00101589	0.0258037	
-0.00134323	0.025243	
-5.69137E-4	0.0262099	
-3.02225E-4	0.0257869	
-1.26226E-4	0.0255018	
-2.93484E-5	0.0253613	
1.44429E-5	0.0264709	
1.28829E-4	0.0259233	
1.32427E-4	0.0255416	
5.7158E-5	0.025342	
-4.03889E-4	0.0226127	
-0.00122184	0.0226639	
-0.00208981	0.0227282	
6.73166E-4	0.025869	
4.58366E-4	0.0253888	
1.62734E-4	0.0251378	
7.60923E-4	0.0265643	
-4.20691E-4	0.0218178	
-0.00126913	0.0218275	
-0.00212779	0.0218461	
-4.28102E-4	0.0209866	
-0.0012869	0.0209738	
-0.00216194	0.0209765	
-0.00313072	0.0201146	
-0.00376154	0.0200096	
-0.00432342	0.0199044	
-0.00217164	0.0200834	
-0.00532688	0.0195268	
-0.00128794	0.0201095	
-0.00632039	0.0191483	
-4.27428E-4	0.0201361	
-0.0183249	0.0264631	
-0.0166787	0.0250071	
-0.0163232	0.0266995	
-0.0140833	0.0270193	
-0.0191252	0.0286312	
-0.0166209	0.0292589	
-0.0141396	0.02958	
-0.0154797	0.0235632	
-0.0134009	0.0246199	
-0.0170028	0.021962	
-0.0185211	0.0235925	
-0.0216716	0.0274146	
-0.0199678	0.0252295	
-0.015592	0.0204858	
-0.0140418	0.0217009	
-0.0125065	0.0226981	
-0.0168359	0.0321031	
-0.0199835	0.0315424	
-0.023143	0.030321	
-0.0140846	0.0321946	
-0.0217484	0.0234982	
-0.0228993	0.0210995	
-0.0198675	0.0220912	
-0.0205711	0.0200973	
-0.0186905	0.0206604	
-0.0239192	0.018626	
-0.0207603	0.0178649	
-0.023866	0.0253901	
-0.0259328	0.0228059	
-0.0272216	0.0196136	
-0.0183931	0.0171163	
-0.0170444	0.0189537	
-0.0265022	0.0282207	
-0.0292956	0.02502	
-0.0315241	0.0211799	
-0.0161503	0.0161318	
-0.0153477	0.017722	
-0.0141475	0.0190993	
-0.0129484	0.0202144	
-0.0115815	0.0211372	
-0.0107513	0.0234739	
-0.0112978	0.0252907	
-0.0116348	0.0273424	
-0.0101767	0.0218442	
-0.0117821	0.0295894	
-0.0114855	0.0320025	
-0.0128851	0.0180132	
-0.0118678	0.0189665	
-0.0108431	0.0198095	
-0.0137399	0.0167753	
-0.00958189	0.0204581	
-0.0145597	0.0154319	
-0.0245609	0.0341962	
-0.0204099	0.0351057	
-0.0168429	0.0353128	
-0.037146	0.0230174	
-0.0337377	0.0285442	
-0.0290132	0.0321725	
-0.0108948	0.0345332	
-0.0136383	0.0350897	
-0.0092926	0.0257263	
-0.00902236	0.0239286	
-0.00868942	0.0223292	
-0.00965422	0.0275324	
-0.00831036	0.020958	
-0.0096044	0.0294931	
-0.00924496	0.0315643	
-0.00847308	0.0337992	
-0.0115407	0.0172645	
-0.0112656	0.0179403	
-0.010236	0.0185924	
-0.0123925	0.0159974	
-0.00899942	0.0192023	
-0.0130663	0.0146959	
-0.00783536	0.0197605	
-0.00733312	0.0186838	
-0.00835957	0.0181282	
-0.00945785	0.0174108	
-0.0104574	0.0164963	
-0.0111613	0.0153063	
-0.0117953	0.014111	
-0.0252224	0.0389992	
-0.0203706	0.039235	
-0.0162542	0.0388976	
-0.0311925	0.0377689	
-0.0128067	0.0381911	
-0.038479	0.0343994	
-0.00983589	0.0372418	
-0.046809	0.0264379	
-0.00732841	0.0361143	
-0.0012256	0.0183844	
-0.00206459	0.0183099	
-0.00196035	0.0174542	
-0.00117767	0.017546	
-0.00292595	0.0181774	
-0.00275588	0.0173111	
-0.00111777	0.0167442	
-0.00185955	0.0166577	
-0.00257661	0.0165198	
-0.00107924	0.0159864	
-0.00175534	0.01592	
-0.00242849	0.0158048	
-0.00378176	0.0179726	
-0.00353411	0.0171037	
-0.00330289	0.0163206	
-0.00305635	0.0156169	
-0.00106429	0.0152685	
-0.00170132	0.0152357	
-0.00229018	0.0151766	
-0.0028371	0.0150179	
-0.00464421	0.0176762	
-0.00432373	0.0168265	
-0.00400576	0.0160502	
-0.00370524	0.0153519	
-0.00336303	0.0147232	
-0.00472468	0.0157248	
-0.00508596	0.0164747	
-0.00548863	0.0172959	
-0.00434664	0.0150147	
-0.00394107	0.0143904	
-0.0022111	0.0146726	
-0.00193166	0.0142313	
-0.00171674	0.0145613	
-0.00111323	0.0145521	
-0.00261966	0.0145465	
-0.00300228	0.014158	
-0.00257574	0.0140718	
-0.0034465	0.0137888	
-3.61356E-4	0.0160121	
-3.75435E-4	0.0167915	
-3.90874E-4	0.0175999	
-3.63056E-4	0.0152596	
-4.07863E-4	0.0184338	
-3.58166E-4	0.0145319	
-3.44694E-4	0.0138651	
-0.00105546	0.0138209	
-0.00175702	0.0136891	
-0.00239953	0.0134598	
-0.00306281	0.0131645	
-4.19602E-4	0.0192819	
-0.00126492	0.0192447	
-0.0021292	0.0192064	
-0.00306383	0.0191554	
-0.00590595	0.0181863	
-0.00499641	0.0185958	
-0.00405854	0.0189633	
-0.00681474	0.0177155	
-0.00772451	0.017146	
-0.00709856	0.0162938	
-0.0063058	0.0168361	
-0.00860822	0.0164469	
-0.00785006	0.015662	
-0.00582432	0.0160493	
-0.00652115	0.0155425	
-0.00717441	0.0149815	
-0.00539862	0.0153443	
-0.00597966	0.0148779	
-0.00655278	0.0143837	
-0.00507501	0.0146616	
-0.00565474	0.0142914	
-0.00586848	0.0139313	
-0.00527772	0.0134257	
-0.00461058	0.0139524	
-0.00410294	0.0133191	
-0.0046574	0.0128268	
-0.0041446	0.0123149	
-0.00362838	0.0127541	
-0.00779377	0.0143538	
-0.00710621	0.01377	
-0.00645279	0.0132576	
-0.00830234	0.0137131	
-0.00848719	0.0128595	
-0.00773867	0.0131825	
-0.0070645	0.0125372	
-0.00944428	0.0131658	
-0.00906331	0.0141227	
-0.00851444	0.0149434	
-0.0063035	0.0120528	
-0.00580472	0.0127533	
-0.0105588	0.0135796	
-0.0100388	0.0146648	
-0.00937719	0.0156268	
-0.00558783	0.0116573	
-0.00517259	0.0122722	
-0.00498711	0.0113193	
-0.00459638	0.0118338	
-3.23546E-4	0.0132192	
-9.66708E-4	0.0131391	
-0.00157062	0.0130069	
-0.00217339	0.0127986	
-0.00269772	0.0125271	
-0.0032053	0.0122146	
-0.00366574	0.0118423	
-0.00409914	0.0114351	
-0.00448375	0.0109952	
-2.9658E-4	0.0126171	
-8.7607E-4	0.0125302	
-0.00144373	0.0123945	
-0.00195976	0.0122138	
-0.00239861	0.0119751	
-0.00281552	0.0117227	
-0.00322629	0.0114069	
-0.00363322	0.0110541	
-0.00401949	0.0107034	
-0.00238436	0.0113103	
-0.00221752	0.0115047	
-0.00185006	0.0116618	
-0.00281697	0.0109775	
-0.00131584	0.011825	
-0.00321334	0.0106808	
-8.00789E-4	0.0119741	
-0.00359471	0.0103659	
-2.69039E-4	0.012064	
-0.00160114	0.0110429	
-0.00150096	0.0108516	
-0.00209056	0.0108022	
-0.0024664	0.0105661	
-0.00283273	0.010316	
-0.00319245	0.0100428	
-0.00112043	0.0109405	
-0.00119061	0.0113348	
-6.76986E-4	0.0110404	
-7.2973E-4	0.0114783	
-2.28149E-4	0.0110892	
-2.4568E-4	0.0115571	
0.0373368	-0.0631117	
0.0372408	-0.0603987	
0.0346656	-0.0601145	
0.0344403	-0.0627776	
0.0369913	-0.0577382	
0.0346359	-0.0579079	
0.0366388	-0.0552114	
0.0342506	-0.055477	
0.0325868	-0.0599261	
0.0300528	-0.0602826	
0.0316082	-0.0617287	
0.0325825	-0.0579778	
0.0315806	-0.0557933	
0.0306981	-0.0577146	
0.0277181	-0.0569788	
0.0276199	-0.0608792	
0.0267728	-0.0680885	
0.0302522	-0.0679463	
0.0338443	-0.068389	
0.0341141	-0.0654209	
0.030883	-0.0647832	
0.0271444	-0.0639326	
0.0372243	-0.0687283	
0.037347	-0.0659383	
0.0339457	-0.0534187	
0.0326429	-0.0509224	
0.0314478	-0.0536002	
0.0281918	-0.0532984	
0.0361124	-0.0526829	
0.0352916	-0.0501103	
0.0276633	-0.0492156	
0.0315531	-0.0482872	
0.0349066	-0.0475461	
0.0336113	-0.0433109	
0.0353556	-0.0444481	
0.0309129	-0.0446067	
0.0272757	-0.0453897	
0.0329527	-0.0407265	
0.0321296	-0.0382655	
0.0313868	-0.0360887	
0.0291218	-0.0374634	
0.0303151	-0.038562	
0.0302518	-0.0412533	
0.0266476	-0.0385198	
0.0271016	-0.0415522	
0.0305726	-0.0340155	
0.0282535	-0.0349743	
0.0258188	-0.0358027	
0.0250091	-0.0568206	
0.0245664	-0.0532587	
0.0223573	-0.0553748	
0.0199594	-0.0536901	
0.0212353	-0.0505503	
0.0242156	-0.0504614	
0.0226617	-0.0480817	
0.0238701	-0.0603917	
0.0207521	-0.0590682	
0.0175079	-0.0569343	
0.0232184	-0.0642655	
0.0233132	-0.0678359	
0.0205556	-0.0658404	
0.0179034	-0.0631428	
0.0151479	-0.0600792	
0.0237229	-0.0449436	
0.0169869	-0.052001	
0.014358	-0.0498606	
0.0153941	-0.0548257	
0.0125603	-0.0536457	
0.0121523	-0.0569427	
0.0162887	-0.0471911	
0.018753	-0.0491802	
0.020089	-0.0466125	
0.0205124	-0.0442036	
0.0184987	-0.0446317	
0.0243216	-0.0420212	
0.023285	-0.0392141	
0.0217389	-0.0412809	
0.0229435	-0.0365964	
0.0229669	-0.03334	
0.0253442	-0.0330463	
0.0275593	-0.0325603	
0.0297322	-0.0318742	
0.0227576	-0.0715617	
0.0267338	-0.0710614	
0.0301514	-0.0711617	
0.0335661	-0.0712473	
0.0370896	-0.0715385	
0.015518	-0.0670008	
0.0182474	-0.0694092	
0.018137	-0.072116	
0.0120594	-0.0636891	
0.0092942	-0.0595293	
0.0269206	-0.0739433	
0.0237889	-0.0748225	
0.0265054	-0.0770575	
0.0200654	-0.0766883	
0.0297717	-0.0768591	
0.0300337	-0.073934	
0.0331981	-0.0768355	
0.0334052	-0.0741429	
0.0366502	-0.0770404	
0.0368905	-0.0742902	
0.0265627	-0.0300729	
0.0254695	-0.0308398	
0.0233643	-0.0307022	
0.0290677	-0.0296618	
0.0274675	-0.0266509	
0.0288261	-0.027355	
0.0258729	-0.0277829	
0.0235244	-0.0281	
0.0233173	-0.0257463	
0.0249919	-0.0252597	
0.0265786	-0.0246958	
0.0230763	-0.0235992	
0.0248978	-0.0233768	
0.0254885	-0.0229287	
0.0170284	-0.0430805	
0.0142936	-0.0420207	
0.0140684	-0.0447236	
0.0118113	-0.0471121	
0.0186535	-0.0400241	
0.0154291	-0.0384551	
0.0090996	-0.0512627	
0.00593844	-0.0557541	
0.0198765	-0.0363084	
0.0167515	-0.0353673	
0.0204279	-0.0330655	
0.0177576	-0.0324024	
0.019264	-0.0273425	
0.0213151	-0.0278973	
0.0215798	-0.0258304	
0.0210298	-0.0240058	
0.0200083	-0.0251077	
0.018558	-0.0297547	
0.0209342	-0.0302882	
0.0145816	-0.0769071	
0.0153993	-0.0740222	
0.011583	-0.0715918	
0.00866117	-0.0675841	
0.00554197	-0.0636567	
0.00231187	-0.0597901	
0.0327428	-0.0819272	
0.0359115	-0.0823731	
0.0363428	-0.0796966	
0.0329556	-0.0794518	
0.0322336	-0.0845136	
0.0354291	-0.0849766	
0.0297739	-0.0792224	
0.0297931	-0.0816903	
0.0295974	-0.083885	
0.0275465	-0.0814927	
0.0248625	-0.081182	
0.0263932	-0.079014	
0.0273191	-0.08347	
0.0162336	-0.0813775	
0.0210954	-0.0805732	
0.023914	-0.0205154	
0.0255111	-0.0210298	
0.0226383	-0.0216177	
0.0205605	-0.0223231	
0.0213681	-0.0199955	
0.0206214	-0.0207219	
0.0230065	-0.0189372	
0.022194	-0.0175385	
0.0206946	-0.018491	
0.0189992	-0.0210747	
0.018603	-0.0224211	
0.0182631	-0.024102	
0.0188233	-0.0187581	
0.0171516	-0.0266466	
0.0162935	-0.0291189	
0.0152314	-0.0314337	
0.0141733	-0.0339882	
0.0127306	-0.036867	
0.011016	-0.0403688	
-0.00113026	-0.0557811	
0.002301	-0.0518516	
0.00552811	-0.048124	
0.00864797	-0.0442973	
0.020155	-0.0168331	
0.0192792	-0.0156877	
0.0188865	-0.0168111	
0.021374	-0.0161573	
0.0205244	-0.0149273	
0.0197605	-0.0138963	
0.0186773	-0.0147142	
0.0264836	-0.0853371	
0.0217326	-0.084846	
0.0244327	-0.0880864	
0.0177848	-0.086045	
0.028666	-0.0888097	
0.0286928	-0.0867264	
0.0312309	-0.0894612	
0.0317796	-0.0869987	
0.0341363	-0.0900508	
0.034766	-0.0875956	
0.0188338	-0.0129036	
0.0183002	-0.0136168	
0.0181309	-0.0120266	
0.013936	-0.0286368	
0.0128917	-0.0306631	
0.0148308	-0.0258221	
0.0120212	-0.0320936	
0.0159254	-0.023232	
0.00999477	-0.0349722	
0.00779355	-0.0380812	
0.00523538	-0.0412622	
0.01665	-0.0207118	
0.00229201	-0.0446271	
-0.00101287	-0.0480806	
-0.00453131	-0.0516697	
0.016942	-0.0186096	
0.0169219	-0.012903	
0.01722	-0.0136859	
0.0174224	-0.0148996	
0.0172239	-0.0167176	
0.01626	-0.0115093	
0.0174561	-0.0109287	
0.0168307	-0.00996088	
0.0158828	-0.00922924	
0.0158779	-0.0102622	
0.0301194	-0.0938191	
0.0324971	-0.0948285	
0.0333623	-0.0925126	
0.030866	-0.09171	
0.0290042	-0.095816	
0.0314559	-0.0971074	
0.0282521	-0.0927792	
0.0258573	-0.0924308	
0.0287432	-0.091289	
0.0269943	-0.0942061	
0.0226482	-0.0915175	
0.0184387	-0.0904598	
0.0151791	-0.00866839	
0.0145411	-0.00776628	
0.0156456	-0.0167054	
0.0141169	-0.0172716	
0.0149817	-0.0181487	
0.0156753	-0.0151876	
0.013962	-0.0155713	
0.0143571	-0.0199292	
0.015451	-0.0134802	
0.013735	-0.0139866	
0.0134412	-0.0222868	
0.012446	-0.0247803	
0.011259	-0.0275049	
0.00966494	-0.0303054	
0.0136417	-0.0083636	
0.0141842	-0.00931705	
0.0146276	-0.0105448	
0.0127291	-0.00911397	
0.0130135	-0.00965666	
0.0132935	-0.0107658	
0.0134799	-0.0123445	
0.0149761	-0.0119682	
0.0074666	-0.0328899	
0.00504542	-0.0355092	
0.00232155	-0.0382502	
-0.00771096	-0.0473959	
-0.00405078	-0.0441943	
-6.79785E-4	-0.0411021	
0.0139746	-0.00702747	
0.0131329	-0.0064875	
0.0132372	-0.00739243	
0.0121747	-0.00783473	
0.0253908	-0.0960923	
0.0221087	-0.0954385	
0.0235478	-0.0984889	
0.0183446	-0.0954036	
0.0261923	-0.10004	
0.0277981	-0.0977918	
0.0289518	-0.101482	
0.0302423	-0.0993355	
0.0125012	-0.00608169	
0.0116899	-0.00668542	
0.0113048	-0.00473379	
0.0106016	-0.00433582	
0.0106722	-0.00507612	
0.0111177	-0.00579673	
0.0118741	-0.00533342	
0.010027	-0.00408225	
0.0250823	-0.102032	
0.0238789	-0.104342	
0.0261919	-0.105581	
0.0275469	-0.103561	
0.0226473	-0.106487	
0.0245245	-0.107687	
0.0220111	-0.103174	
0.0201974	-0.101798	
0.0220554	-0.100303	
0.0205758	-0.105076	
0.0171379	-0.0993682	
0.00945466	-0.00355758	
0.0124242	-0.0162303	
0.0125546	-0.0171798	
0.0121966	-0.0190042	
0.0120975	-0.0142973	
0.011164	-0.0213777	
0.011967	-0.0126627	
0.0100622	-0.0236921	
0.00871505	-0.0260531	
0.0118197	-0.0110834	
0.00708687	-0.0283505	
0.00508782	-0.0306485	
0.00266687	-0.0328686	
0.01155	-0.00962594	
-3.55385E-4	-0.0349718	
-0.00335172	-0.0375185	
-0.00675045	-0.0403209	
-0.0105098	-0.0429374	
0.00953283	-0.00486235	
0.00987644	-0.00526785	
0.0102569	-0.00609448	
0.0106002	-0.00722968	
0.00883856	-0.00411137	
0.0110501	-0.00835776	
0.0089261	-0.00307877	
0.0082374	-0.00279122	
0.00839508	-0.00340396	
0.00766051	-0.00262622	
0.00711518	-0.00218645	
0.0104688	-0.0144219	
0.0104356	-0.0128325	
0.0103348	-0.0113829	
0.010431	-0.0162689	
0.0101654	-0.0100902	
0.00994425	-0.0183941	
0.00988198	-0.00885426	
0.00900417	-0.0204976	
0.00953912	-0.00769936	
0.00786563	-0.0225323	
0.00917208	-0.00654474	
0.00650588	-0.024559	
0.00490125	-0.0265447	
0.00871712	-0.00549344	
0.00762722	-0.00376557	
0.00726876	-0.00297519	
0.00673397	-0.00288527	
0.00811573	-0.00463597	
-0.00593947	-0.0343836	
-0.00375456	-0.0321996	
-0.00197986	-0.0321115	
-0.00901747	-0.036651	
7.37914E-4	-0.0303698	
-0.0126991	-0.0384889	
0.00299414	-0.0284977	
0.0222052	-0.110675	
0.0241295	-0.108841	
0.0204114	-0.108687	
0.015293	-0.103499	
0.0186567	-0.106493	
0.00616396	-0.00174438	
0.00671611	-0.00161239	
0.00600422	-0.00243584	
0.0184691	-0.110586	
0.0157751	-0.109025	
0.0159542	-0.11157	
0.013262	-0.106994	
0.0198741	-0.11232	
0.0189086	-0.112993	
0.0171447	-0.114486	
0.00531534	-0.00209497	
0.00562875	-0.00148709	
0.00514319	-0.00120739	
0.00452041	-0.00108835	
0.00482023	-0.00168906	
0.00668676	-0.118862	
0.00910371	-0.117907	
0.0111232	-0.117187	
0.0106734	-0.115003	
0.00899476	-0.113055	
0.0087734	-0.114908	
0.00646932	-0.11561	
0.0121526	-0.114427	
0.0134307	-0.112554	
0.0119916	-0.112363	
0.0129852	-0.116425	
0.0149005	-0.115454	
0.00575587	-0.111883	
0.00847643	-0.110732	
0.00992631	-0.109738	
0.00167995	-3.07766E-4	
0.00163833	-8.07479E-4	
0.00209728	-3.44345E-4	
0.00215689	-8.30613E-4	
0.00262168	-4.97791E-4	
0.00127076	-2.27458E-4	
7.66763E-4	-2.37121E-4	
0.00114094	-6.62265E-4	
2.79026E-4	-4.02362E-4	
0.00375099	-4.93826E-4	
0.00425107	-0.00124127	
0.00311339	-8.31891E-4	
4.90986E-4	-0.118691	
8.26188E-4	-0.119721	
0.00161064	-0.119164	
4.52605E-4	-0.117602	
0.00164932	-0.116827	
9.72901E-4	-0.116215	
0.00377584	-0.119334	
0.00519599	-0.119007	
0.00355112	-0.11632	
9.79774E-4	-0.11441	
0.00297617	-0.112954	
0.0016649	-0.11234	
4.40868E-4	-0.00621626	
0.0249696	-0.0834244	
0.0269623	-0.0902152	
0.0181303	-0.104125	
0.00375597	-5.61334E-4	
