quadrangle
//Number_of_Node
1858
//Number_of_Element
1783
//Number_of_Region
4
//Factor
1000.0
92,93,138,137,
93,94,139,138,
94,95,140,139,
95,96,141,140,
96,97,142,141,
97,98,143,142,
98,99,144,143,
99,100,145,144,
100,101,146,145,
101,102,147,146,
102,103,148,147,
103,104,149,148,
104,105,150,149,
105,106,151,150,
106,107,152,151,
107,108,153,152,
108,109,154,153,
109,110,155,154,
110,111,156,155,
111,112,113,156,
137,138,157,136,
138,139,158,157,
139,140,159,158,
140,141,160,159,
141,142,161,160,
142,143,162,161,
143,144,163,162,
144,145,164,163,
145,146,165,164,
146,147,166,165,
147,148,167,166,
148,149,168,167,
149,150,169,168,
150,151,170,169,
151,152,171,170,
152,153,172,171,
153,154,173,172,
154,155,174,173,
155,156,175,174,
156,113,114,175,
136,157,134,135,
157,158,133,134,
158,159,132,133,
159,160,131,132,
160,161,130,131,
161,162,129,130,
162,163,128,129,
163,164,127,128,
164,165,126,127,
165,166,125,126,
166,167,124,125,
167,168,123,124,
168,169,122,123,
169,170,121,122,
170,171,120,121,
171,172,119,120,
172,173,118,119,
173,174,117,118,
174,175,116,117,
175,114,115,116,
176,177,201,200,
177,178,202,201,
178,135,134,202,
200,201,203,199,
201,202,204,203,
202,134,133,204,
199,203,205,198,
203,204,206,205,
204,133,132,206,
198,205,207,197,
205,206,208,207,
206,132,131,208,
197,207,209,196,
207,208,210,209,
208,131,130,210,
196,209,211,195,
209,210,212,211,
210,130,129,212,
195,211,213,194,
211,212,214,213,
212,129,128,214,
194,213,215,193,
213,214,216,215,
214,128,127,216,
193,215,217,192,
215,216,218,217,
216,127,126,218,
192,217,219,191,
217,218,220,219,
218,126,125,220,
191,219,221,190,
219,220,222,221,
220,125,124,222,
190,221,223,189,
221,222,224,223,
222,124,123,224,
189,223,225,188,
223,224,226,225,
224,123,122,226,
188,225,227,187,
225,226,228,227,
226,122,121,228,
187,227,229,186,
227,228,230,229,
228,121,120,230,
186,229,231,185,
229,230,232,231,
230,120,119,232,
185,231,233,184,
231,232,234,233,
232,119,118,234,
184,233,235,183,
233,234,236,235,
234,118,117,236,
183,235,237,182,
235,236,238,237,
236,117,116,238,
182,237,180,181,
237,238,179,180,
238,116,115,179,
239,240,264,263,
240,241,265,264,
241,176,200,265,
263,264,266,262,
264,265,267,266,
265,200,199,267,
262,266,268,261,
266,267,269,268,
267,199,198,269,
261,268,270,260,
268,269,271,270,
269,198,197,271,
260,270,272,259,
270,271,273,272,
271,197,196,273,
259,272,274,258,
272,273,275,274,
273,196,195,275,
258,274,276,257,
274,275,277,276,
275,195,194,277,
257,276,278,256,
276,277,279,278,
277,194,193,279,
256,278,280,255,
278,279,281,280,
279,193,192,281,
255,280,282,254,
280,281,283,282,
281,192,191,283,
254,282,284,253,
282,283,285,284,
283,191,190,285,
253,284,286,252,
284,285,287,286,
285,190,189,287,
252,286,288,251,
286,287,289,288,
287,189,188,289,
251,288,290,250,
288,289,291,290,
289,188,187,291,
250,290,292,249,
290,291,293,292,
291,187,186,293,
249,292,294,248,
292,293,295,294,
293,186,185,295,
248,294,296,247,
294,295,297,296,
295,185,184,297,
247,296,298,246,
296,297,299,298,
297,184,183,299,
246,298,300,245,
298,299,301,300,
299,183,182,301,
245,300,243,244,
300,301,242,243,
301,182,181,242,
927,920,921,928,
928,929,926,927,
929,911,912,926,
930,929,928,931,
930,931,344,345,
928,921,344,931,
910,911,929,930,
930,345,346,910,
925,919,920,927,
927,926,924,925,
926,912,913,924,
923,918,919,925,
925,924,922,923,
924,913,914,922,
922,914,915,932,
932,933,923,922,
933,917,918,923,
916,894,895,934,
934,932,915,916,
933,932,934,935,
933,935,896,917,
934,895,896,935,
942,937,938,943,
943,944,941,942,
944,920,919,941,
945,944,943,946,
945,946,342,343,
943,938,342,946,
921,920,944,945,
945,343,344,921,
940,936,937,942,
942,941,939,940,
941,919,918,939,
917,896,897,947,
947,939,918,917,
940,939,947,948,
940,948,898,936,
947,897,898,948,
952,950,951,953,
952,953,340,341,
951,949,340,953,
938,937,950,952,
952,341,342,938,
936,898,899,954,
954,950,937,936,
951,950,954,955,
951,955,900,949,
954,899,900,955,
949,900,901,956,
949,956,339,340,
901,338,339,956,
347,348,902,957,
347,957,910,346,
902,903,910,957,
903,904,911,910,
904,905,912,911,
905,906,913,912,
909,893,894,916,
916,915,908,909,
915,914,907,908,
914,913,906,907,
883,884,903,902,
902,882,883,883,
902,348,349,882,
884,885,904,903,
885,886,905,904,
886,887,906,905,
887,888,907,906,
888,889,908,907,
889,890,909,908,
890,891,893,909,
900,899,809,810,
810,811,901,900,
811,337,338,901,
963,807,808,964,
963,964,899,898,
808,809,899,964,
962,806,807,963,
963,898,897,962,
961,805,806,962,
962,897,896,961,
960,804,805,961,
961,896,895,960,
959,803,804,960,
960,895,894,959,
958,802,803,959,
959,894,893,958,
892,801,802,958,
958,893,891,892,
882,349,350,870,
870,871,883,882,
871,872,884,883,
872,873,885,884,
873,874,886,885,
874,875,887,886,
889,877,878,967,
967,890,889,889,
889,888,876,877,
888,887,875,876,
966,891,890,967,
967,878,879,966,
965,892,891,966,
966,879,880,965,
800,965,880,881,
881,799,800,800,
800,801,892,965,
863,864,876,875,
875,862,863,863,
875,874,861,862,
874,873,860,861,
864,865,877,876,
873,872,859,860,
865,866,878,877,
872,871,858,859,
871,870,857,858,
866,867,879,878,
870,350,351,857,
867,868,880,879,
868,869,881,880,
869,798,799,881,
849,850,863,862,
862,848,849,849,
862,861,847,848,
850,851,864,863,
861,860,846,847,
860,859,845,846,
851,852,865,864,
859,858,844,845,
852,853,866,865,
858,857,843,844,
857,351,352,843,
853,854,867,866,
854,855,868,867,
855,856,869,868,
856,797,798,869,
843,352,353,828,
828,829,844,843,
829,830,845,844,
830,831,846,845,
831,832,847,846,
832,833,848,847,
833,834,849,848,
834,835,850,849,
841,842,968,969,
841,969,855,840,
968,856,855,969,
796,797,856,968,
968,842,795,796,
855,854,839,840,
854,853,838,839,
853,852,837,838,
852,851,836,837,
851,850,835,836,
819,820,835,834,
834,818,819,819,
834,833,817,818,
820,821,836,835,
833,832,816,817,
821,822,837,836,
832,831,815,816,
822,823,838,837,
831,830,814,815,
823,824,839,838,
830,829,813,814,
824,825,840,839,
829,828,812,813,
828,353,354,812,
825,826,841,840,
826,827,842,841,
827,794,795,842,
815,814,755,756,
756,757,816,815,
757,758,817,816,
814,813,754,755,
758,759,818,817,
813,812,753,754,
759,760,819,818,
812,354,355,753,
760,761,820,819,
761,762,821,820,
762,763,822,821,
763,764,823,822,
764,765,824,823,
765,766,825,824,
766,767,826,825,
768,769,794,827,
827,826,767,768,
987,785,786,988,
987,988,805,804,
786,787,805,988,
986,784,785,987,
987,804,803,986,
787,788,806,805,
788,789,807,806,
789,790,808,807,
793,336,337,811,
811,810,792,793,
810,809,791,792,
809,808,790,791,
985,783,784,986,
986,803,802,985,
783,985,983,984,
984,782,783,783,
985,802,801,983,
982,781,782,984,
984,983,981,982,
983,801,800,981,
980,780,781,982,
982,981,979,980,
981,800,799,979,
978,779,780,980,
980,979,977,978,
979,799,798,977,
976,778,779,978,
978,977,975,976,
977,798,797,975,
974,777,778,976,
976,975,973,974,
975,797,796,973,
972,775,776,989,
989,990,971,972,
990,991,970,971,
991,795,794,970,
974,973,991,990,
990,989,974,974,
989,776,777,974,
973,796,795,991,
774,775,972,772,
772,773,774,774,
972,971,771,772,
971,970,770,771,
970,794,769,770,
788,787,724,725,
725,726,789,788,
726,727,790,789,
787,786,723,724,
727,728,791,790,
728,729,792,791,
786,785,722,723,
729,730,793,792,
785,784,721,722,
730,335,336,793,
784,783,720,721,
783,782,719,720,
782,781,718,719,
781,780,717,718,
780,779,716,717,
779,778,715,716,
778,777,714,715,
777,776,713,714,
774,773,710,711,
711,712,775,774,
712,713,776,775,
753,355,356,731,
731,732,754,753,
732,733,755,754,
733,734,756,755,
734,735,757,756,
735,736,758,757,
736,737,759,758,
737,738,760,759,
738,739,761,760,
739,740,762,761,
740,741,763,762,
741,742,764,763,
750,751,993,994,
750,994,771,749,
993,772,771,994,
771,770,748,749,
770,769,747,748,
769,768,746,747,
768,767,745,746,
767,766,744,745,
766,765,743,744,
765,764,742,743,
992,773,772,993,
993,751,752,992,
709,710,773,992,
992,752,708,709,
688,689,736,735,
735,687,688,688,
735,734,686,687,
689,690,737,736,
734,733,685,686,
690,691,738,737,
691,692,739,738,
733,732,684,685,
692,693,740,739,
732,731,683,684,
693,694,741,740,
731,356,357,683,
694,695,742,741,
695,696,743,742,
696,697,744,743,
697,698,745,744,
698,699,746,745,
699,700,747,746,
700,701,748,747,
701,702,749,748,
702,703,750,749,
705,706,708,752,
752,751,704,705,
751,750,703,704,
1001,999,445,446,
446,447,1000,1001,
447,448,997,1000,
998,999,1001,1002,
998,1002,716,715,
1001,1000,716,1002,
1000,997,717,716,
998,715,714,1005,
1005,1004,999,998,
1003,1004,1005,1006,
1003,1006,713,996,
1005,714,713,1006,
444,445,999,1004,
1004,1003,443,444,
1003,996,239,443,
1008,450,451,1009,
1008,1009,720,719,
451,452,720,1009,
1007,449,450,1008,
1008,719,718,1007,
452,453,721,720,
997,448,449,1007,
1007,718,717,997,
453,454,722,721,
996,995,241,240,
240,239,996,996,
996,713,712,995,
178,177,1011,1014,
1014,1013,135,178,
1014,1011,1012,1015,
1014,1015,710,1013,
1012,711,710,1015,
1010,136,135,1013,
1013,710,709,1010,
176,241,995,1016,
1016,1011,177,176,
1012,1011,1016,1017,
1012,1017,712,711,
1016,995,712,1017,
137,136,1010,1018,
1018,92,137,137,
1018,707,442,92,
708,706,707,1018,
1018,1010,709,708,
728,727,459,460,
460,461,728,728,
727,726,458,459,
461,462,729,728,
462,463,730,729,
726,725,457,458,
463,334,335,730,
725,724,456,457,
724,723,455,456,
723,722,454,455,
1037,1035,1036,1038,
1038,677,678,1037,
1034,676,677,1038,
1038,1036,1033,1034,
1031,1032,1035,1037,
1037,678,679,1031,
702,701,1033,1036,
1036,1035,703,702,
1035,1032,704,703,
1030,675,676,1034,
1034,1033,1029,1030,
1033,701,700,1029,
1031,679,680,1027,
1027,1028,1032,1031,
1028,705,704,1032,
1026,674,675,1030,
1030,1029,1025,1026,
1029,700,699,1025,
1044,681,682,1041,
1041,1042,1043,1044,
1042,1039,1040,1043,
1027,680,681,1044,
1044,1043,1027,1027,
1043,1040,1028,1027,
440,441,1039,1042,
1042,1041,439,440,
1041,682,438,439,
1039,441,442,707,
707,706,1040,1039,
706,705,1028,1040,
1024,673,674,1026,
1026,1025,1024,1024,
1025,699,698,1024,
1023,672,673,1024,
1024,698,697,1023,
1022,671,672,1023,
1023,697,696,1022,
1021,670,671,1022,
1022,696,695,1021,
1020,669,670,1021,
1021,695,694,1020,
1019,668,669,1020,
1020,694,693,1019,
683,357,358,658,
658,659,684,683,
659,660,685,684,
660,661,686,685,
661,662,687,686,
662,663,688,687,
663,664,689,688,
690,665,666,1046,
1046,691,690,690,
690,689,664,665,
1045,692,691,1046,
1046,666,667,1045,
1019,693,692,1045,
1045,667,668,1019,
1068,1065,1066,1069,
1068,1069,674,1067,
1066,675,674,1069,
674,673,1064,1067,
649,650,1065,1068,
1068,1067,648,649,
1067,1064,647,648,
1065,650,651,1062,
1062,1063,1066,1065,
1063,676,675,1066,
1071,671,670,1072,
1072,644,645,1071,
669,643,644,1072,
1072,670,669,669,
1070,672,671,1071,
1071,645,646,1070,
1064,673,672,1070,
1070,646,647,1064,
669,668,642,643,
668,667,641,642,
667,666,640,641,
666,665,639,640,
665,664,638,639,
664,663,637,638,
663,662,636,637,
662,661,635,636,
661,660,634,635,
660,659,633,634,
659,658,632,633,
1062,651,652,1060,
1060,1061,1063,1062,
1061,677,676,1063,
658,358,359,632,
1060,652,653,1058,
1058,1059,1061,1060,
1059,678,677,1061,
1058,653,654,1056,
1056,1057,1059,1058,
1057,679,678,1059,
1054,1055,1057,1056,
1056,1053,1054,1054,
1056,654,655,1053,
1055,680,679,1057,
1053,655,656,1050,
1050,1051,1054,1053,
1051,1052,1055,1054,
1052,681,680,1055,
1050,656,657,1047,
1047,1048,1051,1050,
1048,1049,1052,1051,
1049,682,681,1052,
1047,657,434,435,
435,436,1048,1047,
437,438,682,1049,
1049,1048,436,437,
1094,1091,1092,1095,
1094,1095,649,1093,
1092,650,649,1095,
649,648,1088,1093,
623,624,1091,1094,
1094,1093,622,623,
1093,1088,621,622,
1091,624,625,1089,
1089,1090,1092,1091,
1090,651,650,1092,
1089,625,626,1086,
1086,1087,1090,1089,
1087,652,651,1090,
1097,646,645,1098,
1098,618,619,1097,
644,617,618,1098,
1098,645,644,644,
1096,647,646,1097,
1097,619,620,1096,
1088,648,647,1096,
1096,620,621,1088,
644,643,616,617,
643,642,615,616,
642,641,614,615,
641,640,613,614,
640,639,612,613,
639,638,611,612,
638,637,610,611,
637,636,609,610,
1086,626,627,1084,
1084,1085,1087,1086,
1085,653,652,1087,
636,635,608,609,
635,634,607,608,
634,633,606,607,
633,632,605,606,
1084,627,628,1082,
1082,1083,1085,1084,
1083,654,653,1085,
632,359,360,605,
1080,1081,1083,1082,
1082,1079,1080,1080,
1082,628,629,1079,
1081,655,654,1083,
1079,629,630,1076,
1076,1077,1080,1079,
1077,1078,1081,1080,
1078,656,655,1081,
1076,630,631,1073,
1073,1074,1077,1076,
1074,1075,1078,1077,
1075,657,656,1078,
1073,631,430,431,
431,432,1074,1073,
433,434,657,1075,
1075,1074,432,433,
1102,1103,1104,603,
603,604,1102,1102,
1104,1105,602,603,
1105,1106,601,602,
1106,1101,600,601,
629,628,1106,1105,
1105,1104,630,629,
1104,1103,631,630,
628,627,1101,1106,
429,430,631,1103,
1103,1102,428,429,
1102,604,427,428,
1108,626,625,1109,
1109,598,599,1108,
1107,597,598,1109,
1109,625,624,1107,
1101,627,626,1108,
1108,599,600,1101,
1100,596,597,1107,
1107,624,623,1100,
1099,595,596,1100,
1100,623,622,1099,
1099,622,621,594,
594,595,1099,1099,
621,620,593,594,
620,619,592,593,
619,618,591,592,
618,617,590,591,
617,616,589,590,
616,615,588,589,
615,614,587,588,
614,613,586,587,
605,360,361,578,
578,579,606,605,
579,580,607,606,
580,581,608,607,
581,582,609,608,
582,583,610,609,
583,584,611,610,
584,585,612,611,
585,586,613,612,
1137,1138,1139,1140,
1137,1140,593,1136,
1139,594,593,1140,
593,592,1124,1136,
1135,595,594,1139,
1139,1138,1134,1135,
1137,1136,565,566,
566,1138,1137,1137,
566,567,1134,1138,
1136,1124,564,565,
1133,596,595,1135,
1135,1134,1132,1133,
1134,567,568,1132,
1131,597,596,1133,
1133,1132,1130,1131,
1132,568,569,1130,
1129,598,597,1131,
1131,1130,1128,1129,
1130,569,570,1128,
1145,1141,1142,1146,
1146,1147,1144,1145,
1147,1129,1128,1144,
1146,1142,1143,1148,
1146,1148,599,1147,
1143,600,599,1148,
599,598,1129,1147,
572,573,1141,1145,
1145,1144,571,572,
1144,1128,570,571,
1141,573,574,1125,
1125,1126,1142,1141,
1126,1127,1143,1142,
1127,601,600,1143,
1125,574,575,1118,
1118,1119,1126,1125,
1119,1120,1127,1126,
1120,602,601,1127,
1123,563,564,1124,
1124,592,591,1123,
1122,562,563,1123,
1123,591,590,1122,
1121,561,562,1122,
1122,590,589,1121,
588,560,561,1121,
1121,589,588,588,
588,587,559,560,
587,586,558,559,
586,585,557,558,
1119,1118,1114,1115,
1115,1116,1119,1119,
1116,1117,1120,1119,
1118,575,576,1114,
1117,603,602,1120,
585,584,556,557,
584,583,555,556,
1114,576,577,1110,
1110,1111,1115,1114,
1111,1112,1116,1115,
1112,1113,1117,1116,
1113,604,603,1117,
583,582,554,555,
582,581,553,554,
581,580,552,553,
580,579,551,552,
1110,577,422,423,
423,424,1111,1110,
424,425,1112,1111,
426,427,604,1113,
1113,1112,425,426,
579,578,550,551,
578,361,362,550,
421,422,577,1149,
1149,549,420,421,
1149,577,576,548,
548,549,1149,1149,
576,575,547,548,
575,574,546,547,
574,573,545,546,
573,572,544,545,
572,571,543,544,
571,570,542,543,
570,569,541,542,
569,568,540,541,
568,567,539,540,
567,566,538,539,
566,565,537,538,
565,564,536,537,
564,563,535,536,
563,562,534,535,
562,561,533,534,
561,560,532,533,
560,559,531,532,
559,558,530,531,
558,557,529,530,
550,362,363,522,
522,523,551,550,
523,524,552,551,
524,525,553,552,
525,526,554,553,
526,527,555,554,
527,528,556,555,
528,529,557,556,
1182,1183,1186,1187,
1182,1187,512,1181,
1186,511,512,1187,
1855,513,1177,1181,
1185,510,511,1186,
1186,1183,1184,1185,
1180,509,510,1185,
1185,1184,1179,1180,
1183,1182,1189,1190,
1183,1190,539,1184,
1189,540,539,1190,
539,538,1179,1184,
1188,541,540,1189,
1189,1182,1181,1188,
1178,542,541,1188,
1188,1181,1177,1178,
537,1170,1180,1179,
1179,538,537,537,
1170,508,509,1180,
1191,1174,1175,1192,
1191,1192,1178,1177,
1175,1176,1178,1192,
514,515,1174,1191,
1191,1177,513,514,
1176,543,542,1178,
1174,515,516,1171,
1171,1172,1175,1174,
1172,1173,1176,1175,
1173,544,543,1176,
1171,516,517,1164,
1164,1165,1172,1171,
1165,1166,1173,1172,
1166,545,544,1173,
1169,507,508,1170,
1170,537,536,1169,
1168,506,507,1169,
1169,536,535,1168,
1167,505,506,1168,
1168,535,534,1167,
533,504,505,1167,
1167,534,533,533,
1164,517,518,1161,
1161,1162,1165,1164,
1162,1163,1166,1165,
1163,546,545,1166,
533,532,503,504,
532,531,502,503,
531,530,501,502,
1161,518,519,1158,
1158,1159,1162,1161,
1159,1160,1163,1162,
1160,547,546,1163,
530,529,500,501,
529,528,499,500,
528,527,498,499,
1159,1158,1154,1155,
1155,1156,1159,1159,
1156,1157,1160,1159,
1158,519,520,1154,
1157,548,547,1160,
527,526,497,498,
1154,520,521,1150,
1150,1151,1155,1154,
1151,1152,1156,1155,
1152,1153,1157,1156,
1153,549,548,1157,
526,525,496,497,
525,524,495,496,
1150,521,415,416,
416,417,1151,1150,
417,418,1152,1151,
419,420,549,1153,
1153,1152,418,419,
524,523,494,495,
523,522,493,494,
522,363,364,493,
1206,515,514,1207,
1207,1208,1205,1206,
1208,485,486,1205,
1207,514,513,1209,
1209,1210,1208,1207,
1210,484,485,1208,
1210,1209,1212,1211,
1211,1212,512,483,
1210,1211,483,484,
1209,513,1855,1212,
1204,516,515,1206,
1206,1205,1203,1204,
1205,486,487,1203,
1202,517,516,1204,
1204,1203,1201,1202,
1203,487,488,1201,
1200,518,517,1202,
1202,1201,1199,1200,
1201,488,489,1199,
1198,519,518,1200,
1200,1199,1197,1198,
1199,489,490,1197,
1196,520,519,1198,
1198,1197,1195,1196,
1197,490,491,1195,
1194,521,520,1196,
1196,1195,1193,1194,
1195,491,492,1193,
512,511,482,483,
511,510,481,482,
510,509,480,481,
509,508,479,480,
508,507,478,479,
507,506,477,478,
506,505,476,477,
505,504,475,476,
504,503,474,475,
414,415,521,1194,
1194,1193,413,414,
1193,492,412,413,
503,502,473,474,
502,501,472,473,
501,500,471,472,
500,499,470,471,
499,498,469,470,
498,497,468,469,
497,496,467,468,
496,495,466,467,
495,494,465,466,
494,493,464,465,
493,364,365,464,
387,388,1215,1216,
387,1216,479,386,
1215,480,479,1216,
1214,481,480,1215,
1215,388,389,1214,
479,478,385,386,
1214,389,390,1217,
1214,1217,482,481,
390,391,482,1217,
391,392,483,482,
1218,383,384,1219,
1218,1219,478,477,
384,385,478,1219,
1213,382,383,1218,
1218,477,476,1213,
380,381,1220,1221,
380,1221,474,379,
1220,475,474,1221,
474,473,378,379,
1213,476,475,1220,
1220,381,382,1213,
376,377,472,471,
471,375,376,376,
471,470,374,375,
377,378,473,472,
470,469,373,374,
370,371,467,466,
466,369,370,370,
371,372,468,467,
466,465,368,369,
465,464,367,368,
372,373,469,468,
464,365,366,367,
1229,1226,399,400,
400,401,1228,1229,
401,402,1227,1228,
402,403,1224,1227,
1230,1229,1228,1231,
1230,1231,490,489,
1228,1227,490,1231,
1225,1226,1229,1230,
1230,489,488,1225,
1227,1224,491,490,
1233,1234,1235,1236,
1233,1236,486,1232,
1235,487,486,1236,
1225,488,487,1235,
1235,1234,1226,1225,
486,485,1223,1232,
1232,1223,395,396,
396,397,1233,1232,
398,399,1226,1234,
1234,1233,397,398,
1222,492,491,1224,
1224,403,404,1222,
394,395,1223,1237,
394,1237,484,393,
1223,485,484,1237,
484,483,392,393,
411,412,492,1222,
1222,404,405,411,
249,248,1298,1336,
1336,1335,250,249,
1333,1334,1335,1336,
1336,1298,1299,1333,
1332,251,250,1335,
1335,1334,1331,1332,
1333,1299,1300,1328,
1328,1329,1334,1333,
1329,1330,1331,1334,
1327,252,251,1332,
1332,1331,1326,1327,
1331,1330,1325,1326,
1328,1300,1301,1321,
1321,1322,1329,1328,
1322,1323,1330,1329,
1323,1324,1325,1330,
1320,253,252,1327,
1327,1326,1319,1320,
1326,1325,1318,1319,
1325,1324,1317,1318,
1321,1301,1302,1307,
1307,1308,1322,1321,
1308,1309,1323,1322,
1309,1310,1324,1323,
1310,1311,1317,1324,
1316,254,253,1320,
1320,1319,1315,1316,
1319,1318,1314,1315,
1318,1317,1313,1314,
1317,1311,1312,1313,
1290,255,254,1316,
1316,1315,1289,1290,
1315,1314,1288,1289,
1314,1313,1287,1288,
1313,1312,1286,1287,
1344,1309,1308,1346,
1346,1345,1343,1344,
1346,1308,1307,1347,
1346,1347,1303,1345,
1307,1302,1303,1347,
1337,1338,1343,1345,
1345,1303,1304,1337,
1343,1338,1339,1341,
1341,1342,1344,1343,
1342,1310,1309,1344,
1312,1311,1349,1350,
1312,1350,1285,1286,
1349,1348,1285,1350,
1342,1341,1348,1349,
1349,1311,1310,1342,
1340,1284,1285,1348,
1348,1341,1339,1340,
1297,1281,1282,1358,
1358,1357,1296,1297,
1355,1356,1357,1358,
1358,1282,1283,1355,
1354,1295,1296,1357,
1357,1356,1353,1354,
1355,1283,1284,1340,
1340,1339,1356,1355,
1339,1338,1353,1356,
1352,1294,1295,1354,
1354,1353,1351,1352,
1353,1338,1337,1351,
1306,1293,1294,1352,
1352,1351,1305,1306,
1351,1337,1304,1305,
1377,1378,1380,1382,
1377,1382,1375,1376,
1380,1381,1375,1382,
1381,1379,1374,1375,
1380,1378,305,306,
306,307,1381,1380,
307,308,1379,1381,
1366,1367,1374,1379,
1379,308,309,1366,
1373,304,305,1378,
1378,1377,1372,1373,
1377,1376,1371,1372,
1374,1367,1304,1303,
1303,1302,1375,1374,
1301,1300,1371,1376,
1376,1375,1302,1301,
1371,1300,1299,1368,
1368,1369,1372,1371,
1369,1370,1373,1372,
1370,303,304,1373,
1368,1299,1298,1363,
1363,1364,1369,1368,
1364,1365,1370,1369,
1365,302,303,1370,
1366,309,310,1361,
1361,1362,1367,1366,
1362,1305,1304,1367,
1364,1363,247,246,
246,245,1365,1364,
245,244,302,1365,
1363,1298,248,247,
1361,310,311,1359,
1359,1360,1362,1361,
1360,1306,1305,1362,
1359,311,312,1291,
1291,1292,1360,1359,
1292,1293,1306,1360,
1294,1293,1271,1272,
1272,1295,1294,1294,
1272,1273,1296,1295,
1293,1292,1270,1271,
1273,1274,1297,1296,
1292,1291,1269,1270,
1274,1275,1281,1297,
1291,312,313,1269,
1441,1442,1444,1446,
1441,1446,1443,1440,
1444,1445,1443,1446,
1445,1422,1423,1443,
1444,1442,1435,1436,
1436,1437,1445,1444,
1437,1421,1422,1445,
1438,1439,1440,1443,
1443,1423,1424,1438,
1440,1439,1430,1431,
1431,1432,1441,1440,
1433,1434,1435,1442,
1442,1441,1432,1433,
1427,1428,1430,1439,
1439,1438,1426,1427,
1438,1424,1425,1426,
1413,1414,1437,1436,
1436,1435,1412,1413,
1435,1434,1411,1412,
1414,1415,1421,1437,
1451,1433,1432,1453,
1453,1452,1450,1451,
1453,1432,1431,1454,
1453,1454,1449,1452,
1431,1430,1449,1454,
447,446,1450,1452,
1452,1449,448,447,
1448,1434,1433,1451,
1451,1450,1447,1448,
1450,446,445,1447,
1429,449,448,1449,
1449,1430,1428,1429,
1410,1411,1434,1448,
1448,1447,1409,1410,
1447,445,444,1409,
1420,450,449,1429,
1429,1428,1419,1420,
1428,1427,1418,1419,
1427,1426,1417,1418,
1426,1425,1416,1417,
1406,1407,1425,1424,
1424,1423,1405,1406,
1423,1422,1404,1405,
1407,1408,1416,1425,
1422,1421,1403,1404,
1421,1415,1402,1403,
1399,1400,1419,1418,
1418,1417,1398,1399,
1417,1416,1397,1398,
1400,1401,1420,1419,
1416,1408,1396,1397,
1401,451,450,1420,
1412,1411,1385,1386,
1386,1387,1413,1412,
1387,1388,1414,1413,
1409,444,443,1383,
1383,1384,1410,1409,
1384,1385,1411,1410,
1389,1390,1402,1415,
1415,1414,1388,1389,
1406,1405,1286,1285,
1285,1284,1407,1406,
1284,1283,1408,1407,
1405,1404,1287,1286,
1283,1282,1396,1408,
1404,1403,1288,1287,
1403,1402,1289,1288,
1402,1390,1290,1289,
1393,1394,1400,1399,
1399,1398,1393,1393,
1398,1397,1392,1393,
1394,1395,1401,1400,
1397,1396,1391,1392,
1395,452,451,1401,
1396,1282,1281,1391,
1391,1281,1275,1276,
1276,1277,1392,1391,
1277,1278,1393,1392,
1278,1279,1394,1393,
1279,1280,1395,1394,
1280,453,452,1395,
1386,1385,261,260,
260,259,1387,1386,
259,258,1388,1387,
1385,1384,262,261,
258,257,1389,1388,
1384,1383,263,262,
257,256,1390,1389,
1383,443,239,263,
256,255,1290,1390,
1473,1474,1479,1508,
1508,1507,1472,1473,
1505,1506,1507,1508,
1508,1479,1480,1505,
1502,1471,1472,1507,
1507,1506,1501,1502,
1505,1480,1481,1503,
1503,1504,1506,1505,
1504,1500,1501,1506,
1503,1481,1482,1497,
1497,1498,1504,1503,
1498,1499,1500,1504,
1496,1470,1471,1502,
1502,1501,1495,1496,
1501,1500,1494,1495,
1500,1499,1493,1494,
1497,1482,1483,1484,
1484,1485,1498,1497,
1485,1486,1499,1498,
1486,1487,1493,1499,
1492,1469,1470,1496,
1496,1495,1491,1492,
1495,1494,1490,1491,
1494,1493,1489,1490,
1493,1487,1488,1489,
1491,1490,1465,1466,
1466,1467,1492,1491,
1467,1468,1469,1492,
1490,1489,1464,1465,
1489,1488,1463,1464,
1509,1486,1485,1510,
1509,1510,1476,1477,
1485,1484,1476,1510,
1484,1483,1475,1476,
1487,1486,1509,1511,
1487,1511,1478,1488,
1509,1477,1478,1511,
1478,1462,1463,1488,
317,318,1482,1481,
1481,1480,316,317,
1480,1479,315,316,
318,319,1483,1482,
1479,1474,314,315,
319,320,1475,1483,
1475,320,321,1261,
1261,1262,1476,1475,
1262,1263,1477,1476,
1263,1264,1478,1477,
1264,1265,1462,1478,
1269,313,314,1474,
1474,1473,1270,1269,
1473,1472,1271,1270,
1472,1471,1272,1271,
1469,1468,1275,1274,
1274,1273,1470,1469,
1273,1272,1471,1470,
1276,1275,1468,1521,
1521,1520,1277,1276,
1518,1519,1520,1521,
1521,1468,1467,1518,
1461,1278,1277,1520,
1520,1519,1460,1461,
1518,1467,1466,1516,
1516,1517,1519,1518,
1517,1459,1460,1519,
1516,1466,1465,1514,
1514,1515,1517,1516,
1515,1458,1459,1517,
1514,1465,1464,1513,
1513,1515,1514,1514,
1513,1457,1458,1515,
1512,1456,1457,1513,
1513,1464,1463,1512,
1512,1463,1462,1522,
1522,1455,1456,1512,
1266,1267,1455,1522,
1522,1462,1265,1266,
1531,1529,1460,1459,
1459,1458,1530,1531,
1458,1457,1527,1530,
1528,1529,1531,1532,
1528,1532,456,455,
1531,1530,456,1532,
1530,1527,457,456,
1528,455,454,1525,
1525,1526,1529,1528,
1526,1461,1460,1529,
1524,458,457,1527,
1527,1457,1456,1524,
1525,454,453,1280,
1280,1279,1526,1525,
1279,1278,1461,1526,
1523,459,458,1524,
1524,1456,1455,1523,
1268,460,459,1523,
1523,1455,1267,1268,
1261,321,322,1253,
1253,1254,1262,1261,
1254,1255,1263,1262,
1255,1256,1264,1263,
1256,1257,1265,1264,
1257,1258,1266,1265,
1258,1259,1267,1266,
1259,1260,1268,1267,
1260,461,460,1268,
1253,322,323,1245,
1245,1246,1254,1253,
1246,1247,1255,1254,
1247,1248,1256,1255,
1248,1249,1257,1256,
1249,1250,1258,1257,
1250,1251,1259,1258,
1251,1252,1260,1259,
1252,462,461,1260,
1241,1242,1250,1249,
1249,1248,1241,1241,
1248,1247,1240,1241,
1242,1243,1251,1250,
1247,1246,1239,1240,
1243,1244,1252,1251,
1246,1245,1238,1239,
1244,463,462,1252,
1245,323,324,1238,
330,1241,1240,1535,
1535,329,330,330,
330,331,1242,1241,
331,332,1243,1242,
1244,1243,332,333,
333,334,463,1244,
1534,328,329,1535,
1535,1240,1239,1534,
1533,327,328,1534,
1534,1239,1238,1533,
325,326,327,1533,
1533,1238,324,325,
33,32,1737,1746,
1746,1745,34,33,
1741,1742,1745,1746,
1746,1737,1738,1741,
1744,35,34,1745,
1745,1742,1743,1744,
1736,36,35,1744,
1744,1743,1735,1736,
1747,1742,1741,1748,
1747,1748,1739,1740,
1741,1738,1739,1748,
1743,1742,1747,1749,
1743,1749,1734,1735,
1747,1740,1734,1749,
1719,1720,1734,1740,
1740,1739,1718,1719,
1712,1713,1717,1751,
1751,1752,1711,1712,
1752,1750,1710,1711,
1738,1737,1750,1752,
1752,1751,1739,1738,
1751,1717,1718,1739,
31,30,1710,1750,
1750,1737,32,31,
1753,1736,1735,1754,
1753,1754,1732,1733,
1735,1734,1732,1754,
1734,1720,1721,1732,
37,36,1736,1753,
1753,1733,38,37,
1732,1721,1722,1730,
1730,1731,1733,1732,
1731,39,38,1733,
1731,1729,41,40,
40,39,1731,1731,
1731,1730,1728,1729,
1730,1722,1723,1728,
42,41,1729,1756,
1756,1757,43,42,
1757,1727,44,43,
1755,1726,1727,1757,
1757,1756,1755,1755,
1756,1729,1728,1755,
1724,1725,1726,1755,
1755,1728,1723,1724,
1716,45,44,1727,
1727,1726,1715,1716,
1726,1725,1714,1715,
1720,1719,1766,1769,
1720,1769,1768,1721,
1766,1767,1768,1769,
1767,1760,1761,1768,
1768,1761,1762,1770,
1768,1770,1722,1721,
1762,1763,1722,1770,
1766,1719,1718,1764,
1764,1765,1767,1766,
1765,1759,1760,1767,
1771,1764,1718,1717,
1771,1717,1713,1706,
1706,1707,1764,1771,
1764,1707,1708,1765,
1708,1709,1759,1765,
1763,1758,1723,1722,
1772,1761,1760,1773,
1773,1682,1683,1772,
1773,1760,1759,1774,
1773,1774,1681,1682,
1759,1709,1681,1774,
1772,1683,1684,1775,
1775,1762,1761,1772,
1763,1762,1775,1776,
1763,1776,1685,1758,
1775,1684,1685,1776,
1724,1723,1758,1777,
1724,1777,1686,1725,
1758,1685,1686,1777,
1686,1687,1714,1725,
1714,1687,1688,1698,
1698,1699,1715,1714,
1699,1700,1716,1715,
1700,46,45,1716,
1704,1705,1706,1713,
1713,1712,1703,1704,
1712,1711,1702,1703,
1711,1710,1701,1702,
1710,30,29,1701,
1677,1678,1708,1707,
1707,1706,1677,1677,
1706,1705,1676,1677,
1678,1679,1709,1708,
1679,1680,1681,1709,
1704,1703,1780,1781,
1704,1781,1674,1705,
1780,1673,1674,1781,
1674,1675,1676,1705,
1779,1672,1673,1780,
1780,1703,1702,1779,
1778,1671,1672,1779,
1779,1702,1701,1778,
28,27,1671,1778,
1778,1701,29,28,
1696,1697,1700,1699,
1699,1698,1696,1696,
1698,1688,1689,1696,
1697,47,46,1700,
1697,1695,49,48,
48,47,1697,1697,
1697,1696,1694,1695,
1696,1689,1690,1694,
1694,1690,1691,1692,
1692,1693,1695,1694,
1693,50,49,1695,
1692,1691,1669,1670,
1670,1693,1692,1692,
1670,51,50,1693,
1785,1685,1684,1786,
1785,1786,1656,1657,
1684,1683,1656,1786,
1683,1682,1655,1656,
1784,1686,1685,1785,
1785,1657,1658,1784,
1682,1681,1654,1655,
1681,1680,1653,1654,
1783,1687,1686,1784,
1784,1658,1659,1783,
1782,1688,1687,1783,
1783,1659,1660,1782,
1787,1661,1662,1788,
1788,1690,1689,1787,
1691,1690,1788,1789,
1691,1789,1663,1669,
1788,1662,1663,1789,
1782,1660,1661,1787,
1787,1689,1688,1782,
1676,1675,102,101,
101,1677,1676,1676,
101,100,1678,1677,
100,99,1679,1678,
99,98,1680,1679,
98,97,1653,1680,
1794,1792,1793,1795,
1795,26,25,1794,
1671,27,26,1795,
1795,1793,1672,1671,
1645,1646,1792,1794,
1794,25,24,1645,
1791,1673,1672,1793,
1793,1792,1790,1791,
1792,1646,1647,1790,
1791,1790,1797,1796,
1796,1797,1648,1674,
1791,1796,1674,1673,
1790,1647,1856,1797,
1649,103,102,1675,
1675,1674,1648,1649,
1670,1668,53,52,
52,51,1670,1670,
1670,1669,1667,1668,
1669,1663,1664,1667,
1665,1666,1668,1667,
1667,1664,1665,1665,
1666,54,53,1668,
1652,55,54,1666,
1666,1665,1651,1652,
1638,1639,1665,1664,
1664,1663,1638,1638,
1663,1662,1637,1638,
1639,1640,1651,1665,
1662,1661,1636,1637,
1661,1660,1635,1636,
1660,1659,1634,1635,
1659,1658,1633,1634,
1658,1657,1632,1633,
1657,1656,1631,1632,
1653,97,96,1628,
1628,1629,1654,1653,
1629,1630,1655,1654,
1630,1631,1656,1655,
1798,1652,1651,1799,
1798,1799,1641,1650,
1651,1640,1641,1799,
56,55,1652,1798,
1798,1650,57,56,
1644,58,57,1650,
1650,1641,1642,1644,
1856,1647,1802,1803,
1648,1803,1626,1649,
1802,1625,1626,1803,
1626,104,103,1649,
1801,1624,1857,1802,
1802,1647,1646,1801,
1800,1623,1624,1801,
1801,1646,1645,1800,
23,22,1623,1800,
1800,1645,24,23,
1643,59,58,1644,
1644,1642,1643,1643,
1643,1627,60,59,
1611,1612,1636,1635,
1635,1634,1611,1611,
1612,1613,1637,1636,
1634,1633,1610,1611,
1613,1614,1638,1637,
1633,1632,1609,1610,
1632,1631,1608,1609,
1631,1630,1607,1608,
1614,1615,1639,1638,
1630,1629,1606,1607,
1629,1628,1605,1606,
1628,96,95,1605,
1615,1616,1640,1639,
1618,1619,1627,1643,
1643,1642,1618,1618,
1642,1641,1617,1618,
1641,1640,1616,1617,
1627,1619,1620,1804,
1804,61,60,1627,
62,61,1804,1805,
62,1805,1621,63,
1804,1620,1621,1805,
1808,1806,1807,1809,
1809,21,20,1808,
1623,22,21,1809,
1809,1807,1624,1623,
1599,1600,1806,1808,
1808,20,19,1599,
1807,1806,1811,1810,
1810,1811,1601,1625,
1807,1810,1857,1624,
1806,1600,1601,1811,
1601,1602,1626,1625,
1602,105,104,1626,
1621,1622,64,63,
1622,1604,65,64,
1814,1617,1616,1815,
1814,1815,1582,1583,
1616,1615,1582,1815,
1813,1618,1617,1814,
1814,1583,1584,1813,
1615,1614,1581,1582,
1812,1619,1618,1813,
1813,1584,1585,1812,
1614,1613,1580,1581,
1613,1612,1579,1580,
1612,1611,1578,1579,
1611,1610,1577,1578,
1818,1603,1604,1622,
1622,1621,1817,1818,
1621,1620,1816,1817,
1587,1588,1603,1818,
1818,1817,1587,1587,
1817,1816,1586,1587,
1812,1585,1586,1816,
1816,1620,1619,1812,
1610,1609,1576,1577,
1609,1608,1575,1576,
1608,1607,1574,1575,
1605,95,94,1572,
1572,1573,1606,1605,
1573,1574,1607,1606,
66,65,1604,1819,
66,1819,1598,67,
1604,1603,1598,1819,
1603,1588,1589,1598,
1601,1600,1821,1822,
1601,1822,1596,1602,
1821,1595,1596,1822,
1596,106,105,1602,
1820,1594,1595,1821,
1821,1600,1599,1820,
18,17,1594,1820,
1820,1599,19,18,
1597,68,67,1598,
1598,1589,1590,1597,
70,69,1823,1824,
70,1824,1592,71,
1823,1591,1592,1824,
1597,1590,1591,1823,
1823,69,68,1597,
1592,1593,72,71,
1826,1595,1594,1828,
1828,1827,1825,1826,
16,15,1827,1828,
1828,1594,17,16,
1545,1546,1825,1827,
1827,15,14,1545,
1826,1825,1830,1829,
1829,1830,1547,1596,
1826,1829,1596,1595,
1825,1546,1858,1830,
1547,107,106,1596,
1593,1571,73,72,
1558,1559,1584,1583,
1583,1582,1558,1558,
1582,1581,1557,1558,
1559,1560,1585,1584,
1581,1580,1556,1557,
1560,1561,1586,1585,
1580,1579,1555,1556,
1579,1578,1554,1555,
1561,1562,1587,1586,
1578,1577,1553,1554,
1577,1576,1552,1553,
1576,1575,1551,1552,
1562,1563,1588,1587,
1575,1574,1550,1551,
1574,1573,1549,1550,
1573,1572,1548,1549,
1572,94,93,1548,
1566,1567,1593,1592,
1592,1591,1566,1566,
1591,1590,1565,1566,
1590,1589,1564,1565,
1567,1568,1571,1593,
1589,1588,1563,1564,
74,73,1571,1831,
74,1831,1569,75,
1571,1568,1569,1831,
1569,1570,76,75,
1570,1544,77,76,
1560,1559,430,429,
429,428,1561,1560,
428,427,1562,1561,
1559,1558,431,430,
427,426,1563,1562,
1558,1557,432,431,
426,425,1564,1563,
1557,1556,433,432,
425,424,1565,1564,
1556,1555,434,433,
424,423,1566,1565,
1555,1554,435,434,
1554,1553,436,435,
423,422,1567,1566,
1569,1568,421,420,
420,1570,1569,1569,
420,419,1544,1570,
1568,1567,422,421,
1550,1549,441,440,
440,439,1550,1550,
439,438,1551,1550,
1549,1548,442,441,
438,437,1552,1551,
1548,93,92,442,
437,436,1553,1552,
13,12,1541,1545,
1545,14,13,13,
1541,1542,1546,1545,
1543,108,107,1547,
1858,1546,1542,1543,
1544,1540,79,78,
78,77,1544,1544,
1544,419,418,1540,
1542,1541,1832,1833,
1542,1833,1539,1543,
1832,1538,1539,1833,
1539,109,108,1543,
1832,1541,12,11,
11,10,1832,1832,
10,9,1538,1832,
1540,418,417,1834,
1834,80,79,1540,
81,80,1834,1835,
81,1835,416,82,
1834,417,416,1835,
5,4,1536,1840,
1840,1841,6,5,
1841,1839,7,6,
1838,1839,1841,1842,
1838,1842,1836,1837,
1841,1840,1836,1842,
1840,1536,1537,1836,
1843,1839,1838,1844,
1843,1844,1539,1538,
1838,1837,1539,1844,
8,7,1839,1843,
1843,1538,9,8,
1836,1537,111,110,
110,1837,1836,1836,
110,109,1539,1837,
1845,88,87,1846,
1846,413,412,1845,
1846,87,86,1847,
1846,1847,414,413,
86,85,414,1847,
89,88,1845,1848,
89,1848,411,90,
1845,412,411,1848,
411,405,91,90,
415,84,83,83,
82,416,415,415,
415,414,85,84,
406,407,1851,1852,
406,1852,2,1,
1851,1850,2,1852,
1851,407,408,1853,
1851,1853,1849,1850,
408,409,1849,1853,
3,2,1850,1536,
1536,4,3,3,
1850,1849,1537,1536,
1849,409,410,1854,
1849,1854,111,1537,
410,112,111,1854,
1212,1855,1181,512,
1797,1856,1803,1648,
1857,1810,1625,1802,
1830,1858,1543,1547,
415,83,82,82,
100.000000000 ,0.000000000 ,
99.984770000 ,1.745240600 ,
99.939083000 ,3.489949700 ,
99.862953000 ,5.233595600 ,
99.756405000 ,6.975647400 ,
99.619470000 ,8.715574300 ,
99.452190000 ,10.452846000 ,
99.254615000 ,12.186934000 ,
99.026807000 ,13.917310000 ,
98.768834000 ,15.643447000 ,
98.480775000 ,17.364818000 ,
98.162718000 ,19.080900000 ,
97.814760000 ,20.791169000 ,
97.437006000 ,22.495105000 ,
97.029573000 ,24.192190000 ,
96.592583000 ,25.881905000 ,
96.126170000 ,27.563736000 ,
95.630476000 ,29.237170000 ,
95.105652000 ,30.901699000 ,
94.551858000 ,32.556815000 ,
93.969262000 ,34.202014000 ,
93.358043000 ,35.836795000 ,
92.718385000 ,37.460659000 ,
92.050485000 ,39.073113000 ,
91.354546000 ,40.673664000 ,
90.630779000 ,42.261826000 ,
89.879405000 ,43.837115000 ,
89.100652000 ,45.399050000 ,
88.294759000 ,46.947156000 ,
87.461971000 ,48.480962000 ,
86.602540000 ,50.000000000 ,
85.716730000 ,51.503807000 ,
84.804810000 ,52.991926000 ,
83.867057000 ,54.463904000 ,
82.903757000 ,55.919290000 ,
81.915204000 ,57.357644000 ,
80.901699000 ,58.778525000 ,
79.863551000 ,60.181502000 ,
78.801075000 ,61.566148000 ,
77.714596000 ,62.932039000 ,
76.604444000 ,64.278761000 ,
75.470958000 ,65.605903000 ,
74.314483000 ,66.913061000 ,
73.135370000 ,68.199836000 ,
71.933980000 ,69.465837000 ,
70.710678000 ,70.710678000 ,
69.465837000 ,71.933980000 ,
68.199836000 ,73.135370000 ,
66.913061000 ,74.314483000 ,
65.605903000 ,75.470958000 ,
64.278761000 ,76.604444000 ,
62.932039000 ,77.714596000 ,
61.566148000 ,78.801075000 ,
60.181502000 ,79.863551000 ,
58.778525000 ,80.901699000 ,
57.357644000 ,81.915204000 ,
55.919290000 ,82.903757000 ,
54.463904000 ,83.867057000 ,
52.991926000 ,84.804810000 ,
51.503807000 ,85.716730000 ,
50.000000000 ,86.602540000 ,
48.480962000 ,87.461971000 ,
46.947156000 ,88.294759000 ,
45.399050000 ,89.100652000 ,
43.837115000 ,89.879405000 ,
42.261826000 ,90.630779000 ,
40.673664000 ,91.354546000 ,
39.073113000 ,92.050485000 ,
37.460659000 ,92.718385000 ,
35.836795000 ,93.358043000 ,
34.202014000 ,93.969262000 ,
32.556815000 ,94.551858000 ,
30.901699000 ,95.105652000 ,
29.237170000 ,95.630476000 ,
27.563736000 ,96.126170000 ,
25.881905000 ,96.592583000 ,
24.192190000 ,97.029573000 ,
22.495105000 ,97.437006000 ,
20.791169000 ,97.814760000 ,
19.080900000 ,98.162718000 ,
17.364818000 ,98.480775000 ,
15.643447000 ,98.768834000 ,
13.917310000 ,99.026807000 ,
12.186934000 ,99.254615000 ,
10.452846000 ,99.452190000 ,
8.715574300 ,99.619470000 ,
6.975647400 ,99.756405000 ,
5.233595600 ,99.862953000 ,
3.489949700 ,99.939083000 ,
1.745240600 ,99.984770000 ,
0.000000000 ,100.000000000 ,
110.000000000 ,100.000000000 ,
110.000000000 ,95.000000000 ,
110.000000000 ,90.000000000 ,
110.000000000 ,85.000000000 ,
110.000000000 ,80.000000000 ,
110.000000000 ,75.000000000 ,
110.000000000 ,70.000000000 ,
110.000000000 ,65.000000000 ,
110.000000000 ,60.000000000 ,
110.000000000 ,55.000000000 ,
110.000000000 ,50.000000000 ,
110.000000000 ,45.000000000 ,
110.000000000 ,40.000000000 ,
110.000000000 ,35.000000000 ,
110.000000000 ,30.000000000 ,
110.000000000 ,25.000000000 ,
110.000000000 ,20.000000000 ,
110.000000000 ,15.000000000 ,
110.000000000 ,10.000000000 ,
110.000000000 ,5.000000000 ,
110.000000000 ,0.000000000 ,
113.333330000 ,0.000000000 ,
116.666670000 ,0.000000000 ,
120.000000000 ,0.000000000 ,
120.000000000 ,5.000000000 ,
120.000000000 ,10.000000000 ,
120.000000000 ,15.000000000 ,
120.000000000 ,20.000000000 ,
120.000000000 ,25.000000000 ,
120.000000000 ,30.000000000 ,
120.000000000 ,35.000000000 ,
120.000000000 ,40.000000000 ,
120.000000000 ,45.000000000 ,
120.000000000 ,50.000000000 ,
120.000000000 ,55.000000000 ,
120.000000000 ,60.000000000 ,
120.000000000 ,65.000000000 ,
120.000000000 ,70.000000000 ,
120.000000000 ,75.000000000 ,
120.000000000 ,80.000000000 ,
120.000000000 ,85.000000000 ,
120.000000000 ,90.000000000 ,
120.000000000 ,95.000000000 ,
120.000000000 ,100.000000000 ,
116.666670000 ,100.000000000 ,
113.333330000 ,100.000000000 ,
113.333330000 ,95.000000000 ,
113.333330000 ,90.000000000 ,
113.333330000 ,85.000000000 ,
113.333330000 ,80.000000000 ,
113.333330000 ,75.000000000 ,
113.333330000 ,70.000000000 ,
113.333330000 ,65.000000000 ,
113.333330000 ,60.000000000 ,
113.333330000 ,55.000000000 ,
113.333330000 ,50.000000000 ,
113.333330000 ,45.000000000 ,
113.333330000 ,40.000000000 ,
113.333330000 ,35.000000000 ,
113.333330000 ,30.000000000 ,
113.333330000 ,25.000000000 ,
113.333330000 ,20.000000000 ,
113.333330000 ,15.000000000 ,
113.333330000 ,10.000000000 ,
113.333330000 ,5.000000000 ,
116.666670000 ,95.000000000 ,
116.666670000 ,90.000000000 ,
116.666670000 ,85.000000000 ,
116.666670000 ,80.000000000 ,
116.666670000 ,75.000000000 ,
116.666670000 ,70.000000000 ,
116.666670000 ,65.000000000 ,
116.666670000 ,60.000000000 ,
116.666670000 ,55.000000000 ,
116.666670000 ,50.000000000 ,
116.666670000 ,45.000000000 ,
116.666670000 ,40.000000000 ,
116.666670000 ,35.000000000 ,
116.666670000 ,30.000000000 ,
116.666670000 ,25.000000000 ,
116.666670000 ,20.000000000 ,
116.666670000 ,15.000000000 ,
116.666670000 ,10.000000000 ,
116.666670000 ,5.000000000 ,
130.000000000 ,100.000000000 ,
126.666670000 ,100.000000000 ,
123.333330000 ,100.000000000 ,
123.333330000 ,0.000000000 ,
126.666670000 ,0.000000000 ,
130.000000000 ,0.000000000 ,
130.000000000 ,5.000000000 ,
130.000000000 ,10.000000000 ,
130.000000000 ,15.000000000 ,
130.000000000 ,20.000000000 ,
130.000000000 ,25.000000000 ,
130.000000000 ,30.000000000 ,
130.000000000 ,35.000000000 ,
130.000000000 ,40.000000000 ,
130.000000000 ,45.000000000 ,
130.000000000 ,50.000000000 ,
130.000000000 ,55.000000000 ,
130.000000000 ,60.000000000 ,
130.000000000 ,65.000000000 ,
130.000000000 ,70.000000000 ,
130.000000000 ,75.000000000 ,
130.000000000 ,80.000000000 ,
130.000000000 ,85.000000000 ,
130.000000000 ,90.000000000 ,
130.000000000 ,95.000000000 ,
126.666670000 ,95.000000000 ,
123.333330000 ,95.000000000 ,
126.666670000 ,90.000000000 ,
123.333330000 ,90.000000000 ,
126.666670000 ,85.000000000 ,
123.333330000 ,85.000000000 ,
126.666670000 ,80.000000000 ,
123.333330000 ,80.000000000 ,
126.666670000 ,75.000000000 ,
123.333330000 ,75.000000000 ,
126.666670000 ,70.000000000 ,
123.333330000 ,70.000000000 ,
126.666670000 ,65.000000000 ,
123.333330000 ,65.000000000 ,
126.666670000 ,60.000000000 ,
123.333330000 ,60.000000000 ,
126.666670000 ,55.000000000 ,
123.333330000 ,55.000000000 ,
126.666670000 ,50.000000000 ,
123.333330000 ,50.000000000 ,
126.666670000 ,45.000000000 ,
123.333330000 ,45.000000000 ,
126.666670000 ,40.000000000 ,
123.333330000 ,40.000000000 ,
126.666670000 ,35.000000000 ,
123.333330000 ,35.000000000 ,
126.666670000 ,30.000000000 ,
123.333330000 ,30.000000000 ,
126.666670000 ,25.000000000 ,
123.333330000 ,25.000000000 ,
126.666670000 ,20.000000000 ,
123.333330000 ,20.000000000 ,
126.666670000 ,15.000000000 ,
123.333330000 ,15.000000000 ,
126.666670000 ,10.000000000 ,
123.333330000 ,10.000000000 ,
126.666670000 ,5.000000000 ,
123.333330000 ,5.000000000 ,
140.000000000 ,100.000000000 ,
136.666670000 ,100.000000000 ,
133.333330000 ,100.000000000 ,
133.333330000 ,0.000000000 ,
136.666670000 ,0.000000000 ,
140.000000000 ,0.000000000 ,
140.000000000 ,5.000000000 ,
140.000000000 ,10.000000000 ,
140.000000000 ,15.000000000 ,
140.000000000 ,20.000000000 ,
140.000000000 ,25.000000000 ,
140.000000000 ,30.000000000 ,
140.000000000 ,35.000000000 ,
140.000000000 ,40.000000000 ,
140.000000000 ,45.000000000 ,
140.000000000 ,50.000000000 ,
140.000000000 ,55.000000000 ,
140.000000000 ,60.000000000 ,
140.000000000 ,65.000000000 ,
140.000000000 ,70.000000000 ,
140.000000000 ,75.000000000 ,
140.000000000 ,80.000000000 ,
140.000000000 ,85.000000000 ,
140.000000000 ,90.000000000 ,
140.000000000 ,95.000000000 ,
136.666670000 ,95.000000000 ,
133.333330000 ,95.000000000 ,
136.666670000 ,90.000000000 ,
133.333330000 ,90.000000000 ,
136.666670000 ,85.000000000 ,
133.333330000 ,85.000000000 ,
136.666670000 ,80.000000000 ,
133.333330000 ,80.000000000 ,
136.666670000 ,75.000000000 ,
133.333330000 ,75.000000000 ,
136.666670000 ,70.000000000 ,
133.333330000 ,70.000000000 ,
136.666670000 ,65.000000000 ,
133.333330000 ,65.000000000 ,
136.666670000 ,60.000000000 ,
133.333330000 ,60.000000000 ,
136.666670000 ,55.000000000 ,
133.333330000 ,55.000000000 ,
136.666670000 ,50.000000000 ,
133.333330000 ,50.000000000 ,
136.666670000 ,45.000000000 ,
133.333330000 ,45.000000000 ,
136.666670000 ,40.000000000 ,
133.333330000 ,40.000000000 ,
136.666670000 ,35.000000000 ,
133.333330000 ,35.000000000 ,
136.666670000 ,30.000000000 ,
133.333330000 ,30.000000000 ,
136.666670000 ,25.000000000 ,
133.333330000 ,25.000000000 ,
136.666670000 ,20.000000000 ,
133.333330000 ,20.000000000 ,
136.666670000 ,15.000000000 ,
133.333330000 ,15.000000000 ,
136.666670000 ,10.000000000 ,
133.333330000 ,10.000000000 ,
136.666670000 ,5.000000000 ,
133.333330000 ,5.000000000 ,
144.595280000 ,0.000000000 ,
149.405790000 ,0.000000000 ,
154.441630000 ,0.000000000 ,
159.713340000 ,0.000000000 ,
165.231980000 ,0.000000000 ,
171.009100000 ,0.000000000 ,
177.056820000 ,0.000000000 ,
183.387820000 ,0.000000000 ,
190.015350000 ,0.000000000 ,
196.953310000 ,0.000000000 ,
204.216250000 ,0.000000000 ,
211.819370000 ,0.000000000 ,
219.778620000 ,0.000000000 ,
228.110680000 ,0.000000000 ,
236.833000000 ,0.000000000 ,
245.963880000 ,0.000000000 ,
255.522440000 ,0.000000000 ,
265.528710000 ,0.000000000 ,
276.003670000 ,0.000000000 ,
286.969280000 ,0.000000000 ,
298.448500000 ,0.000000000 ,
310.465410000 ,0.000000000 ,
323.045180000 ,0.000000000 ,
336.214170000 ,0.000000000 ,
350.000000000 ,0.000000000 ,
349.730160000 ,13.740936000 ,
348.921070000 ,27.460684000 ,
347.573960000 ,41.138089000 ,
345.690920000 ,54.752063000 ,
343.274850000 ,68.281613000 ,
340.329470000 ,81.705877000 ,
336.859330000 ,95.004157000 ,
332.869780000 ,108.155950000 ,
328.366970000 ,121.140970000 ,
323.357840000 ,133.939200000 ,
317.850110000 ,146.530910000 ,
311.852280000 ,158.896670000 ,
305.373600000 ,171.017430000 ,
298.424060000 ,182.874500000 ,
291.014360000 ,194.449580000 ,
283.155950000 ,205.724840000 ,
274.860930000 ,216.682880000 ,
266.142090000 ,227.306820000 ,
257.012880000 ,237.580260000 ,
247.487370000 ,247.487370000 ,
237.580260000 ,257.012880000 ,
227.306820000 ,266.142090000 ,
216.682880000 ,274.860930000 ,
205.724840000 ,283.155950000 ,
194.449580000 ,291.014360000 ,
182.874500000 ,298.424060000 ,
171.017430000 ,305.373600000 ,
158.896670000 ,311.852280000 ,
146.530910000 ,317.850110000 ,
133.939200000 ,323.357840000 ,
121.140970000 ,328.366970000 ,
108.155950000 ,332.869780000 ,
95.004157000 ,336.859330000 ,
81.705877000 ,340.329470000 ,
68.281613000 ,343.274850000 ,
54.752063000 ,345.690920000 ,
41.138089000 ,347.573960000 ,
27.460684000 ,348.921070000 ,
13.740936000 ,349.730160000 ,
0.000000000 ,350.000000000 ,
0.000000000 ,337.492750000 ,
0.000000000 ,325.491130000 ,
0.000000000 ,313.974720000 ,
0.000000000 ,302.923880000 ,
0.000000000 ,292.319810000 ,
0.000000000 ,282.144440000 ,
0.000000000 ,272.380430000 ,
0.000000000 ,263.011160000 ,
0.000000000 ,254.020660000 ,
0.000000000 ,245.393640000 ,
0.000000000 ,237.115380000 ,
0.000000000 ,229.171800000 ,
0.000000000 ,221.549350000 ,
0.000000000 ,214.235060000 ,
0.000000000 ,207.216480000 ,
0.000000000 ,200.481640000 ,
0.000000000 ,194.019070000 ,
0.000000000 ,187.817770000 ,
0.000000000 ,181.867180000 ,
0.000000000 ,176.157150000 ,
0.000000000 ,170.677970000 ,
0.000000000 ,165.420290000 ,
0.000000000 ,160.375180000 ,
0.000000000 ,155.534020000 ,
0.000000000 ,150.888590000 ,
0.000000000 ,146.430960000 ,
0.000000000 ,142.153530000 ,
0.000000000 ,138.049040000 ,
0.000000000 ,134.110480000 ,
0.000000000 ,130.331150000 ,
0.000000000 ,126.704610000 ,
0.000000000 ,123.224680000 ,
0.000000000 ,119.885430000 ,
0.000000000 ,116.681190000 ,
0.000000000 ,113.606480000 ,
0.000000000 ,110.656080000 ,
0.000000000 ,107.824960000 ,
0.000000000 ,105.108290000 ,
0.000000000 ,102.501450000 ,
100.897750000 ,0.000000000 ,
102.016100000 ,0.000000000 ,
103.409270000 ,0.000000000 ,
105.144780000 ,0.000000000 ,
107.306760000 ,0.000000000 ,
2.698063400 ,102.515010000 ,
5.259681100 ,103.271130000 ,
7.671543200 ,103.182520000 ,
10.280531000 ,102.118920000 ,
13.743710000 ,101.377810000 ,
16.718427000 ,101.500340000 ,
19.479387000 ,102.246450000 ,
22.018918000 ,102.221090000 ,
24.727238000 ,101.761120000 ,
27.763372000 ,100.984490000 ,
30.812887000 ,101.594600000 ,
33.808400000 ,101.807580000 ,
36.949479000 ,101.776400000 ,
40.095606000 ,101.900160000 ,
43.159799000 ,101.907960000 ,
46.261011000 ,101.806350000 ,
49.346809000 ,101.624290000 ,
52.340441000 ,101.506950000 ,
55.644576000 ,101.393060000 ,
59.206809000 ,101.108440000 ,
62.985491000 ,100.703730000 ,
67.007270000 ,100.705230000 ,
70.993943000 ,100.730640000 ,
74.989563000 ,100.704990000 ,
78.975350000 ,100.645400000 ,
83.000059000 ,100.610320000 ,
87.069323000 ,100.614870000 ,
91.152312000 ,100.679170000 ,
95.032233000 ,100.811820000 ,
97.841025000 ,100.711000000 ,
101.837800000 ,100.267150000 ,
106.059250000 ,99.936009000 ,
144.509930000 ,99.248087000 ,
149.341030000 ,99.200447000 ,
154.063600000 ,99.232668000 ,
159.332810000 ,99.528309000 ,
164.673210000 ,99.654546000 ,
171.322700000 ,99.725703000 ,
178.195820000 ,99.974897000 ,
185.273400000 ,100.543780000 ,
191.714340000 ,101.057420000 ,
198.599620000 ,103.015200000 ,
207.304700000 ,103.897280000 ,
216.512840000 ,104.210610000 ,
225.888720000 ,103.649180000 ,
236.472300000 ,101.186910000 ,
248.800820000 ,102.767750000 ,
260.523160000 ,103.405890000 ,
272.352380000 ,103.743170000 ,
283.883200000 ,103.547930000 ,
292.666970000 ,103.978590000 ,
304.913790000 ,105.494870000 ,
318.499250000 ,106.833630000 ,
13.093036000 ,336.290100000 ,
12.071476000 ,322.896990000 ,
9.615945900 ,308.407520000 ,
11.517212000 ,294.498160000 ,
11.907740000 ,282.676960000 ,
11.708178000 ,271.684290000 ,
10.925093000 ,260.860940000 ,
8.730623000 ,249.240160000 ,
10.393100000 ,237.740800000 ,
10.578662000 ,227.581700000 ,
9.909163900 ,217.025240000 ,
12.287923000 ,207.321460000 ,
12.169431000 ,199.273020000 ,
10.809692000 ,191.642620000 ,
7.707637100 ,183.607260000 ,
7.032977900 ,174.047570000 ,
8.563204300 ,166.583660000 ,
8.232879700 ,160.040710000 ,
6.476880000 ,153.241650000 ,
6.953966900 ,145.557380000 ,
4.748927000 ,139.377600000 ,
5.289723000 ,133.916760000 ,
5.293681700 ,128.755390000 ,
6.145554100 ,124.461600000 ,
6.302512200 ,120.666190000 ,
6.058130900 ,116.983820000 ,
5.168758700 ,113.158000000 ,
5.316047200 ,109.241450000 ,
5.291623000 ,106.009590000 ,
26.562381000 ,335.031610000 ,
25.565357000 ,321.380830000 ,
24.497263000 ,307.719500000 ,
24.533870000 ,294.553540000 ,
24.414418000 ,282.344580000 ,
23.994583000 ,270.766990000 ,
23.277025000 ,259.464320000 ,
22.331031000 ,248.112240000 ,
22.297795000 ,236.962230000 ,
22.013020000 ,226.292540000 ,
21.502383000 ,215.839290000 ,
21.285243000 ,206.021470000 ,
19.825329000 ,197.930110000 ,
18.209202000 ,190.082500000 ,
16.355541000 ,182.002310000 ,
15.302618000 ,173.760400000 ,
14.770238000 ,166.400870000 ,
14.153114000 ,159.795940000 ,
13.365949000 ,153.399940000 ,
14.480437000 ,146.746180000 ,
15.997743000 ,137.766530000 ,
15.871045000 ,133.731480000 ,
15.494133000 ,129.505090000 ,
15.456329000 ,125.239110000 ,
15.254549000 ,120.895500000 ,
15.031039000 ,116.753580000 ,
14.673376000 ,112.690230000 ,
14.262703000 ,108.948430000 ,
13.924848000 ,105.250660000 ,
40.115863000 ,333.515320000 ,
39.134658000 ,319.843930000 ,
38.245582000 ,306.485790000 ,
37.711681000 ,293.596760000 ,
37.199429000 ,281.301520000 ,
36.589085000 ,269.502040000 ,
35.840764000 ,258.004640000 ,
35.053081000 ,246.686690000 ,
34.434382000 ,235.542830000 ,
33.747248000 ,224.637870000 ,
32.806392000 ,213.823410000 ,
31.605016000 ,202.782370000 ,
33.626961000 ,195.137620000 ,
33.228122000 ,187.181080000 ,
32.145258000 ,178.793180000 ,
30.847332000 ,169.528810000 ,
32.237459000 ,162.743050000 ,
30.661038000 ,155.259070000 ,
31.382781000 ,148.687170000 ,
30.925806000 ,142.586240000 ,
30.693012000 ,136.780930000 ,
30.627480000 ,131.190730000 ,
30.664648000 ,126.214120000 ,
30.374694000 ,121.327190000 ,
30.202058000 ,116.753760000 ,
29.889457000 ,112.186730000 ,
29.681961000 ,107.596620000 ,
28.325407000 ,104.532950000 ,
53.625503000 ,331.591070000 ,
52.572749000 ,317.946860000 ,
51.627112000 ,304.728400000 ,
50.819093000 ,291.964400000 ,
50.063586000 ,279.685900000 ,
49.277774000 ,267.817500000 ,
48.440216000 ,256.265810000 ,
47.553262000 ,244.912370000 ,
46.684595000 ,233.733870000 ,
45.683266000 ,222.652330000 ,
44.456079000 ,211.800510000 ,
42.601995000 ,202.432220000 ,
42.066761000 ,194.129880000 ,
41.252263000 ,185.981370000 ,
40.297037000 ,177.744370000 ,
39.466827000 ,169.516130000 ,
39.859398000 ,161.855120000 ,
37.798975000 ,154.883290000 ,
36.948490000 ,148.397260000 ,
36.483056000 ,142.492590000 ,
35.822747000 ,136.610760000 ,
35.543136000 ,131.274860000 ,
35.016270000 ,126.126910000 ,
34.748318000 ,121.427840000 ,
34.326351000 ,116.781850000 ,
34.054930000 ,112.422600000 ,
33.731132000 ,108.362090000 ,
33.841221000 ,104.980180000 ,
67.030303000 ,329.184750000 ,
65.871315000 ,315.584930000 ,
64.798038000 ,302.448670000 ,
63.809840000 ,289.783040000 ,
62.873484000 ,277.563000000 ,
61.943706000 ,265.736510000 ,
60.990945000 ,254.183800000 ,
59.998989000 ,242.848000000 ,
58.946925000 ,231.603220000 ,
57.873369000 ,220.241740000 ,
56.641407000 ,208.005260000 ,
59.304281000 ,199.440950000 ,
58.992240000 ,190.973130000 ,
57.738107000 ,182.808750000 ,
56.280106000 ,174.490690000 ,
54.428489000 ,165.451420000 ,
55.799683000 ,156.760260000 ,
53.750734000 ,151.749350000 ,
52.906201000 ,146.322920000 ,
52.086817000 ,140.548460000 ,
51.385987000 ,134.645290000 ,
50.213276000 ,128.024670000 ,
51.429565000 ,122.413770000 ,
51.604164000 ,117.379520000 ,
51.572586000 ,112.648120000 ,
51.385545000 ,107.830220000 ,
49.970327000 ,104.798660000 ,
80.305850000 ,326.270470000 ,
79.004578000 ,312.713780000 ,
77.775649000 ,299.655620000 ,
76.621164000 ,287.085480000 ,
75.517712000 ,274.994410000 ,
74.477634000 ,263.286330000 ,
73.427151000 ,251.818320000 ,
72.313905000 ,240.532540000 ,
71.145860000 ,229.472210000 ,
70.022188000 ,218.454350000 ,
69.186089000 ,207.548330000 ,
69.118178000 ,197.758390000 ,
68.073099000 ,188.725280000 ,
66.139849000 ,180.898930000 ,
64.516667000 ,173.036000000 ,
63.342012000 ,164.984300000 ,
63.144730000 ,157.364580000 ,
63.236646000 ,151.002290000 ,
62.838653000 ,145.353000000 ,
62.366471000 ,139.795130000 ,
62.022932000 ,134.228780000 ,
61.622288000 ,128.518240000 ,
61.460484000 ,122.980380000 ,
61.086483000 ,117.629640000 ,
60.407529000 ,113.113610000 ,
59.928241000 ,108.879080000 ,
59.616330000 ,104.936810000 ,
93.425359000 ,322.832570000 ,
91.939619000 ,309.321640000 ,
90.524825000 ,296.326540000 ,
89.150387000 ,283.880710000 ,
87.882966000 ,271.988800000 ,
86.744348000 ,260.569430000 ,
85.665249000 ,249.189100000 ,
84.450216000 ,237.949950000 ,
83.001225000 ,227.137350000 ,
81.743483000 ,216.457940000 ,
80.691366000 ,205.728720000 ,
79.779193000 ,195.152890000 ,
77.869837000 ,184.984510000 ,
79.630434000 ,177.673780000 ,
79.192968000 ,170.108610000 ,
78.225642000 ,162.434750000 ,
76.902274000 ,154.872240000 ,
75.318419000 ,147.263160000 ,
76.532432000 ,140.724040000 ,
76.866830000 ,134.869230000 ,
76.852418000 ,129.150450000 ,
76.682899000 ,123.457720000 ,
76.389568000 ,117.971810000 ,
75.816264000 ,113.371840000 ,
75.452475000 ,109.058110000 ,
75.183717000 ,104.852470000 ,
106.359160000 ,318.871590000 ,
104.658290000 ,305.384160000 ,
102.972100000 ,292.437020000 ,
101.312570000 ,280.090400000 ,
99.747558000 ,268.508710000 ,
98.621972000 ,257.789730000 ,
97.658238000 ,246.423380000 ,
96.448831000 ,234.881270000 ,
94.380543000 ,224.664120000 ,
92.880220000 ,214.368500000 ,
91.874387000 ,203.699940000 ,
91.134276000 ,191.945910000 ,
94.063895000 ,183.890000000 ,
94.592946000 ,175.637190000 ,
94.181891000 ,167.193950000 ,
93.103593000 ,158.540700000 ,
90.889372000 ,150.037260000 ,
92.216992000 ,142.673040000 ,
92.446449000 ,136.257520000 ,
92.481128000 ,130.195960000 ,
92.234595000 ,124.327810000 ,
92.091709000 ,118.697490000 ,
91.853005000 ,113.462680000 ,
91.334108000 ,109.025310000 ,
91.083333000 ,104.810650000 ,
119.104280000 ,314.387600000 ,
117.132670000 ,300.906910000 ,
115.129150000 ,287.927100000 ,
112.972900000 ,275.549270000 ,
110.788650000 ,264.167260000 ,
109.856430000 ,255.683010000 ,
109.464880000 ,243.851540000 ,
108.874510000 ,230.528870000 ,
112.100520000 ,221.145140000 ,
112.462680000 ,211.506190000 ,
112.195440000 ,201.779560000 ,
111.813790000 ,192.138470000 ,
111.653270000 ,182.980100000 ,
111.262340000 ,174.122600000 ,
110.809430000 ,165.460480000 ,
110.319910000 ,157.002930000 ,
110.675010000 ,149.656530000 ,
110.466080000 ,142.687620000 ,
110.163700000 ,136.054890000 ,
109.303330000 ,129.770750000 ,
108.537130000 ,124.140250000 ,
107.818790000 ,118.804260000 ,
107.515840000 ,113.681330000 ,
107.193870000 ,108.819450000 ,
106.847440000 ,104.138210000 ,
112.205020000 ,108.575380000 ,
117.212950000 ,108.571920000 ,
122.524120000 ,108.197970000 ,
127.374110000 ,109.243850000 ,
132.898550000 ,108.579590000 ,
140.724260000 ,109.265060000 ,
147.354240000 ,111.708380000 ,
154.211440000 ,112.485100000 ,
161.539960000 ,111.338430000 ,
170.239350000 ,112.506800000 ,
178.083200000 ,112.841140000 ,
186.211570000 ,112.900830000 ,
195.109090000 ,111.482610000 ,
206.192450000 ,112.814040000 ,
216.157260000 ,113.125410000 ,
225.966230000 ,113.203820000 ,
236.306930000 ,113.371230000 ,
247.874650000 ,114.173120000 ,
259.796270000 ,114.927040000 ,
272.273350000 ,114.881420000 ,
286.496620000 ,113.759530000 ,
300.544200000 ,117.307390000 ,
314.311570000 ,119.451510000 ,
131.649980000 ,309.411940000 ,
129.425190000 ,295.922960000 ,
127.067450000 ,282.843540000 ,
124.265340000 ,270.023780000 ,
120.069840000 ,256.977580000 ,
120.941370000 ,242.827940000 ,
121.026620000 ,230.637370000 ,
121.829530000 ,220.374080000 ,
122.016330000 ,210.568250000 ,
121.706330000 ,200.858600000 ,
121.234920000 ,191.362230000 ,
120.576350000 ,182.168680000 ,
119.917720000 ,173.346150000 ,
119.041690000 ,164.863170000 ,
118.432120000 ,156.819200000 ,
117.834320000 ,149.321940000 ,
117.447060000 ,142.205490000 ,
116.555540000 ,135.272760000 ,
115.596260000 ,128.710350000 ,
113.701700000 ,123.518410000 ,
113.149850000 ,118.573410000 ,
112.540390000 ,113.592150000 ,
144.012030000 ,303.988180000 ,
141.579560000 ,290.569270000 ,
139.104290000 ,277.532540000 ,
136.482510000 ,264.807750000 ,
133.852100000 ,252.264620000 ,
132.695650000 ,239.982150000 ,
131.932910000 ,228.923280000 ,
131.780060000 ,219.347120000 ,
131.621820000 ,209.646770000 ,
131.238260000 ,199.951910000 ,
130.492580000 ,190.396630000 ,
129.642210000 ,181.175790000 ,
128.462390000 ,172.325470000 ,
127.399160000 ,163.968550000 ,
126.140530000 ,156.124720000 ,
125.400650000 ,148.735600000 ,
124.448890000 ,141.499530000 ,
123.742180000 ,134.231500000 ,
122.378300000 ,126.205010000 ,
124.372850000 ,118.573180000 ,
122.792620000 ,113.597770000 ,
126.737940000 ,114.040150000 ,
132.676740000 ,114.848920000 ,
139.401400000 ,116.022230000 ,
146.301700000 ,117.969960000 ,
153.864310000 ,118.773540000 ,
161.902150000 ,119.037180000 ,
170.024970000 ,119.465810000 ,
178.261160000 ,119.937970000 ,
186.270630000 ,120.304550000 ,
194.247330000 ,122.638030000 ,
205.912880000 ,122.362230000 ,
216.152100000 ,122.316340000 ,
225.390910000 ,122.549160000 ,
235.027350000 ,124.506040000 ,
246.679310000 ,125.820350000 ,
258.636470000 ,126.472920000 ,
270.652090000 ,127.353640000 ,
283.329280000 ,128.328620000 ,
296.585110000 ,130.661370000 ,
309.927210000 ,132.254340000 ,
131.956560000 ,140.983750000 ,
139.091560000 ,140.533650000 ,
146.512960000 ,140.338750000 ,
154.095460000 ,140.721070000 ,
162.310150000 ,141.074350000 ,
170.352250000 ,141.697110000 ,
178.045420000 ,144.203140000 ,
188.980320000 ,143.303660000 ,
199.096050000 ,142.269240000 ,
209.319530000 ,141.213630000 ,
220.003520000 ,139.736550000 ,
231.661720000 ,136.390370000 ,
245.489210000 ,137.392490000 ,
257.523080000 ,138.234860000 ,
268.675420000 ,138.757160000 ,
279.734040000 ,141.969840000 ,
292.763740000 ,144.096320000 ,
305.523350000 ,145.149520000 ,
156.153780000 ,298.158850000 ,
153.529050000 ,284.895690000 ,
150.915600000 ,272.019550000 ,
148.249960000 ,259.523470000 ,
145.657640000 ,247.465100000 ,
143.509720000 ,236.066210000 ,
141.759780000 ,225.962730000 ,
141.244390000 ,218.622780000 ,
141.196440000 ,209.004890000 ,
140.728290000 ,199.089990000 ,
139.934420000 ,189.371750000 ,
138.653930000 ,179.972230000 ,
137.297520000 ,171.032740000 ,
135.502190000 ,162.659380000 ,
133.978340000 ,155.158860000 ,
132.650080000 ,148.013330000 ,
168.049610000 ,291.965960000 ,
165.231430000 ,278.954390000 ,
162.412620000 ,266.302420000 ,
159.518900000 ,254.017250000 ,
156.502800000 ,242.241070000 ,
153.433220000 ,231.136450000 ,
149.852960000 ,220.499040000 ,
150.736080000 ,208.928150000 ,
150.475160000 ,198.376750000 ,
149.434370000 ,188.270870000 ,
148.061130000 ,178.602850000 ,
146.083450000 ,169.347500000 ,
143.964200000 ,160.712290000 ,
141.048280000 ,153.922850000 ,
140.028930000 ,147.376300000 ,
179.693160000 ,285.465930000 ,
176.680180000 ,272.862500000 ,
173.681920000 ,260.457310000 ,
170.457280000 ,248.336770000 ,
166.953660000 ,236.679510000 ,
163.374320000 ,226.104680000 ,
161.490090000 ,218.283530000 ,
161.163040000 ,208.231510000 ,
160.531200000 ,197.556950000 ,
159.404180000 ,187.094600000 ,
157.565650000 ,177.085140000 ,
155.525570000 ,167.317130000 ,
152.644880000 ,157.080190000 ,
154.130600000 ,148.271400000 ,
191.037240000 ,278.768100000 ,
187.936630000 ,266.790040000 ,
184.812840000 ,254.727760000 ,
181.317820000 ,242.558060000 ,
176.997040000 ,230.516710000 ,
171.162680000 ,218.755880000 ,
171.398040000 ,208.594670000 ,
170.995220000 ,196.960290000 ,
169.565440000 ,185.829200000 ,
167.577370000 ,175.645620000 ,
165.260260000 ,166.007370000 ,
163.384780000 ,156.697340000 ,
162.590580000 ,148.329280000 ,
201.990510000 ,271.938430000 ,
198.962630000 ,261.167070000 ,
196.060890000 ,249.450040000 ,
192.575410000 ,237.215930000 ,
188.138000000 ,224.535010000 ,
181.977730000 ,210.937320000 ,
181.953570000 ,196.317540000 ,
180.346730000 ,184.000750000 ,
177.401890000 ,174.006150000 ,
174.916000000 ,164.599880000 ,
172.606970000 ,155.603680000 ,
170.942650000 ,147.409680000 ,
212.109800000 ,264.873710000 ,
209.701470000 ,256.754490000 ,
207.558370000 ,245.227640000 ,
204.420210000 ,232.753200000 ,
200.610690000 ,220.086890000 ,
196.594500000 ,207.116570000 ,
194.350040000 ,193.835520000 ,
191.957720000 ,180.277430000 ,
193.872950000 ,171.215820000 ,
192.867270000 ,162.026840000 ,
191.062880000 ,152.724370000 ,
202.517670000 ,161.323850000 ,
212.494290000 ,160.917750000 ,
223.112130000 ,160.972830000 ,
234.891150000 ,163.182540000 ,
247.811110000 ,161.222270000 ,
260.696090000 ,161.871620000 ,
274.608320000 ,155.662270000 ,
289.291410000 ,159.121930000 ,
301.716250000 ,157.304330000 ,
219.972700000 ,256.110760000 ,
219.777920000 ,242.291350000 ,
216.608710000 ,229.074530000 ,
212.775890000 ,216.434220000 ,
209.206490000 ,204.126790000 ,
206.317100000 ,192.146520000 ,
204.312980000 ,180.662690000 ,
203.521510000 ,170.831870000 ,
234.775010000 ,239.146900000 ,
229.021560000 ,225.218610000 ,
224.480030000 ,212.933820000 ,
220.478710000 ,201.381350000 ,
217.404550000 ,190.258570000 ,
214.886580000 ,179.940160000 ,
213.544790000 ,170.268740000 ,
240.496340000 ,173.309930000 ,
244.449140000 ,182.944170000 ,
248.902210000 ,192.295610000 ,
253.523720000 ,202.468310000 ,
259.168850000 ,213.257420000 ,
227.195810000 ,188.274060000 ,
236.311290000 ,185.690540000 ,
230.883140000 ,198.427500000 ,
240.078660000 ,195.576500000 ,
235.009290000 ,209.229850000 ,
244.684110000 ,205.613550000 ,
249.481240000 ,215.835560000 ,
240.124690000 ,220.040200000 ,
246.506210000 ,230.267510000 ,
254.105090000 ,224.419830000 ,
224.572900000 ,178.575500000 ,
232.748310000 ,176.971240000 ,
222.740440000 ,169.979580000 ,
230.282050000 ,169.809670000 ,
267.445080000 ,172.015010000 ,
272.186470000 ,181.999090000 ,
277.276870000 ,192.084840000 ,
252.852560000 ,179.794860000 ,
260.235630000 ,177.025670000 ,
256.876490000 ,189.171320000 ,
264.707750000 ,185.484490000 ,
269.110400000 ,194.796850000 ,
261.789730000 ,198.372640000 ,
267.185860000 ,207.807670000 ,
273.205180000 ,202.678240000 ,
249.272530000 ,171.267060000 ,
256.835670000 ,169.735070000 ,
293.696140000 ,170.537600000 ,
280.007200000 ,177.523550000 ,
286.841560000 ,174.213040000 ,
284.469590000 ,186.398340000 ,
289.925170000 ,181.057910000 ,
276.391530000 ,168.320840000 ,
284.188350000 ,167.010940000 ,
300.220710000 ,166.367600000 ,
230.795080000 ,250.715230000 ,
200.910670000 ,151.802680000 ,
211.213600000 ,151.044630000 ,
221.864230000 ,150.449030000 ,
233.682420000 ,149.767440000 ,
246.022150000 ,149.643650000 ,
257.802240000 ,149.253720000 ,
266.873680000 ,148.192640000 ,
181.463320000 ,153.841720000 ,
184.018020000 ,163.087020000 ,
186.887700000 ,172.059920000 ,
146.741440000 ,147.116570000 ,
146.959530000 ,152.671830000 ,
131.088880000 ,133.901080000 ,
130.788830000 ,126.929480000 ,
131.422840000 ,120.607260000 ,
145.716850000 ,133.095070000 ,
144.313550000 ,125.189600000 ,
153.850300000 ,133.317670000 ,
153.476250000 ,125.913190000 ,
162.034790000 ,133.717460000 ,
161.829940000 ,126.284720000 ,
170.265110000 ,134.208430000 ,
170.155080000 ,126.728630000 ,
178.623720000 ,134.848010000 ,
178.368050000 ,126.838470000 ,
187.824590000 ,134.223830000 ,
186.676190000 ,125.997440000 ,
197.068900000 ,132.698370000 ,
207.357270000 ,131.864900000 ,
216.956720000 ,130.981250000 ,
224.710370000 ,129.981920000 ,
138.310260000 ,122.212810000 ,
137.890570000 ,126.959830000 ,
138.540370000 ,133.611730000 ,
117.732300000 ,113.523390000 ,
118.230620000 ,118.336940000 ,
118.200180000 ,122.703030000 ,
133.921700000 ,103.770850000 ,
139.076900000 ,103.207330000 ,
170.773400000 ,105.894690000 ,
153.572030000 ,107.757370000 ,
153.978100000 ,103.684010000 ,
164.091380000 ,105.365160000 ,
158.674270000 ,103.999200000 ,
158.095020000 ,107.820410000 ,
144.346170000 ,103.132410000 ,
148.939630000 ,103.288740000 ,
148.719530000 ,107.411150000 ,
144.465410000 ,106.540650000 ,
178.158370000 ,106.454360000 ,
184.960040000 ,106.476860000 ,
190.720570000 ,106.488160000 ,
116.603310000 ,103.930320000 ,
127.027040000 ,103.118570000 ,
127.240250000 ,106.008850000 ,
120.747680000 ,103.843630000 ,
123.902170000 ,103.182010000 ,
124.559200000 ,105.827410000 ,
130.246370000 ,103.192950000 ,
130.163930000 ,105.964940000 ,
111.766940000 ,103.332820000 ,
102.404920000 ,202.664170000 ,
102.089230000 ,192.577820000 ,
102.672860000 ,183.550300000 ,
102.773020000 ,174.796720000 ,
102.363690000 ,165.898420000 ,
101.665500000 ,156.143250000 ,
103.727360000 ,149.593210000 ,
98.685658000 ,149.690360000 ,
97.004448000 ,112.616010000 ,
102.323360000 ,113.501020000 ,
104.167990000 ,142.923860000 ,
98.232110000 ,142.935990000 ,
97.243956000 ,118.641360000 ,
102.642090000 ,118.844310000 ,
103.891260000 ,136.415830000 ,
98.192376000 ,136.502940000 ,
102.959960000 ,124.406460000 ,
103.594480000 ,130.248710000 ,
97.634166000 ,124.435320000 ,
97.858839000 ,130.333750000 ,
102.328740000 ,104.480300000 ,
102.535050000 ,108.877630000 ,
94.905983000 ,104.753150000 ,
98.317309000 ,104.659880000 ,
98.238335000 ,108.724620000 ,
95.333236000 ,108.772820000 ,
103.235780000 ,212.694230000 ,
104.748710000 ,222.234600000 ,
79.139976000 ,104.824940000 ,
83.053997000 ,104.815210000 ,
87.066153000 ,104.822450000 ,
79.387710000 ,109.026480000 ,
83.117382000 ,109.036890000 ,
87.147581000 ,109.098140000 ,
79.926004000 ,113.218990000 ,
82.938076000 ,113.255780000 ,
87.215802000 ,113.536460000 ,
81.601186000 ,117.259380000 ,
86.944915000 ,118.370790000 ,
81.810986000 ,123.539350000 ,
87.061065000 ,124.013230000 ,
81.979472000 ,129.440540000 ,
87.130051000 ,129.830830000 ,
81.981429000 ,135.273170000 ,
87.199776000 ,135.695720000 ,
85.453457000 ,160.718120000 ,
81.927988000 ,141.081560000 ,
86.973548000 ,141.392840000 ,
83.883994000 ,153.157630000 ,
81.952165000 ,146.917190000 ,
86.687093000 ,146.131870000 ,
86.571171000 ,168.688010000 ,
87.138974000 ,176.612970000 ,
87.623582000 ,184.387860000 ,
63.447311000 ,104.826700000 ,
67.289797000 ,104.821730000 ,
71.229136000 ,104.848820000 ,
63.848494000 ,108.887430000 ,
67.513952000 ,108.916770000 ,
71.423102000 ,109.019580000 ,
64.486341000 ,112.937420000 ,
67.441563000 ,112.984650000 ,
71.544486000 ,113.289860000 ,
66.228336000 ,116.848820000 ,
71.446852000 ,117.817070000 ,
66.524685000 ,122.885500000 ,
71.651054000 ,123.247400000 ,
66.815004000 ,128.611750000 ,
71.823166000 ,128.819040000 ,
70.124692000 ,156.536180000 ,
67.031669000 ,134.166780000 ,
71.959404000 ,134.385570000 ,
67.350140000 ,139.592970000 ,
71.921856000 ,139.625770000 ,
69.159490000 ,149.902050000 ,
67.796940000 ,144.666570000 ,
71.726876000 ,143.878060000 ,
71.003150000 ,163.910030000 ,
72.259432000 ,171.512360000 ,
74.011741000 ,178.820030000 ,
57.666483000 ,151.371450000 ,
57.661970000 ,145.775720000 ,
56.337970000 ,122.839480000 ,
52.395639000 ,104.762510000 ,
55.875365000 ,104.923080000 ,
55.818951000 ,108.660680000 ,
56.015184000 ,113.004180000 ,
56.319984000 ,117.723390000 ,
57.308103000 ,140.157510000 ,
56.318483000 ,128.453960000 ,
56.708356000 ,134.313100000 ,
37.160278000 ,105.087620000 ,
40.432075000 ,105.106220000 ,
43.462478000 ,105.084500000 ,
46.716754000 ,105.004930000 ,
37.526431000 ,108.532650000 ,
40.996282000 ,108.378830000 ,
43.547261000 ,108.343310000 ,
47.211341000 ,108.382600000 ,
38.141124000 ,112.290970000 ,
42.568925000 ,111.592960000 ,
47.121113000 ,112.352720000 ,
52.343418000 ,200.709580000 ,
50.725212000 ,192.675810000 ,
49.517807000 ,184.542220000 ,
48.230568000 ,176.436390000 ,
38.638526000 ,116.752760000 ,
42.872472000 ,116.562610000 ,
47.268226000 ,116.919200000 ,
41.077505000 ,136.284660000 ,
46.062190000 ,135.473600000 ,
41.668160000 ,141.887160000 ,
47.010181000 ,141.298310000 ,
42.541539000 ,147.804950000 ,
47.720626000 ,146.947650000 ,
43.350488000 ,153.555260000 ,
48.727234000 ,152.554430000 ,
46.892076000 ,168.649740000 ,
45.298845000 ,162.974890000 ,
44.617287000 ,159.085710000 ,
49.723050000 ,157.642000000 ,
49.870600000 ,162.082160000 ,
38.965875000 ,121.261520000 ,
43.275245000 ,121.182280000 ,
47.206731000 ,121.308700000 ,
40.226957000 ,130.785710000 ,
39.583305000 ,125.968910000 ,
43.696986000 ,125.450260000 ,
45.170285000 ,129.995130000 ,
47.144837000 ,124.967890000 ,
30.638864000 ,104.666860000 ,
16.920286000 ,105.166150000 ,
19.755541000 ,105.229300000 ,
22.378592000 ,105.163240000 ,
25.298428000 ,104.913160000 ,
17.354986000 ,108.686010000 ,
20.324346000 ,108.428080000 ,
22.545486000 ,108.316080000 ,
25.808419000 ,108.218280000 ,
18.031785000 ,112.364980000 ,
21.734416000 ,111.490570000 ,
25.878482000 ,112.132450000 ,
18.422736000 ,116.557840000 ,
22.145300000 ,116.426420000 ,
26.050533000 ,116.574080000 ,
18.727313000 ,120.967380000 ,
22.327931000 ,120.961780000 ,
26.308841000 ,121.244440000 ,
27.716557000 ,196.163210000 ,
25.839379000 ,188.529780000 ,
24.331767000 ,180.487010000 ,
22.901253000 ,172.348190000 ,
18.827768000 ,125.275300000 ,
22.505221000 ,125.556070000 ,
26.282248000 ,125.877770000 ,
19.039423000 ,129.644060000 ,
22.343219000 ,129.787990000 ,
26.127619000 ,130.885430000 ,
20.107208000 ,137.820050000 ,
24.803530000 ,136.275200000 ,
27.385585000 ,163.947720000 ,
21.296748000 ,165.568130000 ,
19.545961000 ,143.437260000 ,
22.096611000 ,148.584550000 ,
23.208142000 ,153.129770000 ,
25.389964000 ,157.993690000 ,
19.833912000 ,159.263360000 ,
18.854193000 ,153.876040000 ,
18.321488000 ,149.738920000 ,
25.629278000 ,142.646040000 ,
26.393266000 ,148.002440000 ,
26.914193000 ,152.233050000 ,
19.120078000 ,133.667590000 ,
22.231269000 ,133.343620000 ,
7.995820600 ,106.015660000 ,
10.829832000 ,105.634560000 ,
8.205180800 ,109.358680000 ,
11.185663000 ,109.171230000 ,
8.413802300 ,113.039340000 ,
11.498182000 ,112.925350000 ,
8.803924000 ,116.902560000 ,
11.819494000 ,116.811670000 ,
9.027028200 ,120.794830000 ,
12.046149000 ,120.910670000 ,
9.009913200 ,124.901850000 ,
12.113937000 ,125.074260000 ,
8.760627500 ,129.211670000 ,
12.199026000 ,129.440610000 ,
12.187854000 ,133.793100000 ,
8.837649600 ,133.822690000 ,
12.736057000 ,137.940610000 ,
8.791006100 ,138.313340000 ,
9.799110000 ,141.881210000 ,
13.054516000 ,142.015150000 ,
5.796469300 ,200.044810000 ,
3.959777900 ,160.653150000 ,
4.037937900 ,165.691360000 ,
3.705794100 ,170.161880000 ,
3.446161300 ,156.462880000 ,
5.224486400 ,193.526590000 ,
4.301483400 ,188.322770000 ,
5.822655000 ,206.842340000 ,
5.240864000 ,212.714960000 ,
2.646448800 ,105.535560000 ,
2.549445400 ,133.731820000 ,
2.593361400 ,108.559470000 ,
4.069406500 ,120.447530000 ,
2.010337900 ,120.209690000 ,
2.452241900 ,111.656790000 ,
2.030280700 ,114.321210000 ,
2.002207700 ,117.129160000 ,
3.939023900 ,117.359120000 ,
3.721498400 ,114.920230000 ,
2.474094500 ,129.834510000 ,
2.064377800 ,126.560660000 ,
2.021801000 ,123.401500000 ,
3.989897600 ,123.649360000 ,
3.784554300 ,126.305160000 ,
2.396106500 ,137.049780000 ,
323.706110000 ,13.060519000 ,
324.063330000 ,26.188153000 ,
324.361030000 ,39.581031000 ,
323.459270000 ,53.929855000 ,
325.552810000 ,68.255656000 ,
324.489300000 ,81.431712000 ,
321.963720000 ,94.235497000 ,
311.015260000 ,12.621319000 ,
311.281660000 ,25.209209000 ,
311.243620000 ,37.594573000 ,
310.982970000 ,49.276671000 ,
310.863670000 ,57.761027000 ,
311.115800000 ,69.355600000 ,
310.148890000 ,81.473544000 ,
308.110000000 ,93.568778000 ,
298.768850000 ,12.233899000 ,
298.685440000 ,24.411984000 ,
298.701270000 ,36.345454000 ,
298.289550000 ,47.764296000 ,
298.212860000 ,58.490066000 ,
297.892070000 ,69.819899000 ,
297.126310000 ,81.462008000 ,
295.474360000 ,92.960523000 ,
286.791670000 ,11.886858000 ,
286.382950000 ,23.905679000 ,
286.311860000 ,35.549925000 ,
285.780660000 ,47.002683000 ,
285.624450000 ,58.479087000 ,
285.535180000 ,69.979486000 ,
284.950280000 ,81.374973000 ,
284.270390000 ,92.698202000 ,
211.922820000 ,7.744720300 ,
211.658030000 ,15.527562000 ,
210.912880000 ,23.439050000 ,
209.160650000 ,31.917504000 ,
210.451330000 ,40.472787000 ,
210.767590000 ,48.365450000 ,
210.635060000 ,56.117446000 ,
210.195670000 ,63.820312000 ,
209.503230000 ,71.648075000 ,
208.638460000 ,79.638422000 ,
208.424590000 ,87.708054000 ,
208.090260000 ,95.739467000 ,
203.001550000 ,55.790369000 ,
195.725970000 ,55.441807000 ,
188.580490000 ,54.935169000 ,
181.526390000 ,54.412955000 ,
173.845320000 ,53.407925000 ,
167.385640000 ,55.180033000 ,
161.528960000 ,55.559884000 ,
156.087070000 ,55.640377000 ,
150.626270000 ,55.440151000 ,
145.324650000 ,55.249811000 ,
204.307600000 ,7.501306500 ,
204.113530000 ,14.963426000 ,
203.632250000 ,22.322408000 ,
202.993780000 ,29.209974000 ,
202.879060000 ,34.232892000 ,
203.187820000 ,41.094967000 ,
203.253490000 ,48.405722000 ,
145.279390000 ,19.937202000 ,
150.556340000 ,19.858417000 ,
155.980760000 ,19.728282000 ,
161.501830000 ,19.622259000 ,
167.568020000 ,19.753332000 ,
174.435680000 ,21.880198000 ,
182.381280000 ,21.385987000 ,
189.539810000 ,21.402019000 ,
196.595640000 ,21.656286000 ,
166.464090000 ,25.111763000 ,
166.347330000 ,30.003583000 ,
166.319980000 ,35.195183000 ,
166.275490000 ,40.268931000 ,
166.216260000 ,45.415281000 ,
166.275570000 ,50.119302000 ,
161.287930000 ,50.419155000 ,
155.956340000 ,50.370060000 ,
150.674400000 ,50.335829000 ,
145.317670000 ,50.157969000 ,
161.125550000 ,45.283552000 ,
155.949530000 ,45.326244000 ,
150.638950000 ,45.197645000 ,
145.335920000 ,45.129367000 ,
161.336760000 ,24.894950000 ,
161.185360000 ,30.065974000 ,
161.174670000 ,35.108032000 ,
161.147380000 ,40.295722000 ,
155.923520000 ,40.174990000 ,
150.651350000 ,40.173124000 ,
145.331040000 ,40.069017000 ,
155.954710000 ,24.924821000 ,
155.969940000 ,30.004367000 ,
155.931140000 ,35.149521000 ,
150.656710000 ,35.068747000 ,
145.330730000 ,35.056004000 ,
150.652000000 ,24.935759000 ,
150.641180000 ,30.035883000 ,
145.335010000 ,30.005980000 ,
145.305430000 ,24.980264000 ,
182.821520000 ,28.291704000 ,
183.068680000 ,34.713950000 ,
182.933220000 ,41.174534000 ,
182.368520000 ,47.583886000 ,
176.821260000 ,40.798637000 ,
171.416880000 ,40.524433000 ,
176.932580000 ,34.890791000 ,
171.495660000 ,35.045102000 ,
176.389160000 ,28.677477000 ,
171.220520000 ,29.900443000 ,
170.763280000 ,25.575986000 ,
176.050600000 ,46.939883000 ,
170.996970000 ,45.579012000 ,
170.437550000 ,49.805961000 ,
189.575520000 ,28.181666000 ,
196.324320000 ,28.449749000 ,
189.564660000 ,34.761832000 ,
196.241230000 ,34.666931000 ,
189.132880000 ,48.086610000 ,
189.444110000 ,41.293774000 ,
196.226770000 ,41.371079000 ,
196.054380000 ,48.287341000 ,
197.021230000 ,7.292123100 ,
196.844210000 ,14.557305000 ,
189.949160000 ,7.146887300 ,
189.752050000 ,14.286892000 ,
145.173040000 ,14.913144000 ,
145.048880000 ,9.924657800 ,
144.858630000 ,4.956040800 ,
183.081950000 ,6.986290600 ,
182.590230000 ,14.130703000 ,
150.418300000 ,14.786508000 ,
150.106310000 ,9.812313800 ,
149.814610000 ,4.904474600 ,
155.694080000 ,14.546032000 ,
155.226540000 ,9.639234000 ,
154.828270000 ,4.829569100 ,
175.287560000 ,13.788614000 ,
167.631570000 ,12.517783000 ,
161.293110000 ,14.003150000 ,
160.128540000 ,9.341330900 ,
159.894170000 ,4.781917300 ,
176.327400000 ,6.711272700 ,
164.812170000 ,4.939629800 ,
169.971160000 ,6.038640800 ,
164.232360000 ,8.933281700 ,
144.696650000 ,94.783140000 ,
144.680930000 ,90.028116000 ,
144.784080000 ,85.226233000 ,
144.793190000 ,80.342329000 ,
144.947590000 ,75.436798000 ,
145.033820000 ,70.454008000 ,
145.199010000 ,65.420924000 ,
145.250200000 ,60.323292000 ,
202.477980000 ,63.307633000 ,
201.462210000 ,70.930418000 ,
199.416890000 ,79.108086000 ,
200.258380000 ,87.470529000 ,
199.852210000 ,95.145627000 ,
195.164670000 ,62.581664000 ,
194.470060000 ,69.707826000 ,
193.503140000 ,76.323337000 ,
193.210530000 ,81.163557000 ,
193.033510000 ,87.669211000 ,
192.679290000 ,94.600150000 ,
150.609680000 ,60.675108000 ,
155.951490000 ,60.952496000 ,
161.670690000 ,61.260468000 ,
167.546860000 ,61.269332000 ,
174.185860000 ,61.081831000 ,
181.077480000 ,61.398403000 ,
188.153520000 ,61.996148000 ,
149.337630000 ,94.696975000 ,
149.512190000 ,90.149130000 ,
149.451710000 ,85.429803000 ,
149.673040000 ,80.715926000 ,
149.784230000 ,75.887167000 ,
150.178930000 ,70.975372000 ,
150.366880000 ,65.848515000 ,
187.545180000 ,68.814526000 ,
187.069260000 ,75.387256000 ,
186.558490000 ,81.288245000 ,
186.286260000 ,87.670479000 ,
185.603070000 ,94.017918000 ,
155.793990000 ,66.391588000 ,
161.243800000 ,66.983592000 ,
167.389240000 ,67.787512000 ,
173.877010000 ,67.905952000 ,
180.799000000 ,68.315412000 ,
180.274070000 ,74.820730000 ,
180.080250000 ,81.128439000 ,
179.380390000 ,87.216355000 ,
178.697510000 ,93.640606000 ,
173.090820000 ,86.721046000 ,
167.831100000 ,85.653401000 ,
163.529440000 ,85.799952000 ,
158.798140000 ,85.748692000 ,
154.311830000 ,85.677324000 ,
154.286530000 ,81.043080000 ,
154.746590000 ,76.442357000 ,
155.213140000 ,71.595639000 ,
173.654140000 ,74.631424000 ,
173.507600000 ,80.749837000 ,
167.902550000 ,80.722804000 ,
163.189990000 ,81.393316000 ,
159.032990000 ,81.386305000 ,
166.365800000 ,74.678924000 ,
159.206540000 ,77.045211000 ,
160.646530000 ,72.639010000 ,
163.087330000 ,77.785992000 ,
154.339190000 ,94.804001000 ,
154.143300000 ,90.186327000 ,
170.901860000 ,92.728317000 ,
159.180680000 ,94.678974000 ,
159.095260000 ,90.256089000 ,
164.770170000 ,94.399584000 ,
163.541590000 ,89.950858000 ,
167.623630000 ,89.584408000 ,
273.278870000 ,81.382761000 ,
261.769010000 ,81.255167000 ,
250.898490000 ,81.201862000 ,
241.548810000 ,81.418104000 ,
233.287500000 ,80.968279000 ,
225.238770000 ,80.459038000 ,
217.086880000 ,80.086776000 ,
273.557850000 ,58.527839000 ,
262.228900000 ,59.341519000 ,
252.024840000 ,59.475805000 ,
243.212510000 ,58.345403000 ,
234.934000000 ,57.500238000 ,
226.666370000 ,56.901397000 ,
218.568820000 ,56.445267000 ,
218.751060000 ,48.546645000 ,
218.754070000 ,40.510343000 ,
218.601660000 ,32.267046000 ,
219.247760000 ,24.036344000 ,
219.712920000 ,15.960502000 ,
219.918790000 ,7.971152100 ,
275.307130000 ,11.437933000 ,
273.361350000 ,23.725397000 ,
274.994870000 ,35.027214000 ,
272.455610000 ,46.094014000 ,
228.243380000 ,8.176606800 ,
236.916380000 ,8.410790300 ,
245.825710000 ,8.725320900 ,
255.154310000 ,9.243141500 ,
264.797580000 ,10.113503000 ,
263.468650000 ,19.799831000 ,
260.960960000 ,27.198620000 ,
260.417630000 ,34.345381000 ,
260.243550000 ,41.516184000 ,
262.010540000 ,49.286168000 ,
252.442000000 ,50.060195000 ,
243.843930000 ,49.831294000 ,
235.286630000 ,49.329736000 ,
227.005730000 ,48.881258000 ,
252.451760000 ,41.785846000 ,
243.961650000 ,41.550763000 ,
235.649190000 ,41.184190000 ,
227.141140000 ,40.790523000 ,
254.224670000 ,18.112959000 ,
253.254390000 ,26.190492000 ,
252.470780000 ,33.932295000 ,
244.389810000 ,33.511068000 ,
235.843400000 ,33.051181000 ,
227.373870000 ,32.647935000 ,
245.446620000 ,17.264855000 ,
244.740650000 ,25.459675000 ,
236.636800000 ,16.729525000 ,
236.313160000 ,24.936595000 ,
227.710170000 ,24.478195000 ,
228.107390000 ,16.339155000 ,
267.209250000 ,34.646280000 ,
267.357460000 ,28.542229000 ,
266.830230000 ,40.780787000 ,
261.890200000 ,70.223319000 ,
249.745960000 ,70.036969000 ,
242.346170000 ,66.657558000 ,
241.900970000 ,72.794875000 ,
234.329070000 ,65.474256000 ,
233.828300000 ,72.917896000 ,
226.255420000 ,64.789849000 ,
225.764360000 ,72.603442000 ,
217.645310000 ,72.130794000 ,
218.172750000 ,64.310085000 ,
273.436780000 ,70.000231000 ,
272.733880000 ,92.524135000 ,
261.366070000 ,92.363825000 ,
216.487000000 ,95.954332000 ,
216.728860000 ,88.021027000 ,
250.269650000 ,91.763907000 ,
224.605840000 ,95.820381000 ,
224.768090000 ,88.333661000 ,
240.207990000 ,90.894544000 ,
232.359650000 ,88.848942000 ,
231.179510000 ,95.357221000 ,
336.670870000 ,13.428809000 ,
337.081620000 ,26.919127000 ,
338.658540000 ,40.596181000 ,
101.952120000 ,4.754216700 ,
105.535640000 ,5.175346800 ,
101.320100000 ,14.702251000 ,
104.665520000 ,15.296385000 ,
21.536937000 ,99.751833000 ,
99.980419000 ,19.439940000 ,
102.265460000 ,19.800393000 ,
105.223940000 ,20.557856000 ,
23.886566000 ,98.935719000 ,
99.148729000 ,21.785570000 ,
101.520100000 ,22.243096000 ,
105.662870000 ,24.834176000 ,
105.658070000 ,95.352872000 ,
101.140260000 ,95.964641000 ,
96.322297000 ,97.147811000 ,
91.525442000 ,96.523970000 ,
87.164929000 ,96.394895000 ,
82.964449000 ,96.405102000 ,
78.861651000 ,96.476158000 ,
74.814525000 ,96.611349000 ,
70.815975000 ,96.679192000 ,
66.724176000 ,96.573176000 ,
62.311112000 ,96.159110000 ,
58.546404000 ,97.432914000 ,
55.166620000 ,98.014971000 ,
51.954464000 ,98.288529000 ,
48.846426000 ,98.405856000 ,
45.811634000 ,98.716642000 ,
42.846841000 ,98.875677000 ,
39.888504000 ,98.839889000 ,
36.724151000 ,98.328720000 ,
33.713610000 ,98.904462000 ,
31.050193000 ,98.928555000 ,
28.502656000 ,98.339171000 ,
26.503176000 ,98.712219000 ,
31.217322000 ,96.886362000 ,
105.443070000 ,90.521860000 ,
100.831710000 ,91.128083000 ,
96.153838000 ,91.767803000 ,
91.552389000 ,91.931592000 ,
87.158953000 ,92.069563000 ,
82.917752000 ,92.191123000 ,
78.719774000 ,92.260824000 ,
74.663991000 ,92.617318000 ,
70.721284000 ,92.788319000 ,
66.817311000 ,92.752249000 ,
62.830846000 ,92.486370000 ,
60.452773000 ,93.581072000 ,
57.520396000 ,94.404015000 ,
54.515024000 ,94.974392000 ,
51.491005000 ,95.209496000 ,
48.270129000 ,95.023743000 ,
45.332754000 ,95.798655000 ,
42.541621000 ,96.066363000 ,
39.906278000 ,96.278156000 ,
37.499891000 ,96.222330000 ,
35.618986000 ,95.924368000 ,
33.270453000 ,96.565041000 ,
98.330156000 ,28.099716000 ,
100.814110000 ,28.629604000 ,
104.329960000 ,29.399220000 ,
39.711082000 ,94.005167000 ,
42.114703000 ,93.328894000 ,
97.066374000 ,31.610207000 ,
99.049365000 ,32.512615000 ,
101.256070000 ,33.968347000 ,
104.970360000 ,34.420530000 ,
44.715736000 ,93.411639000 ,
44.448542000 ,91.512077000 ,
105.305710000 ,85.625319000 ,
100.618450000 ,86.273232000 ,
95.957855000 ,86.913727000 ,
91.408765000 ,87.387523000 ,
87.063334000 ,87.822724000 ,
82.845500000 ,88.045334000 ,
78.495368000 ,87.807264000 ,
74.408065000 ,88.795416000 ,
70.645794000 ,89.136374000 ,
66.978993000 ,89.100026000 ,
63.633742000 ,89.123466000 ,
61.035453000 ,88.742617000 ,
58.593154000 ,88.727311000 ,
55.808854000 ,88.689831000 ,
53.268200000 ,89.671553000 ,
50.878244000 ,90.155140000 ,
48.403065000 ,90.140934000 ,
46.307159000 ,90.941073000 ,
95.247644000 ,36.453809000 ,
97.079738000 ,36.943788000 ,
100.944620000 ,37.180299000 ,
104.433510000 ,39.355858000 ,
52.489825000 ,87.572607000 ,
105.179780000 ,80.710718000 ,
100.365180000 ,81.449719000 ,
95.680367000 ,82.235172000 ,
91.067123000 ,82.929170000 ,
86.838897000 ,83.794733000 ,
82.940709000 ,84.413893000 ,
79.442752000 ,84.780658000 ,
77.058634000 ,85.153536000 ,
73.855542000 ,85.662506000 ,
70.483102000 ,85.812732000 ,
66.871325000 ,85.421384000 ,
63.673626000 ,86.059931000 ,
60.976999000 ,86.320946000 ,
58.361210000 ,86.171813000 ,
56.070788000 ,86.756643000 ,
54.577610000 ,86.661090000 ,
55.533749000 ,85.441917000 ,
94.099326000 ,39.807381000 ,
96.139119000 ,40.433900000 ,
98.031901000 ,41.217700000 ,
101.319520000 ,44.075285000 ,
105.165080000 ,44.326619000 ,
57.046905000 ,84.484890000 ,
60.820767000 ,84.199166000 ,
59.902551000 ,82.496709000 ,
105.002240000 ,75.766413000 ,
100.035960000 ,76.582072000 ,
95.248503000 ,77.654987000 ,
90.356659000 ,78.288421000 ,
86.262308000 ,80.046874000 ,
82.596356000 ,81.025393000 ,
79.300087000 ,81.778249000 ,
76.414728000 ,82.385849000 ,
73.503376000 ,82.866852000 ,
70.568409000 ,83.064139000 ,
67.647149000 ,82.702743000 ,
65.590465000 ,83.353679000 ,
63.266899000 ,83.406551000 ,
61.639906000 ,81.467347000 ,
64.612665000 ,81.875351000 ,
63.229538000 ,80.114716000 ,
66.377811000 ,80.628991000 ,
65.109143000 ,78.290626000 ,
92.007610000 ,44.719196000 ,
94.183760000 ,45.636078000 ,
96.633930000 ,46.492966000 ,
99.872708000 ,47.619724000 ,
104.935560000 ,48.701911000 ,
104.727120000 ,53.090433000 ,
103.655380000 ,56.778016000 ,
104.788490000 ,61.302978000 ,
104.934230000 ,65.953258000 ,
104.872320000 ,70.784081000 ,
99.345792000 ,71.448957000 ,
95.020794000 ,73.499650000 ,
91.115088000 ,74.299192000 ,
88.118217000 ,74.064046000 ,
84.827596000 ,73.741868000 ,
80.885217000 ,74.496857000 ,
77.724514000 ,76.213167000 ,
75.033465000 ,77.302520000 ,
72.545848000 ,78.023568000 ,
70.181322000 ,78.860590000 ,
68.174476000 ,79.611637000 ,
67.291755000 ,77.909879000 ,
66.545586000 ,76.775410000 ,
69.363720000 ,76.936675000 ,
68.171600000 ,75.427688000 ,
71.782295000 ,75.550486000 ,
69.875989000 ,73.670041000 ,
74.049379000 ,75.214843000 ,
73.093078000 ,73.875021000 ,
71.745787000 ,72.299262000 ,
90.352780000 ,48.029748000 ,
92.431839000 ,49.147342000 ,
94.744897000 ,50.220505000 ,
97.116795000 ,51.248273000 ,
100.305550000 ,51.854779000 ,
99.129195000 ,55.752289000 ,
99.780297000 ,58.743244000 ,
100.128420000 ,62.654113000 ,
100.421380000 ,66.704823000 ,
89.374969000 ,49.709826000 ,
91.444944000 ,50.983495000 ,
93.515737000 ,52.381922000 ,
96.191015000 ,53.784465000 ,
76.245552000 ,74.092259000 ,
74.780236000 ,72.427191000 ,
73.297648000 ,70.918650000 ,
94.131899000 ,56.017420000 ,
92.714825000 ,58.195937000 ,
90.309588000 ,60.383502000 ,
88.524807000 ,62.065329000 ,
86.700909000 ,64.334631000 ,
84.935330000 ,67.139807000 ,
82.157062000 ,68.999954000 ,
80.022021000 ,70.577941000 ,
78.405744000 ,72.503689000 ,
76.465216000 ,70.770778000 ,
74.719745000 ,69.478829000 ,
80.199694000 ,66.988953000 ,
78.359743000 ,65.357169000 ,
82.225129000 ,64.907645000 ,
79.745884000 ,63.222459000 ,
84.201615000 ,62.221835000 ,
81.520271000 ,61.334090000 ,
86.425131000 ,60.145265000 ,
84.790714000 ,59.138506000 ,
83.292912000 ,58.267904000 ,
87.210941000 ,52.858100000 ,
88.770831000 ,54.375763000 ,
89.961340000 ,56.482502000 ,
88.705287000 ,58.635014000 ,
87.341157000 ,55.420421000 ,
86.398548000 ,56.571797000 ,
85.407033000 ,57.777172000 ,
84.220250000 ,56.872277000 ,
85.121825000 ,55.529041000 ,
86.167496000 ,54.196188000 ,
87.377830000 ,57.572755000 ,
88.375723000 ,56.482685000 ,
86.513670000 ,58.498761000 ,
88.370099000 ,51.330645000 ,
92.133631000 ,54.381165000 ,
90.089043000 ,52.791565000 ,
82.396910000 ,59.685986000 ,
83.736075000 ,60.357696000 ,
77.912476000 ,68.662069000 ,
76.938828000 ,66.908769000 ,
75.975833000 ,67.993986000 ,
83.600285000 ,71.207466000 ,
96.626761000 ,66.972599000 ,
93.658181000 ,67.733804000 ,
90.511638000 ,68.588155000 ,
88.118426000 ,69.428854000 ,
85.707732000 ,69.915759000 ,
95.225388000 ,60.134552000 ,
96.461049000 ,63.581743000 ,
92.337356000 ,62.159639000 ,
92.760654000 ,64.909890000 ,
89.636810000 ,65.738823000 ,
89.930830000 ,63.424689000 ,
87.461956000 ,67.471462000 ,
96.490261000 ,57.209061000 ,
91.115204000 ,71.295292000 ,
94.046371000 ,70.566009000 ,
96.809192000 ,69.642527000 ,
88.382714000 ,71.665819000 ,
86.378528000 ,71.794646000 ,
81.491040000 ,72.116940000 ,
91.189030000 ,46.372497000 ,
93.373014000 ,47.326884000 ,
95.533672000 ,48.279497000 ,
97.564160000 ,48.977912000 ,
75.832972000 ,79.745580000 ,
78.679636000 ,78.903819000 ,
81.861676000 ,77.881142000 ,
85.242358000 ,77.042868000 ,
87.894057000 ,76.479545000 ,
73.130003000 ,80.373713000 ,
70.686377000 ,80.835489000 ,
68.823400000 ,81.060485000 ,
97.406447000 ,42.850387000 ,
96.860686000 ,44.719194000 ,
95.450522000 ,42.251100000 ,
94.821824000 ,43.876729000 ,
93.423303000 ,41.436453000 ,
92.715040000 ,43.099457000 ,
98.646556000 ,45.209537000 ,
99.207565000 ,43.668720000 ,
58.365903000 ,83.370272000 ,
59.185941000 ,84.601831000 ,
94.756700000 ,38.078450000 ,
96.763806000 ,38.727779000 ,
99.110421000 ,39.043234000 ,
101.071390000 ,41.217036000 ,
50.633726000 ,88.240991000 ,
49.168171000 ,88.614137000 ,
98.146336000 ,33.905627000 ,
97.519625000 ,35.487124000 ,
96.391073000 ,33.223709000 ,
95.825310000 ,34.792051000 ,
99.164322000 ,36.092617000 ,
99.467949000 ,34.686969000 ,
53.894703000 ,92.212492000 ,
56.594545000 ,91.647289000 ,
59.147473000 ,91.191408000 ,
61.010632000 ,90.836601000 ,
51.243406000 ,92.575083000 ,
48.721653000 ,92.685452000 ,
47.000879000 ,93.013712000 ,
42.937423000 ,91.822979000 ,
97.711482000 ,29.871205000 ,
99.826000000 ,30.588798000 ,
101.761690000 ,31.283224000 ,
37.767434000 ,94.371402000 ,
36.404745000 ,94.549830000 ,
101.134920000 ,24.347447000 ,
100.859500000 ,26.639950000 ,
99.020754000 ,24.226600000 ,
98.694955000 ,26.171700000 ,
102.767860000 ,26.820755000 ,
103.251710000 ,24.792631000 ,
29.647973000 ,96.951252000 ,
100.188460000 ,16.879255000 ,
102.426230000 ,17.369442000 ,
19.480411000 ,100.035100000 ,
17.848873000 ,100.005930000 ,
105.446960000 ,8.716607000 ,
105.929880000 ,11.311553000 ,
103.542690000 ,11.237664000 ,
101.517620000 ,10.887737000 ,
102.224360000 ,7.404436100 ,
101.728610000 ,9.177924900 ,
103.582120000 ,9.704913100 ,
101.312280000 ,12.705840000 ,
103.197150000 ,13.076524000 ,
5.380472300 ,101.439790000 ,
7.186574400 ,101.341190000 ,
8.723535200 ,101.024820000 ,
3.855951300 ,101.292400000 ,
104.733650000 ,2.235916300 ,
102.210860000 ,2.468191600 ,
102.169710000 ,1.138425200 ,
101.017610000 ,0.961165500 ,
103.438090000 ,1.124614700 ,
107.347150000 ,2.411862700 ,
16.514126000 ,141.011230000 ,
99.450926000 ,41.879190000 ,
98.408901000 ,37.466599000 ,
103.289060000 ,22.364686000 ,
1,60,region1
61,120,region2
121,180,region3
181,1783,region4
