quadrangle
//Number_of_Node
819
//Number_of_Element
720
//Number_of_Region
3
//Factor
1000.0
11,10,1,2,
12,11,2,3,
13,12,3,4,
14,13,4,5,
15,14,5,6,
20,19,10,11,
21,20,11,12,
22,21,12,13,
23,22,13,14,
24,23,14,15,
29,28,19,20,
30,29,20,21,
31,30,21,22,
32,31,22,23,
33,32,23,24,
38,37,28,29,
39,38,29,30,
40,39,30,31,
41,40,31,32,
42,41,32,33,
47,46,37,38,
48,47,38,39,
49,48,39,40,
50,49,40,41,
51,50,41,42,
56,55,46,47,
57,56,47,48,
58,57,48,49,
59,58,49,50,
60,59,50,51,
65,64,55,56,
66,65,56,57,
67,66,57,58,
68,67,58,59,
69,68,59,60,
74,73,64,65,
75,74,65,66,
76,75,66,67,
77,76,67,68,
78,77,68,69,
83,82,73,74,
84,83,74,75,
85,84,75,76,
86,85,76,77,
87,86,77,78,
92,91,82,83,
93,92,83,84,
94,93,84,85,
95,94,85,86,
96,95,86,87,
101,100,91,92,
102,101,92,93,
103,102,93,94,
104,103,94,95,
105,104,95,96,
110,109,100,101,
111,110,101,102,
112,111,102,103,
113,112,103,104,
114,113,104,105,
119,118,109,110,
120,119,110,111,
121,120,111,112,
122,121,112,113,
123,122,113,114,
128,127,118,119,
129,128,119,120,
130,129,120,121,
131,130,121,122,
132,131,122,123,
137,136,127,128,
138,137,128,129,
139,138,129,130,
140,139,130,131,
141,140,131,132,
146,145,136,137,
147,146,137,138,
148,147,138,139,
149,148,139,140,
150,149,140,141,
155,154,145,146,
156,155,146,147,
157,156,147,148,
158,157,148,149,
159,158,149,150,
164,163,154,155,
165,164,155,156,
166,165,156,157,
167,166,157,158,
168,167,158,159,
173,172,163,164,
174,173,164,165,
175,174,165,166,
176,175,166,167,
177,176,167,168,
182,181,172,173,
183,182,173,174,
184,183,174,175,
185,184,175,176,
186,185,176,177,
191,190,181,182,
192,191,182,183,
193,192,183,184,
194,193,184,185,
195,194,185,186,
200,199,190,191,
201,200,191,192,
202,201,192,193,
203,202,193,194,
204,203,194,195,
209,208,199,200,
210,209,200,201,
211,210,201,202,
212,211,202,203,
213,212,203,204,
218,217,208,209,
219,218,209,210,
220,219,210,211,
221,220,211,212,
222,221,212,213,
227,226,217,218,
228,227,218,219,
229,228,219,220,
230,229,220,221,
231,230,221,222,
236,235,226,227,
237,236,227,228,
238,237,228,229,
239,238,229,230,
240,239,230,231,
245,244,235,236,
246,245,236,237,
247,246,237,238,
248,247,238,239,
249,248,239,240,
254,253,244,245,
255,254,245,246,
256,255,246,247,
257,256,247,248,
258,257,248,249,
263,262,253,254,
264,263,254,255,
265,264,255,256,
266,265,256,257,
267,266,257,258,
272,271,262,263,
273,272,263,264,
274,273,264,265,
275,274,265,266,
276,275,266,267,
281,280,271,272,
282,281,272,273,
283,282,273,274,
284,283,274,275,
285,284,275,276,
290,289,280,281,
291,290,281,282,
292,291,282,283,
293,292,283,284,
294,293,284,285,
299,298,289,290,
300,299,290,291,
301,300,291,292,
302,301,292,293,
303,302,293,294,
308,307,298,299,
309,308,299,300,
310,309,300,301,
311,310,301,302,
312,311,302,303,
317,316,307,308,
318,317,308,309,
319,318,309,310,
320,319,310,311,
321,320,311,312,
326,325,316,317,
327,326,317,318,
328,327,318,319,
329,328,319,320,
330,329,320,321,
335,334,325,326,
336,335,326,327,
337,336,327,328,
338,337,328,329,
339,338,329,330,
344,343,334,335,
345,344,335,336,
346,345,336,337,
347,346,337,338,
348,347,338,339,
353,352,343,344,
354,353,344,345,
355,354,345,346,
356,355,346,347,
357,356,347,348,
362,361,352,353,
363,362,353,354,
364,363,354,355,
365,364,355,356,
366,365,356,357,
371,370,361,362,
372,371,362,363,
373,372,363,364,
374,373,364,365,
375,374,365,366,
380,379,370,371,
381,380,371,372,
382,381,372,373,
383,382,373,374,
384,383,374,375,
389,388,379,380,
390,389,380,381,
391,390,381,382,
392,391,382,383,
393,392,383,384,
398,397,388,389,
399,398,389,390,
400,399,390,391,
401,400,391,392,
402,401,392,393,
407,406,397,398,
408,407,398,399,
409,408,399,400,
410,409,400,401,
411,410,401,402,
416,415,406,407,
417,416,407,408,
418,417,408,409,
419,418,409,410,
420,419,410,411,
425,424,415,416,
426,425,416,417,
427,426,417,418,
428,427,418,419,
429,428,419,420,
434,433,424,425,
435,434,425,426,
436,435,426,427,
437,436,427,428,
438,437,428,429,
443,442,433,434,
444,443,434,435,
445,444,435,436,
446,445,436,437,
447,446,437,438,
452,451,442,443,
453,452,443,444,
454,453,444,445,
455,454,445,446,
456,455,446,447,
461,460,451,452,
462,461,452,453,
463,462,453,454,
464,463,454,455,
465,464,455,456,
470,469,460,461,
471,470,461,462,
472,471,462,463,
473,472,463,464,
474,473,464,465,
479,478,469,470,
480,479,470,471,
481,480,471,472,
482,481,472,473,
483,482,473,474,
488,487,478,479,
489,488,479,480,
490,489,480,481,
491,490,481,482,
492,491,482,483,
497,496,487,488,
498,497,488,489,
499,498,489,490,
500,499,490,491,
501,500,491,492,
506,505,496,497,
507,506,497,498,
508,507,498,499,
509,508,499,500,
510,509,500,501,
515,514,505,506,
516,515,506,507,
517,516,507,508,
518,517,508,509,
519,518,509,510,
524,523,514,515,
525,524,515,516,
526,525,516,517,
527,526,517,518,
528,527,518,519,
533,532,523,524,
534,533,524,525,
535,534,525,526,
536,535,526,527,
537,536,527,528,
542,541,532,533,
543,542,533,534,
544,543,534,535,
545,544,535,536,
546,545,536,537,
551,550,541,542,
552,551,542,543,
553,552,543,544,
554,553,544,545,
555,554,545,546,
560,559,550,551,
561,560,551,552,
562,561,552,553,
563,562,553,554,
564,563,554,555,
569,568,559,560,
570,569,560,561,
571,570,561,562,
572,571,562,563,
573,572,563,564,
578,577,568,569,
579,578,569,570,
580,579,570,571,
581,580,571,572,
582,581,572,573,
587,586,577,578,
588,587,578,579,
589,588,579,580,
590,589,580,581,
591,590,581,582,
596,595,586,587,
597,596,587,588,
598,597,588,589,
599,598,589,590,
600,599,590,591,
605,604,595,596,
606,605,596,597,
607,606,597,598,
608,607,598,599,
609,608,599,600,
614,613,604,605,
615,614,605,606,
616,615,606,607,
617,616,607,608,
618,617,608,609,
623,622,613,614,
624,623,614,615,
625,624,615,616,
626,625,616,617,
627,626,617,618,
632,631,622,623,
633,632,623,624,
634,633,624,625,
635,634,625,626,
636,635,626,627,
641,640,631,632,
642,641,632,633,
643,642,633,634,
644,643,634,635,
645,644,635,636,
650,649,640,641,
651,650,641,642,
652,651,642,643,
653,652,643,644,
654,653,644,645,
659,658,649,650,
660,659,650,651,
661,660,651,652,
662,661,652,653,
663,662,653,654,
668,667,658,659,
669,668,659,660,
670,669,660,661,
671,670,661,662,
672,671,662,663,
677,676,667,668,
678,677,668,669,
679,678,669,670,
680,679,670,671,
681,680,671,672,
686,685,676,677,
687,686,677,678,
688,687,678,679,
689,688,679,680,
690,689,680,681,
695,694,685,686,
696,695,686,687,
697,696,687,688,
698,697,688,689,
699,698,689,690,
704,703,694,695,
705,704,695,696,
706,705,696,697,
707,706,697,698,
708,707,698,699,
713,712,703,704,
714,713,704,705,
715,714,705,706,
716,715,706,707,
717,716,707,708,
722,721,712,713,
723,722,713,714,
724,723,714,715,
725,724,715,716,
726,725,716,717,
731,730,721,722,
732,731,722,723,
733,732,723,724,
734,733,724,725,
735,734,725,726,
740,739,730,731,
741,740,731,732,
742,741,732,733,
743,742,733,734,
744,743,734,735,
749,748,739,740,
750,749,740,741,
751,750,741,742,
752,751,742,743,
753,752,743,744,
758,757,748,749,
759,758,749,750,
760,759,750,751,
761,760,751,752,
762,761,752,753,
767,766,757,758,
768,767,758,759,
769,768,759,760,
770,769,760,761,
771,770,761,762,
776,775,766,767,
777,776,767,768,
778,777,768,769,
779,778,769,770,
780,779,770,771,
785,784,775,776,
786,785,776,777,
787,786,777,778,
788,787,778,779,
789,788,779,780,
794,793,784,785,
795,794,785,786,
796,795,786,787,
797,796,787,788,
798,797,788,789,
803,802,793,794,
804,803,794,795,
805,804,795,796,
806,805,796,797,
807,806,797,798,
812,811,802,803,
813,812,803,804,
814,813,804,805,
815,814,805,806,
816,815,806,807,
16,15,6,7,
17,16,7,8,
18,17,8,9,
25,24,15,16,
26,25,16,17,
27,26,17,18,
34,33,24,25,
35,34,25,26,
36,35,26,27,
43,42,33,34,
44,43,34,35,
45,44,35,36,
52,51,42,43,
53,52,43,44,
54,53,44,45,
61,60,51,52,
62,61,52,53,
63,62,53,54,
70,69,60,61,
71,70,61,62,
72,71,62,63,
79,78,69,70,
80,79,70,71,
81,80,71,72,
88,87,78,79,
89,88,79,80,
90,89,80,81,
97,96,87,88,
98,97,88,89,
99,98,89,90,
106,105,96,97,
107,106,97,98,
108,107,98,99,
115,114,105,106,
116,115,106,107,
117,116,107,108,
124,123,114,115,
125,124,115,116,
126,125,116,117,
133,132,123,124,
134,133,124,125,
135,134,125,126,
142,141,132,133,
143,142,133,134,
144,143,134,135,
151,150,141,142,
152,151,142,143,
153,152,143,144,
160,159,150,151,
161,160,151,152,
162,161,152,153,
169,168,159,160,
170,169,160,161,
171,170,161,162,
178,177,168,169,
179,178,169,170,
180,179,170,171,
187,186,177,178,
188,187,178,179,
189,188,179,180,
196,195,186,187,
197,196,187,188,
198,197,188,189,
205,204,195,196,
206,205,196,197,
207,206,197,198,
214,213,204,205,
215,214,205,206,
216,215,206,207,
223,222,213,214,
224,223,214,215,
225,224,215,216,
232,231,222,223,
233,232,223,224,
234,233,224,225,
241,240,231,232,
242,241,232,233,
243,242,233,234,
250,249,240,241,
251,250,241,242,
252,251,242,243,
259,258,249,250,
260,259,250,251,
261,260,251,252,
268,267,258,259,
269,268,259,260,
270,269,260,261,
277,276,267,268,
278,277,268,269,
279,278,269,270,
286,285,276,277,
287,286,277,278,
288,287,278,279,
295,294,285,286,
296,295,286,287,
297,296,287,288,
304,303,294,295,
305,304,295,296,
306,305,296,297,
313,312,303,304,
314,313,304,305,
315,314,305,306,
322,321,312,313,
323,322,313,314,
324,323,314,315,
331,330,321,322,
332,331,322,323,
333,332,323,324,
340,339,330,331,
341,340,331,332,
342,341,332,333,
349,348,339,340,
350,349,340,341,
351,350,341,342,
358,357,348,349,
359,358,349,350,
360,359,350,351,
367,366,357,358,
368,367,358,359,
369,368,359,360,
376,375,366,367,
377,376,367,368,
378,377,368,369,
385,384,375,376,
386,385,376,377,
387,386,377,378,
394,393,384,385,
395,394,385,386,
396,395,386,387,
403,402,393,394,
404,403,394,395,
405,404,395,396,
412,411,402,403,
413,412,403,404,
414,413,404,405,
421,420,411,412,
422,421,412,413,
423,422,413,414,
430,429,420,421,
431,430,421,422,
432,431,422,423,
439,438,429,430,
440,439,430,431,
441,440,431,432,
448,447,438,439,
449,448,439,440,
450,449,440,441,
457,456,447,448,
458,457,448,449,
459,458,449,450,
466,465,456,457,
467,466,457,458,
468,467,458,459,
475,474,465,466,
476,475,466,467,
477,476,467,468,
484,483,474,475,
485,484,475,476,
486,485,476,477,
493,492,483,484,
494,493,484,485,
495,494,485,486,
502,501,492,493,
503,502,493,494,
504,503,494,495,
511,510,501,502,
512,511,502,503,
513,512,503,504,
520,519,510,511,
521,520,511,512,
522,521,512,513,
529,528,519,520,
530,529,520,521,
531,530,521,522,
538,537,528,529,
539,538,529,530,
540,539,530,531,
547,546,537,538,
548,547,538,539,
549,548,539,540,
556,555,546,547,
557,556,547,548,
558,557,548,549,
565,564,555,556,
566,565,556,557,
567,566,557,558,
574,573,564,565,
575,574,565,566,
576,575,566,567,
583,582,573,574,
584,583,574,575,
585,584,575,576,
592,591,582,583,
593,592,583,584,
594,593,584,585,
601,600,591,592,
602,601,592,593,
603,602,593,594,
610,609,600,601,
611,610,601,602,
612,611,602,603,
619,618,609,610,
620,619,610,611,
621,620,611,612,
628,627,618,619,
629,628,619,620,
630,629,620,621,
637,636,627,628,
638,637,628,629,
639,638,629,630,
646,645,636,637,
647,646,637,638,
648,647,638,639,
655,654,645,646,
656,655,646,647,
657,656,647,648,
664,663,654,655,
665,664,655,656,
666,665,656,657,
673,672,663,664,
674,673,664,665,
675,674,665,666,
682,681,672,673,
683,682,673,674,
684,683,674,675,
691,690,681,682,
692,691,682,683,
693,692,683,684,
700,699,690,691,
701,700,691,692,
702,701,692,693,
709,708,699,700,
710,709,700,701,
711,710,701,702,
718,717,708,709,
719,718,709,710,
720,719,710,711,
727,726,717,718,
728,727,718,719,
729,728,719,720,
736,735,726,727,
737,736,727,728,
738,737,728,729,
745,744,735,736,
746,745,736,737,
747,746,737,738,
754,753,744,745,
755,754,745,746,
756,755,746,747,
763,762,753,754,
764,763,754,755,
765,764,755,756,
772,771,762,763,
773,772,763,764,
774,773,764,765,
781,780,771,772,
782,781,772,773,
783,782,773,774,
790,789,780,781,
791,790,781,782,
792,791,782,783,
799,798,789,790,
800,799,790,791,
801,800,791,792,
808,807,798,799,
809,808,799,800,
810,809,800,801,
817,816,807,808,
818,817,808,809,
819,818,809,810,
50.00000 ,0.00000 ,
53.00000 ,0.00000 ,
56.00000 ,0.00000 ,
59.00000 ,0.00000 ,
62.00000 ,0.00000 ,
65.00000 ,0.00000 ,
65.66667 ,0.00000 ,
66.33333 ,0.00000 ,
67.00000 ,0.00000 ,
49.99238 ,0.87262 ,
52.99193 ,0.92498 ,
55.99147 ,0.97733 ,
58.99101 ,1.02969 ,
61.99056 ,1.08205 ,
64.99010 ,1.13441 ,
65.65667 ,1.14604 ,
66.32323 ,1.15768 ,
66.98980 ,1.16931 ,
49.96954 ,1.74498 ,
52.96772 ,1.84968 ,
55.96589 ,1.95437 ,
58.96405 ,2.05907 ,
61.96223 ,2.16377 ,
64.96040 ,2.26847 ,
65.62667 ,2.29174 ,
66.29292 ,2.31501 ,
66.95919 ,2.33827 ,
49.93147 ,2.61680 ,
52.92737 ,2.77381 ,
55.92325 ,2.93082 ,
58.91914 ,3.08783 ,
61.91503 ,3.24484 ,
64.91092 ,3.40185 ,
65.57668 ,3.43673 ,
66.24242 ,3.47163 ,
66.90818 ,3.50652 ,
49.87820 ,3.48783 ,
52.87090 ,3.69710 ,
55.86359 ,3.90637 ,
58.85627 ,4.11564 ,
61.84897 ,4.32491 ,
64.84166 ,4.53419 ,
65.50671 ,4.58069 ,
66.17175 ,4.62719 ,
66.83680 ,4.67369 ,
49.80973 ,4.35780 ,
52.79832 ,4.61927 ,
55.78690 ,4.88073 ,
58.77548 ,5.14220 ,
61.76407 ,5.40367 ,
64.75265 ,5.66514 ,
65.41679 ,5.72324 ,
66.08091 ,5.78135 ,
66.74505 ,5.83945 ,
49.72609 ,5.22644 ,
52.70966 ,5.54003 ,
55.69322 ,5.85360 ,
58.67679 ,6.16719 ,
61.66036 ,6.48078 ,
64.64392 ,6.79437 ,
65.30694 ,6.86405 ,
65.96995 ,6.93374 ,
66.63297 ,7.00342 ,
49.62730 ,6.09348 ,
52.60495 ,6.45910 ,
55.58258 ,6.82470 ,
58.56022 ,7.19031 ,
61.53786 ,7.55592 ,
64.51550 ,7.92153 ,
65.17720 ,8.00277 ,
65.83889 ,8.08403 ,
66.50059 ,8.16527 ,
49.51340 ,6.95867 ,
52.48421 ,7.37620 ,
55.45501 ,7.79371 ,
58.42581 ,8.21123 ,
61.39662 ,8.62876 ,
64.36742 ,9.04628 ,
65.02760 ,9.13906 ,
65.68778 ,9.23185 ,
66.34796 ,9.32462 ,
49.38441 ,7.82174 ,
52.34748 ,8.29105 ,
55.31054 ,8.76035 ,
58.27360 ,9.22966 ,
61.23668 ,9.69897 ,
64.19974 ,10.16827 ,
64.85820 ,10.27256 ,
65.51665 ,10.37685 ,
66.17512 ,10.48114 ,
49.24038 ,8.68243 ,
52.19481 ,9.20338 ,
55.14923 ,9.72432 ,
58.10365 ,10.24527 ,
61.05808 ,10.76622 ,
64.01250 ,11.28717 ,
64.66904 ,11.40293 ,
65.32557 ,11.51870 ,
65.98212 ,11.63446 ,
49.08135 ,9.54048 ,
52.02624 ,10.11291 ,
54.97112 ,10.68533 ,
57.91599 ,11.25776 ,
60.86088 ,11.83019 ,
63.80576 ,12.40262 ,
64.46018 ,12.52983 ,
65.11460 ,12.65704 ,
65.76902 ,12.78424 ,
48.90737 ,10.39561 ,
51.84182 ,11.01935 ,
54.77626 ,11.64308 ,
57.71070 ,12.26682 ,
60.64515 ,12.89056 ,
63.57958 ,13.51430 ,
64.23169 ,13.65291 ,
64.88378 ,13.79152 ,
65.53589 ,13.93012 ,
48.71849 ,11.24758 ,
51.64161 ,11.92244 ,
54.56472 ,12.59729 ,
57.48782 ,13.27215 ,
60.41094 ,13.94701 ,
63.33404 ,14.62186 ,
63.98363 ,14.77183 ,
64.63320 ,14.92180 ,
65.28279 ,15.07176 ,
48.51477 ,12.09613 ,
51.42567 ,12.82190 ,
54.33655 ,13.54766 ,
57.24743 ,14.27343 ,
60.15833 ,14.99920 ,
63.06921 ,15.72497 ,
63.71608 ,15.88625 ,
64.36294 ,16.04754 ,
65.00981 ,16.20881 ,
48.29628 ,12.94099 ,
51.19406 ,13.71745 ,
54.09184 ,14.49390 ,
56.98961 ,15.27037 ,
59.88739 ,16.04683 ,
62.78516 ,16.82329 ,
63.42912 ,16.99583 ,
64.07307 ,17.16838 ,
64.71702 ,17.34093 ,
48.06307 ,13.78191 ,
50.94686 ,14.60883 ,
53.83064 ,15.43573 ,
56.71442 ,16.26265 ,
59.59821 ,17.08957 ,
62.48199 ,17.91648 ,
63.12284 ,18.10024 ,
63.76368 ,18.28400 ,
64.40452 ,18.46776 ,
47.81522 ,14.61863 ,
50.68414 ,15.49575 ,
53.55305 ,16.37286 ,
56.42196 ,17.24998 ,
59.29088 ,18.12710 ,
62.15979 ,19.00422 ,
62.79733 ,19.19913 ,
63.43486 ,19.39405 ,
64.07241 ,19.58896 ,
47.55281 ,15.45089 ,
50.40598 ,16.37795 ,
53.25915 ,17.30500 ,
56.11231 ,18.23205 ,
58.96549 ,19.15911 ,
61.81865 ,20.08617 ,
62.45270 ,20.29218 ,
63.08673 ,20.49819 ,
63.72077 ,20.70420 ,
47.27591 ,16.27845 ,
50.11247 ,17.25517 ,
52.94902 ,18.23187 ,
55.78557 ,19.20857 ,
58.62213 ,20.18529 ,
61.45868 ,21.16200 ,
62.08904 ,21.37904 ,
62.71938 ,21.59609 ,
63.34973 ,21.81313 ,
46.98461 ,17.10106 ,
49.80369 ,18.12712 ,
52.62277 ,19.15318 ,
55.44184 ,20.17924 ,
58.26092 ,21.20531 ,
61.08000 ,22.23138 ,
61.70646 ,22.45939 ,
62.33292 ,22.68741 ,
62.95939 ,22.91542 ,
46.67900 ,17.91845 ,
49.47974 ,18.99356 ,
52.28048 ,20.06866 ,
55.08122 ,21.14377 ,
57.88196 ,22.21888 ,
60.68270 ,23.29399 ,
61.30509 ,23.53290 ,
61.92747 ,23.77181 ,
62.54987 ,24.01072 ,
46.35917 ,18.73038 ,
49.14072 ,19.85421 ,
51.92227 ,20.97803 ,
54.70382 ,22.10185 ,
57.48537 ,23.22568 ,
60.26692 ,24.34950 ,
60.88505 ,24.59924 ,
61.50316 ,24.84898 ,
62.12129 ,25.09872 ,
46.02521 ,19.53661 ,
48.78673 ,20.70881 ,
51.54825 ,21.88100 ,
54.30975 ,23.05320 ,
57.07127 ,24.22540 ,
59.83278 ,25.39760 ,
60.44646 ,25.65809 ,
61.06012 ,25.91858 ,
61.67380 ,26.17906 ,
45.67724 ,20.33689 ,
48.41788 ,21.55711 ,
51.15852 ,22.77731 ,
53.89915 ,23.99753 ,
56.63979 ,25.21775 ,
59.38042 ,26.43796 ,
59.98946 ,26.70912 ,
60.59848 ,26.98028 ,
61.20752 ,27.25143 ,
45.31536 ,21.13097 ,
48.03428 ,22.39884 ,
50.75321 ,23.66669 ,
53.47212 ,24.93455 ,
56.19105 ,26.20241 ,
58.90997 ,27.47027 ,
59.51418 ,27.75201 ,
60.11838 ,28.03376 ,
60.72259 ,28.31551 ,
44.93967 ,21.91862 ,
47.63605 ,23.23374 ,
50.33243 ,24.54885 ,
53.02881 ,25.86397 ,
55.72520 ,27.17909 ,
58.42157 ,28.49421 ,
59.02077 ,28.78646 ,
59.61996 ,29.07871 ,
60.21916 ,29.37095 ,
44.55029 ,22.69959 ,
47.22331 ,24.06157 ,
49.89633 ,25.42354 ,
52.56934 ,26.78551 ,
55.24237 ,28.14749 ,
57.91538 ,29.50947 ,
58.50939 ,29.81213 ,
59.10339 ,30.11479 ,
59.69740 ,30.41745 ,
44.14734 ,23.47364 ,
46.79619 ,24.88207 ,
49.44503 ,26.29048 ,
52.09386 ,27.69890 ,
54.74271 ,29.10732 ,
57.39155 ,30.51574 ,
57.98018 ,30.82872 ,
58.56881 ,31.14171 ,
59.15745 ,31.45469 ,
43.73094 ,24.24055 ,
46.35480 ,25.69499 ,
48.97866 ,27.14941 ,
51.60252 ,28.60384 ,
54.22638 ,30.05828 ,
56.85023 ,31.51272 ,
57.43332 ,31.83592 ,
58.01639 ,32.15913 ,
58.59947 ,32.48234 ,
43.30123 ,25.00007 ,
45.89930 ,26.50008 ,
48.49738 ,28.00007 ,
51.09545 ,29.50008 ,
53.69353 ,31.00009 ,
56.29160 ,32.50009 ,
56.86895 ,32.83343 ,
57.44630 ,33.16676 ,
58.02365 ,33.50010 ,
42.85832 ,25.75197 ,
45.42982 ,27.29710 ,
48.00132 ,28.84221 ,
50.57282 ,30.38733 ,
53.14432 ,31.93245 ,
55.71582 ,33.47757 ,
56.28727 ,33.82093 ,
56.85870 ,34.16429 ,
57.43016 ,34.50765 ,
42.40235 ,26.49603 ,
44.94650 ,28.08580 ,
47.49064 ,29.67556 ,
50.03478 ,31.26532 ,
52.57893 ,32.85509 ,
55.12306 ,34.44485 ,
55.68844 ,34.79813 ,
56.25379 ,35.15141 ,
56.81917 ,35.50469 ,
41.93348 ,27.23202 ,
44.44949 ,28.86595 ,
46.96550 ,30.49987 ,
49.48150 ,32.13379 ,
51.99752 ,33.76772 ,
54.51352 ,35.40164 ,
55.07264 ,35.76473 ,
55.63175 ,36.12783 ,
56.19087 ,36.49092 ,
41.45182 ,27.95972 ,
43.93894 ,29.63731 ,
46.42605 ,31.31488 ,
48.91315 ,32.99247 ,
51.40027 ,34.67006 ,
53.88737 ,36.34764 ,
54.44007 ,36.72044 ,
54.99275 ,37.09323 ,
55.54545 ,37.46603 ,
40.95754 ,28.67890 ,
43.41500 ,30.39964 ,
45.87246 ,32.12036 ,
48.32990 ,33.84110 ,
50.78736 ,35.56184 ,
53.24481 ,37.28257 ,
53.79092 ,37.66496 ,
54.33701 ,38.04734 ,
54.88312 ,38.42973 ,
40.45079 ,29.38934 ,
42.87784 ,31.15271 ,
45.30489 ,32.91606 ,
47.73193 ,34.67942 ,
50.15898 ,36.44279 ,
52.58603 ,38.20615 ,
53.12538 ,38.59800 ,
53.66472 ,38.98986 ,
54.20407 ,39.38172 ,
39.93171 ,30.09083 ,
42.32762 ,31.89628 ,
44.72352 ,33.70173 ,
47.11942 ,35.50718 ,
49.51533 ,37.31263 ,
51.91123 ,39.11808 ,
52.44366 ,39.51929 ,
52.97607 ,39.92051 ,
53.50850 ,40.32172 ,
39.40047 ,30.78315 ,
41.76450 ,32.63015 ,
44.12853 ,34.47713 ,
46.49256 ,36.32412 ,
48.85659 ,38.17112 ,
51.22061 ,40.01810 ,
51.74596 ,40.42855 ,
52.27129 ,40.83899 ,
52.79664 ,41.24943 ,
38.85723 ,31.46610 ,
41.18867 ,33.35407 ,
43.52010 ,35.24203 ,
45.85153 ,37.13000 ,
48.18297 ,39.01797 ,
50.51440 ,40.90594 ,
51.03250 ,41.32548 ,
51.55059 ,41.74503 ,
52.06869 ,42.16458 ,
38.30215 ,32.13946 ,
40.60028 ,34.06784 ,
42.89841 ,35.99620 ,
45.19654 ,37.92456 ,
47.49467 ,39.85294 ,
49.79280 ,41.78131 ,
50.30350 ,42.20983 ,
50.81419 ,42.63836 ,
51.32489 ,43.06688 ,
37.73540 ,32.80303 ,
39.99953 ,34.77122 ,
42.26366 ,36.73940 ,
44.52778 ,38.70758 ,
46.79190 ,40.67577 ,
49.05602 ,42.64395 ,
49.55917 ,43.08132 ,
50.06230 ,43.51870 ,
50.56545 ,43.95607 ,
37.15716 ,33.45661 ,
39.38659 ,35.46402 ,
41.61603 ,37.47141 ,
43.84545 ,39.47880 ,
46.07489 ,41.48621 ,
48.30431 ,43.49360 ,
48.79975 ,43.93969 ,
49.29517 ,44.38578 ,
49.79060 ,44.83187 ,
36.56760 ,34.10000 ,
38.76166 ,36.14601 ,
40.95572 ,38.19200 ,
43.14977 ,40.23800 ,
45.34383 ,42.28401 ,
47.53788 ,44.33001 ,
48.02546 ,44.78467 ,
48.51302 ,45.23934 ,
49.00059 ,45.69401 ,
35.96690 ,34.73300 ,
38.12492 ,36.81699 ,
40.28294 ,38.90096 ,
42.44095 ,40.98494 ,
44.59897 ,43.06893 ,
46.75698 ,45.15291 ,
47.23654 ,45.61602 ,
47.71609 ,46.07912 ,
48.19566 ,46.54223 ,
35.35525 ,35.35542 ,
37.47657 ,37.47675 ,
39.59788 ,39.59807 ,
41.71920 ,41.71940 ,
43.84051 ,43.84073 ,
45.96182 ,45.96206 ,
46.43324 ,46.43346 ,
46.90463 ,46.90487 ,
47.37604 ,47.37627 ,
34.73282 ,35.96707 ,
36.81680 ,38.12511 ,
38.90077 ,40.28312 ,
40.98474 ,42.44115 ,
43.06871 ,44.59918 ,
45.15267 ,46.75720 ,
45.61578 ,47.23676 ,
46.07888 ,47.71633 ,
46.54199 ,48.19589 ,
34.09982 ,36.56777 ,
36.14581 ,38.76184 ,
38.19181 ,40.95590 ,
40.23779 ,43.14997 ,
42.28378 ,45.34404 ,
44.32977 ,47.53811 ,
44.78444 ,48.02568 ,
45.23910 ,48.51325 ,
45.69377 ,49.00082 ,
33.45643 ,37.15733 ,
35.46382 ,39.38677 ,
37.47121 ,41.61620 ,
39.47859 ,43.84564 ,
41.48598 ,46.07509 ,
43.49336 ,48.30453 ,
43.93945 ,48.79996 ,
44.38553 ,49.29539 ,
44.83162 ,49.79082 ,
32.80285 ,37.73556 ,
34.77102 ,39.99970 ,
36.73919 ,42.26383 ,
38.70736 ,44.52796 ,
40.67554 ,46.79211 ,
42.64370 ,49.05624 ,
43.08108 ,49.55938 ,
43.51844 ,50.06252 ,
43.95582 ,50.56566 ,
32.13927 ,38.30231 ,
34.06763 ,40.60045 ,
35.99599 ,42.89858 ,
37.92434 ,45.19672 ,
39.85270 ,47.49487 ,
41.78106 ,49.79301 ,
42.20959 ,50.30370 ,
42.63810 ,50.81440 ,
43.06663 ,51.32510 ,
31.46591 ,38.85738 ,
33.35386 ,41.18883 ,
35.24182 ,43.52027 ,
37.12977 ,45.85171 ,
39.01773 ,48.18316 ,
40.90568 ,50.51460 ,
41.32523 ,51.03270 ,
41.74477 ,51.55080 ,
42.16432 ,52.06890 ,
30.78296 ,39.40062 ,
32.62994 ,41.76467 ,
34.47692 ,44.12870 ,
36.32389 ,46.49273 ,
38.17087 ,48.85678 ,
40.01785 ,51.22082 ,
40.42829 ,51.74616 ,
40.83873 ,52.27150 ,
41.24917 ,52.79684 ,
30.09063 ,39.93186 ,
31.89607 ,42.32778 ,
33.70151 ,44.72368 ,
35.50695 ,47.11959 ,
37.31239 ,49.51551 ,
39.11782 ,51.91142 ,
39.51904 ,52.44385 ,
39.92024 ,52.97627 ,
40.32145 ,53.50870 ,
29.38914 ,40.45093 ,
31.15249 ,42.87800 ,
32.91584 ,45.30505 ,
34.67919 ,47.73210 ,
36.44254 ,50.15916 ,
38.20588 ,52.58622 ,
38.59774 ,53.12557 ,
38.98959 ,53.66491 ,
39.38145 ,54.20426 ,
28.67870 ,40.95768 ,
30.39942 ,43.41515 ,
32.12015 ,45.87261 ,
33.84086 ,48.33007 ,
35.56159 ,50.78754 ,
37.28230 ,53.24500 ,
37.66469 ,53.79110 ,
38.04707 ,54.33720 ,
38.42946 ,54.88331 ,
27.95952 ,41.45196 ,
29.63709 ,43.93909 ,
31.31466 ,46.42620 ,
32.99223 ,48.91331 ,
34.66980 ,51.40044 ,
36.34737 ,53.88756 ,
36.72017 ,54.44025 ,
37.09296 ,54.99294 ,
37.46576 ,55.54564 ,
27.23182 ,41.93361 ,
28.86573 ,44.44963 ,
30.49964 ,46.96564 ,
32.13355 ,49.48166 ,
33.76746 ,51.99768 ,
35.40136 ,54.51370 ,
35.76446 ,55.07282 ,
36.12754 ,55.63193 ,
36.49064 ,56.19105 ,
26.49583 ,42.40249 ,
28.08558 ,44.94664 ,
29.67533 ,47.49078 ,
31.26508 ,50.03493 ,
32.85483 ,52.57909 ,
34.44457 ,55.12324 ,
34.79786 ,55.68861 ,
35.15113 ,56.25397 ,
35.50441 ,56.81934 ,
25.75176 ,42.85844 ,
27.29687 ,45.42996 ,
28.84198 ,48.00146 ,
30.38708 ,50.57296 ,
31.93219 ,53.14448 ,
33.47729 ,55.71598 ,
33.82065 ,56.28743 ,
34.16400 ,56.85888 ,
34.50737 ,57.43032 ,
24.99985 ,43.30135 ,
26.49985 ,45.89944 ,
27.99984 ,48.49751 ,
29.49983 ,51.09559 ,
30.99982 ,53.69368 ,
32.49981 ,56.29176 ,
32.83315 ,56.86911 ,
33.16647 ,57.44646 ,
33.49981 ,58.02382 ,
24.24033 ,43.73106 ,
25.69475 ,46.35493 ,
27.14918 ,48.97879 ,
28.60359 ,51.60265 ,
30.05802 ,54.22653 ,
31.51243 ,56.85039 ,
31.83564 ,57.43347 ,
32.15884 ,58.01655 ,
32.48205 ,58.59963 ,
23.47343 ,44.14746 ,
24.88183 ,46.79631 ,
26.29024 ,49.44515 ,
27.69864 ,52.09400 ,
29.10705 ,54.74285 ,
30.51545 ,57.39170 ,
30.82844 ,57.98033 ,
31.14141 ,58.56896 ,
31.45440 ,59.15760 ,
22.69937 ,44.55040 ,
24.06133 ,47.22343 ,
25.42330 ,49.89645 ,
26.78526 ,52.56947 ,
28.14722 ,55.24251 ,
29.50918 ,57.91553 ,
29.81184 ,58.50954 ,
30.11449 ,59.10354 ,
30.41716 ,59.69755 ,
21.91840 ,44.93978 ,
23.23350 ,47.63617 ,
24.54861 ,50.33255 ,
25.86371 ,53.02894 ,
27.17882 ,55.72533 ,
28.49392 ,58.42171 ,
28.78617 ,59.02091 ,
29.07841 ,59.62011 ,
29.37066 ,60.21931 ,
21.13075 ,45.31546 ,
22.39859 ,48.03440 ,
23.66644 ,50.75332 ,
24.93429 ,53.47224 ,
26.20213 ,56.19118 ,
27.46997 ,58.91011 ,
27.75172 ,59.51431 ,
28.03346 ,60.11852 ,
28.31521 ,60.72273 ,
20.33666 ,45.67734 ,
21.55686 ,48.41799 ,
22.77707 ,51.15863 ,
23.99727 ,53.89926 ,
25.21747 ,56.63991 ,
26.43766 ,59.38055 ,
26.70882 ,59.98959 ,
26.97997 ,60.59861 ,
27.25114 ,61.20765 ,
19.53638 ,46.02531 ,
20.70857 ,48.78684 ,
21.88076 ,51.54835 ,
23.05294 ,54.30987 ,
24.22512 ,57.07139 ,
25.39730 ,59.83291 ,
25.65779 ,60.44658 ,
25.91827 ,61.06025 ,
26.17876 ,61.67393 ,
18.73015 ,46.35926 ,
19.85396 ,49.14082 ,
20.97778 ,51.92237 ,
22.10158 ,54.70393 ,
23.22539 ,57.48549 ,
24.34920 ,60.26704 ,
24.59894 ,60.88517 ,
24.84867 ,61.50329 ,
25.09841 ,62.12142 ,
17.91822 ,46.67909 ,
18.99331 ,49.47984 ,
20.06841 ,52.28058 ,
21.14350 ,55.08132 ,
22.21859 ,57.88207 ,
23.29368 ,60.68282 ,
23.53260 ,61.30521 ,
23.77150 ,61.92759 ,
24.01042 ,62.54998 ,
17.10082 ,46.98469 ,
18.12687 ,49.80378 ,
19.15293 ,52.62286 ,
20.17897 ,55.44194 ,
21.20502 ,58.26103 ,
22.23107 ,61.08011 ,
22.45909 ,61.70657 ,
22.68709 ,62.33303 ,
22.91511 ,62.95950 ,
16.27822 ,47.27599 ,
17.25491 ,50.11255 ,
18.23161 ,52.94911 ,
19.20830 ,55.78567 ,
20.18500 ,58.62223 ,
21.16169 ,61.45879 ,
21.37874 ,62.08914 ,
21.59577 ,62.71948 ,
21.81282 ,63.34983 ,
15.45066 ,47.55288 ,
16.37770 ,50.40606 ,
17.30474 ,53.25923 ,
18.23178 ,56.11240 ,
19.15882 ,58.96558 ,
20.08586 ,61.81875 ,
20.29187 ,62.45280 ,
20.49787 ,63.08683 ,
20.70389 ,63.72087 ,
14.61839 ,47.81529 ,
15.49549 ,50.68422 ,
16.37260 ,53.55313 ,
17.24970 ,56.42205 ,
18.12681 ,59.29097 ,
19.00391 ,62.15989 ,
19.19882 ,62.79743 ,
19.39373 ,63.43496 ,
19.58865 ,64.07250 ,
13.78167 ,48.06314 ,
14.60857 ,50.94693 ,
15.43548 ,53.83072 ,
16.26237 ,56.71450 ,
17.08927 ,59.59830 ,
17.91617 ,62.48208 ,
18.09993 ,63.12293 ,
18.28368 ,63.76377 ,
18.46744 ,64.40461 ,
12.94075 ,48.29634 ,
13.71720 ,51.19413 ,
14.49365 ,54.09190 ,
15.27009 ,56.98968 ,
16.04653 ,59.88747 ,
16.82297 ,62.78525 ,
16.99552 ,63.42920 ,
17.16806 ,64.07315 ,
17.34061 ,64.71711 ,
12.09589 ,48.51483 ,
12.82164 ,51.42573 ,
13.54740 ,54.33662 ,
14.27315 ,57.24750 ,
14.99890 ,60.15840 ,
15.72465 ,63.06929 ,
15.88594 ,63.71616 ,
16.04721 ,64.36302 ,
16.20850 ,65.00989 ,
11.24734 ,48.71855 ,
11.92218 ,51.64167 ,
12.59703 ,54.56478 ,
13.27187 ,57.48789 ,
13.94671 ,60.41101 ,
14.62155 ,63.33412 ,
14.77152 ,63.98370 ,
14.92147 ,64.63328 ,
15.07145 ,65.28286 ,
10.39537 ,48.90742 ,
11.01909 ,51.84187 ,
11.64282 ,54.77631 ,
12.26654 ,57.71076 ,
12.89026 ,60.64521 ,
13.51398 ,63.57965 ,
13.65259 ,64.23176 ,
13.79119 ,64.88385 ,
13.92980 ,65.53595 ,
9.54023 ,49.08140 ,
10.11265 ,52.02629 ,
10.68507 ,54.97117 ,
11.25748 ,57.91605 ,
11.82989 ,60.86094 ,
12.40230 ,63.80582 ,
12.52951 ,64.46024 ,
12.65671 ,65.11466 ,
12.78392 ,65.76908 ,
8.68219 ,49.24042 ,
9.20312 ,52.19485 ,
9.72406 ,55.14928 ,
10.24499 ,58.10370 ,
10.76592 ,61.05813 ,
11.28684 ,64.01255 ,
11.40261 ,64.66910 ,
11.51837 ,65.32563 ,
11.63414 ,65.98218 ,
7.82150 ,49.38445 ,
8.29079 ,52.34752 ,
8.76009 ,55.31058 ,
9.22937 ,58.27365 ,
9.69866 ,61.23672 ,
10.16795 ,64.19979 ,
10.27224 ,64.85825 ,
10.37652 ,65.51671 ,
10.48081 ,66.17517 ,
6.95843 ,49.51343 ,
7.37593 ,52.48424 ,
7.79345 ,55.45505 ,
8.21095 ,58.42585 ,
8.62845 ,61.39666 ,
9.04596 ,64.36747 ,
9.13874 ,65.02765 ,
9.23151 ,65.68782 ,
9.32430 ,66.34801 ,
6.09324 ,49.62733 ,
6.45883 ,52.60498 ,
6.82443 ,55.58261 ,
7.19002 ,58.56025 ,
7.55562 ,61.53790 ,
7.92121 ,64.51554 ,
8.00246 ,65.17724 ,
8.08369 ,65.83893 ,
8.16494 ,66.50063 ,
5.22619 ,49.72611 ,
5.53976 ,52.70969 ,
5.85334 ,55.69325 ,
6.16691 ,58.67682 ,
6.48048 ,61.66039 ,
6.79405 ,64.64396 ,
6.86373 ,65.30697 ,
6.93341 ,65.96998 ,
7.00310 ,66.63300 ,
4.35755 ,49.80975 ,
4.61900 ,52.79834 ,
4.88046 ,55.78692 ,
5.14191 ,58.77551 ,
5.40337 ,61.76410 ,
5.66482 ,64.75268 ,
5.72292 ,65.41682 ,
5.78102 ,66.08094 ,
5.83912 ,66.74508 ,
3.48759 ,49.87821 ,
3.69684 ,52.87091 ,
3.90610 ,55.86360 ,
4.11535 ,58.85629 ,
4.32461 ,61.84899 ,
4.53386 ,64.84168 ,
4.58037 ,65.50673 ,
4.62686 ,66.17177 ,
4.67337 ,66.83682 ,
2.61656 ,49.93148 ,
2.77355 ,52.92738 ,
2.93055 ,55.92327 ,
3.08754 ,58.91915 ,
3.24453 ,61.91505 ,
3.40152 ,64.91094 ,
3.43641 ,65.57669 ,
3.47130 ,66.24244 ,
3.50619 ,66.90820 ,
1.74473 ,49.96955 ,
1.84941 ,52.96773 ,
1.95410 ,55.96589 ,
2.05878 ,58.96406 ,
2.16347 ,61.96224 ,
2.26815 ,64.96041 ,
2.29142 ,65.62668 ,
2.31467 ,66.29294 ,
2.33794 ,66.95920 ,
0.87237 ,49.99238 ,
0.92471 ,52.99193 ,
0.97706 ,55.99147 ,
1.02940 ,58.99102 ,
1.08174 ,61.99057 ,
1.13408 ,64.99011 ,
1.14572 ,65.65668 ,
1.15735 ,66.32324 ,
1.16898 ,66.98981 ,
-0.00025 ,50.00000 ,
-0.00027 ,53.00000 ,
-0.00027 ,56.00000 ,
-0.00029 ,59.00000 ,
-0.00031 ,62.00000 ,
-0.00033 ,65.00000 ,
-0.00033 ,65.66667 ,
-0.00033 ,66.33333 ,
-0.00033 ,67.00000 ,
1,450,inPM
451,720,inAir
