1	1	2	0
*Bs*Hs*
1.746	2498.53456261208
* 初磁化曲線数 * メジャーループ数 * 対称ループ数 * 下降曲線数 * 上昇曲線数 *
1	1	1	0	0
*xxx
200
0.0	0.0
67.97530697199642	0.03333333333333333
89.45702938114532	0.06666666666666667
107.02693801861825	0.1
119.60007551547417	0.125
123.85134295235886	0.1333128205128205
127.75618433447637	0.141625641025641
131.9562909179126	0.14993846153846152
136.2343077301859	0.15825128205128206
140.12983072205643	0.16656410256410256
143.85670597402105	0.17487692307692307
147.30302531991921	0.18318974358974358
151.55204757820397	0.1915025641025641
155.73977023556125	0.19981538461538462
158.67149867984097	0.20812820512820512
161.81562538289052	0.21644102564102563
165.44707512846526	0.22475384615384614
169.17219032697554	0.23306666666666664
172.61789145212617	0.24137948717948715
175.4806293000645	0.24969230769230769
178.5960678985969	0.2580051282051282
182.04702464267442	0.26631794871794867
185.58719182760422	0.27463076923076923
189.07100449276007	0.28294358974358974
192.04840275155556	0.29125641025641025
194.83557553425115	0.29956923076923075
198.83085675494732	0.30788205128205126
202.97023225807027	0.31619487179487177
206.15211233116688	0.3245076923076923
209.8716350783335	0.33282051282051284
212.514077182893	0.3411333333333333
216.21615589421285	0.34944615384615385
219.63559756979205	0.3577589743589743
222.71277020125802	0.36607179487179486
225.4409835326408	0.37438461538461537
228.2959255759584	0.3826974358974359
231.57348306706078	0.3910102564102564
234.90597762293382	0.3993230769230769
237.9340643686305	0.4076358974358974
240.90338508554393	0.4159487179487179
244.02693361780345	0.4242615384615384
247.03300369323193	0.4325743589743589
250.65381832886575	0.4408871794871795
254.2096799206723	0.4492
257.2966541971814	0.4575128205128205
260.26573695267666	0.465825641025641
263.27356892684566	0.4741384615384615
266.33789786067047	0.482451282051282
269.11689001120055	0.4907641025641025
271.8729322570637	0.49907692307692303
274.7868200912968	0.5073897435897435
278.29609874295755	0.5157025641025641
281.59946960786107	0.5240153846153845
284.9526869189621	0.5323282051282051
287.59056608211205	0.5406410256410257
290.3770372917495	0.5489538461538461
293.2577195718359	0.5572666666666666
296.93208255427567	0.5655794871794871
300.41171894563035	0.5738923076923077
303.8706211334936	0.5822051282051282
307.17829208437246	0.5905179487179486
310.5146672124595	0.5988307692307692
314.0570728659544	0.6071435897435897
317.28563376040626	0.6154564102564102
320.519757174672	0.6237692307692307
323.9131832261141	0.6320820512820512
327.4549621523451	0.6403948717948718
330.71572152975494	0.6487076923076922
333.4141112351771	0.6570205128205128
336.0547622712385	0.6653333333333333
339.09875530253566	0.6736461538461538
342.35705712110735	0.6819589743589743
345.7692885953036	0.6902717948717948
348.7307714082095	0.6985846153846154
351.65745064185757	0.7068974358974358
354.6004913638371	0.7152102564102564
357.56967474248165	0.7235230769230768
360.8450477924373	0.7318358974358974
363.7964201921614	0.7401487179487178
367.21635342145504	0.7484615384615384
370.8199608267053	0.756774358974359
374.24539785304296	0.7650871794871794
377.4033727626548	0.7734
380.7313254781474	0.7817128205128204
383.6586993843859	0.790025641025641
387.80941522127085	0.7983384615384614
391.6453192350783	0.806651282051282
395.47572735989246	0.8149641025641025
400.5682352055627	0.823276923076923
404.00891931232997	0.8315897435897435
407.32213727049685	0.839902564102564
411.57220119287774	0.8482153846153846
415.0511443430277	0.856528205128205
418.5612774554085	0.8648410256410256
423.0630022108868	0.8731538461538461
426.4051787433218	0.8814666666666666
429.3933591114857	0.8897794871794871
433.055161672474	0.8980923076923076
436.4902974226396	0.9064051282051281
440.3134695265706	0.9147179487179486
444.34548143293574	0.9230307692307691
449.025001354716	0.9313435897435897
453.45341189003136	0.9396564102564102
457.23158820680715	0.9479692307692307
461.3112906275976	0.9562820512820512
465.2916853103836	0.9645948717948717
469.87362731468403	0.9729076923076923
474.5688076198113	0.9812205128205127
479.48024633325235	0.9895333333333333
483.7806126924856	0.9978461538461537
488.71207736582727	1.0061589743589743
493.4185191543489	1.014471794871795
498.64097562145497	1.0227846153846154
502.9483839656426	1.0310974358974359
507.8436033768389	1.0394102564102563
513.2855687002776	1.0477230769230768
517.8446203364814	1.0560358974358972
522.377308526643	1.0643487179487179
526.7937303813707	1.0726615384615383
531.0707374697336	1.080974358974359
535.0246675000939	1.0892871794871795
539.997912323525	1.0976
544.8066834360217	1.1059128205128204
550.6824529969938	1.1142256410256408
556.0981111094271	1.1225384615384615
560.861869103976	1.130851282051282
566.5575822280044	1.1391641025641024
571.635755633226	1.147476923076923
578.3548109150001	1.1557897435897435
584.4157431643549	1.164102564102564
589.7233951415898	1.1724153846153844
595.5987224320932	1.180728205128205
601.0558099680374	1.1890410256410255
607.2161581150576	1.197353846153846
614.0383578521622	1.2056666666666667
620.1288354801696	1.2139794871794871
625.6828190242319	1.2222923076923076
631.9546280926287	1.230605128205128
639.7142878256931	1.2389179487179487
645.719152527667	1.2472307692307691
653.7995811342342	1.2555435897435896
663.3445272837167	1.26385641025641
671.2770941950604	1.2721692307692307
680.4570166199862	1.2804820512820512
689.8413150300644	1.2887948717948716
698.9480864365097	1.2971076923076923
706.7651806386942	1.3054205128205127
714.5022934730281	1.3137333333333332
721.7750170487543	1.3220461538461536
729.8753769865751	1.3303589743589743
738.5792441858788	1.3386717948717948
745.9305498779112	1.3469846153846152
757.3598966396838	1.3552974358974357
766.3146776163926	1.3636102564102563
774.1471031982225	1.3719230769230768
785.6274950046025	1.3802358974358973
795.5083369107623	1.388548717948718
806.4280160026698	1.3968615384615384
818.7409487777428	1.4051743589743588
832.0815477154563	1.4134871794871793
844.6863647315416	1.4218
858.0957396544143	1.4301128205128204
871.6501822447472	1.4384256410256409
884.2893364491167	1.4467384615384613
897.3419396120183	1.455051282051282
911.2905497370384	1.4633641025641024
926.1499103557065	1.4716769230769229
938.6152729614611	1.4799897435897436
953.0780430543393	1.488302564102564
970.2912823325702	1.4966153846153845
990.7689832320466	1.504928205128205
1007.7541246400207	1.5132410256410256
1026.3985500020226	1.521553846153846
1043.810730653341	1.5298666666666665
1067.5358135368708	1.538179487179487
1091.1512852253088	1.5464923076923076
1115.0728963768245	1.554805128205128
1134.164550481962	1.5631179487179485
1163.4077696488653	1.5714307692307692
1188.1250993968365	1.5797435897435896
1214.8913683311373	1.58805641025641
1246.557142528232	1.5963692307692305
1277.1515232281915	1.6046820512820512
1309.9263185251766	1.6129948717948717
1348.4418781597567	1.6213076923076921
1383.8881780353138	1.6296205128205126
1424.434158427761	1.6379333333333332
1470.1681377589275	1.6462461538461537
1517.5333146129562	1.6545589743589741
1562.9951243531866	1.6628717948717948
1624.1648340589459	1.6711846153846153
1675.8754865538613	1.6794974358974357
1732.953366246095	1.6878102564102562
1804.3469705786038	1.6961230769230768
1883.2596049575216	1.7044358974358973
1975.2590974620325	1.7127487179487177
2067.2658343511453	1.7210615384615382
2182.3936157492985	1.7293743589743589
2324.770518416045	1.7376871794871793
2498.53456261208	1.746
*xxx
400
1781.8620163551561	1.746
709.3807016917044	1.737248120300752
567.482092258338	1.7284962406015039
502.65391152106713	1.7197443609022556
457.128837167307	1.7109924812030075
427.23276666900273	1.7022406015037594
399.3098768711626	1.6934887218045114
379.249050942108	1.684736842105263
359.8271464215546	1.675984962406015
346.77193638269523	1.667233082706767
333.1491419657502	1.658481203007519
318.0801859271784	1.6497293233082706
305.7935169225164	1.6409774436090225
295.140112888632	1.6322255639097745
283.2444241638206	1.6234736842105264
274.8154236163848	1.6147218045112781
265.1875132483739	1.60596992481203
257.01866606622315	1.597218045112782
249.36720955062597	1.588466165413534
240.4323802657169	1.5797142857142856
232.62549344811183	1.5709624060150376
225.20095607190555	1.5622105263157895
218.02671733872177	1.5534586466165414
209.86990293054942	1.5447067669172931
203.6094086169914	1.535954887218045
197.30443526848137	1.527203007518797
190.92866184771322	1.518451127819549
185.71387753217536	1.5096992481203007
180.37401141658484	1.5009473684210526
175.34260868354883	1.4921954887218045
170.65377173172158	1.4834436090225565
165.33322536265547	1.4746917293233084
160.76861673910102	1.46593984962406
156.17727423093103	1.457187969924812
151.79578516155397	1.448436090225564
147.24283438938878	1.4396842105263157
143.46011749727288	1.4309323308270676
138.66207083568352	1.4221804511278195
134.61454080135346	1.4134285714285715
130.9114789208787	1.4046766917293234
127.27329605022518	1.3959248120300751
123.35989525702534	1.387172932330827
119.02715155942508	1.378421052631579
115.25042671461176	1.3696691729323307
111.80669025994642	1.3609172932330826
108.45182445891591	1.3521654135338346
104.94366026072892	1.3434135338345865
101.54198185528901	1.3346616541353384
98.44388802925863	1.3259097744360901
95.01147864977969	1.317157894736842
91.37982113653561	1.308406015037594
87.59187649443254	1.299654135338346
84.72848766710395	1.2909022556390979
81.73603994163621	1.2821503759398496
78.35388930286493	1.2733984962406015
75.26329728352778	1.2646466165413535
72.25470148859982	1.2558947368421052
69.20430426643155	1.247142857142857
65.97414505597739	1.238390977443609
62.540155475743994	1.2296390977443608
59.65525051438767	1.220887218045113
56.61255468499008	1.2121353383458646
53.14939169980898	1.2033834586466166
50.01742495512742	1.1946315789473685
47.00249852505619	1.1858796992481202
44.187773296365904	1.1771278195488724
41.27057941105234	1.168375939849624
38.209233852684925	1.159624060150376
35.242532339799375	1.150872180451128
32.30772175814746	1.1421203007518796
29.435189020616708	1.1333684210526316
26.66570654430579	1.1246165413533835
24.099966294032065	1.1158646616541352
21.48236006845999	1.1071127819548874
18.781969312692805	1.098360902255639
16.02682006931098	1.089609022556391
13.223451876610483	1.080857142857143
10.71000301629388	1.0721052631578947
8.295059329958567	1.0633533834586466
5.799027789901786	1.0546015037593985
3.263755002303875	1.0458496240601503
0.5394952277706913	1.0370977443609024
-2.265861035469208	1.0283458646616541
-4.560153291429316	1.019593984962406
-6.807364050989291	1.010842105263158
-9.037566354275656	1.0020902255639097
-11.260071281150438	0.9933383458646616
-13.544718840888168	0.9845864661654136
-15.90959824105347	0.9758345864661654
-18.20335763927123	0.9670827067669173
-20.346045377974818	0.9583308270676691
-22.488733116678382	0.9495789473684211
-24.8137149805214	0.9408270676691729
-27.14161761587878	0.9320751879699248
-29.784120162663537	0.9233233082706767
-32.48913953690156	0.9145714285714286
-34.66346638541302	0.9058195488721805
-36.829141253828666	0.8970676691729323
-39.041658006514595	0.8883157894736843
-41.27694502226983	0.8795639097744361
-43.56688864828052	0.870812030075188
-45.928167759235734	0.8620601503759399
-48.18936413655248	0.8533082706766918
-50.23210505628006	0.8445563909774436
-52.274845976007626	0.8358045112781955
-54.46462370791582	0.8270526315789474
-56.677535884711425	0.8183007518796993
-58.70485153192479	0.8095488721804511
-60.60962975543118	0.8007969924812031
-62.51440797893759	0.7920451127819549
-64.40721666854111	0.7832932330827068
-66.29971490862278	0.7745413533834586
-68.29718665992564	0.7657894736842106
-70.50772474730722	0.7570375939849624
-72.70587323384763	0.7482857142857143
-74.7284256305664	0.7395338345864662
-76.75097802728514	0.7307819548872181
-78.76222317527676	0.72203007518797
-80.7656531600362	0.7132781954887217
-82.7759830767469	0.7045263157894737
-84.85353364538045	0.6957744360902256
-86.93108421401399	0.6870225563909775
-88.91386098135824	0.6782706766917292
-90.85285361507961	0.6695187969924812
-92.81626890067793	0.6607669172932331
-94.99292513860364	0.652015037593985
-97.16958137652941	0.6432631578947368
-99.30729077353232	0.6345112781954887
-101.43546711655408	0.6257593984962406
-103.62710962635406	0.6170075187969926
-105.8958285839167	0.6082556390977445
-108.11352189285451	0.5995037593984962
-110.17438565936916	0.5907518796992481
-112.23524942588382	0.5820000000000001
-114.41176709045014	0.573248120300752
-116.61420902498733	0.5644962406015037
-118.76202609501634	0.5557443609022557
-120.8641304592322	0.5469924812030076
-122.95917031247839	0.5382406015037595
-125.0180563645833	0.5294887218045112
-127.07694241668817	0.5207368421052632
-129.22978775283562	0.5119849624060151
-131.41694018306526	0.503233082706767
-133.55943839157075	0.49448120300751874
-135.6460559654932	0.4857293233082707
-137.7498589494121	0.4769774436090226
-140.21380106956096	0.46822556390977454
-142.67263231140942	0.45947368421052626
-144.77780770660067	0.4507218045112782
-146.8829831017919	0.4419699248120301
-149.0292039071602	0.43321804511278206
-151.19883815222434	0.42446616541353377
-153.33529322645813	0.4157142857142857
-155.40436211858847	0.40696240601503764
-157.4734310107188	0.39821052631578957
-159.57650345634943	0.3894586466165413
-161.682899448373	0.3807067669172932
-163.76959051194976	0.37195488721804515
-165.83914541153948	0.3632030075187971
-167.8884509771795	0.3544511278195488
-169.78414101063623	0.34569924812030073
-171.67983104409296	0.33694736842105266
-173.8574099165239	0.3281954887218046
-176.34497546274622	0.31944360902255653
-178.63425466887966	0.31069172932330824
-180.69471316743042	0.3019398496240602
-182.74672014965645	0.2931879699248121
-184.56694905959236	0.28443609022556404
-186.38717796952832	0.27568421052631575
-188.36202281634039	0.2669323308270677
-190.7237679963929	0.2581804511278196
-193.01801946636687	0.24942857142857155
-194.973973830882	0.24067669172932327
-196.92992819539708	0.2319248120300752
-198.88721661505772	0.22317293233082713
-200.84536706123265	0.21442105263157907
-202.80477534730312	0.20566917293233078
-204.78735712337848	0.1969172932330827
-206.76993889945382	0.18816541353383465
-208.76968059954834	0.17941353383458658
-210.7848241390082	0.1706616541353383
-212.80434536625484	0.16190977443609023
-214.92059110872364	0.15315789473684216
-217.03683685119242	0.1444060150375941
-219.1370692783712	0.1356541353383458
-221.2297056161002	0.12690225563909774
-223.3267344137283	0.11815037593984967
-225.43470018173576	0.1093984962406016
-227.54266594974328	0.10064661654135332
-229.90747678761883	0.09189473684210525
-232.2970065951065	0.08314285714285718
-234.4339068980665	0.07439097744360912
-236.51446721151984	0.06563909774436105
-238.62923107188823	0.056887218045112764
-240.79280012211916	0.0481353383458647
-242.95889453226363	0.03938345864661663
-245.14803996159566	0.030631578947368565
-247.33718539092771	0.021879699248120277
-249.31134992487372	0.01312781954887221
-251.2358889651079	0.004375939849624144
-253.2151073802946	-0.004375939849623922
-255.3977748968673	-0.01312781954887221
-257.5804424134399	-0.021879699248120277
-260.2368824023652	-0.030631578947368343
-262.8944318372144	-0.03938345864661641
-264.95464965709544	-0.0481353383458647
-267.0148674769764	-0.056887218045112764
-269.167966658867	-0.06563909774436083
-271.3745573628324	-0.0743909774436089
-273.5689762494212	-0.08314285714285718
-275.7423420153262	-0.09189473684210525
-277.9059906137222	-0.10064661654135332
-279.9262427808702	-0.10939849624060138
-281.9464949480182	-0.11815037593984967
-284.1238898685394	-0.12690225563909774
-286.41228185997977	-0.1356541353383458
-288.5649620478007	-0.14440601503759387
-290.5131562676694	-0.15315789473684216
-292.461350487538	-0.16190977443609023
-294.65425341306025	-0.1706616541353383
-296.89732285874214	-0.17941353383458636
-299.3572918540179	-0.18816541353383465
-301.96273486079735	-0.1969172932330827
-304.2379593356751	-0.20566917293233078
-306.3560466627353	-0.21442105263157885
-308.5665807809354	-0.2231729323308269
-310.97853375823416	-0.2319248120300752
-313.2846048273664	-0.24067669172932327
-315.25447071435366	-0.24942857142857133
-317.2243366013409	-0.2581804511278194
-319.4023881296174	-0.2669323308270677
-321.67020690849796	-0.27568421052631553
-323.8274420155141	-0.2844360902255638
-325.87038356742346	-0.2931879699248121
-327.9191118647234	-0.30193984962405995
-330.1003265993368	-0.31069172932330824
-332.2815413339502	-0.31944360902255653
-334.7159916808115	-0.3281954887218044
-337.23609430698656	-0.33694736842105266
-339.70957656813914	-0.3456992481203005
-342.16843513181703	-0.3544511278195488
-344.7785935306369	-0.3632030075187971
-347.4459335410124	-0.3719548872180449
-349.92392963105414	-0.3807067669172932
-352.36833378719336	-0.3894586466165415
-354.7524560915776	-0.39821052631578935
-357.1216756311873	-0.40696240601503764
-359.5604060413587	-0.4157142857142855
-362.03047233532317	-0.42446616541353377
-364.5489964438882	-0.43321804511278206
-367.0921504741298	-0.4419699248120299
-369.5901185858569	-0.4507218045112782
-372.06825486756526	-0.4594736842105265
-374.8192994391247	-0.4682255639097743
-377.7015567538663	-0.4769774436090226
-380.642121497924	-0.48572932330827046
-383.4823768961608	-0.49448120300751874
-385.9910776179218	-0.503233082706767
-388.5041069409849	-0.5119849624060149
-391.0305545734538	-0.5207368421052632
-393.86279251213114	-0.529488721804511
-397.5525474194645	-0.5382406015037593
-400.74346154886	-0.5469924812030076
-403.76587499786433	-0.5557443609022554
-406.530491020835	-0.5644962406015037
-409.41849652485297	-0.573248120300752
-412.4290213921573	-0.5819999999999999
-415.20396780827	-0.5907518796992481
-417.93383863169015	-0.599503759398496
-420.67080665603925	-0.6082556390977443
-423.4482641396298	-0.6170075187969926
-426.4137934789804	-0.6257593984962404
-429.5400447456579	-0.6345112781954887
-432.83396547877487	-0.643263157894737
-435.6222610569125	-0.6520150375939848
-438.44508934512777	-0.6607669172932331
-441.5222865834581	-0.669518796992481
-444.75960774276626	-0.6782706766917292
-448.1255261016667	-0.6870225563909775
-451.3421151378154	-0.6957744360902254
-454.43498790087614	-0.7045263157894737
-457.4037524904972	-0.713278195488722
-460.67458542105055	-0.7220300751879698
-464.0305815458845	-0.7307819548872181
-467.4210200893056	-0.7395338345864659
-470.90221909746134	-0.7482857142857142
-474.504244515135	-0.7570375939849625
-478.23804466180115	-0.7657894736842104
-481.74545090038725	-0.7745413533834586
-485.7383190784095	-0.7832932330827065
-489.9085302248275	-0.7920451127819548
-493.79170581496777	-0.8007969924812031
-497.08418939644224	-0.8095488721804509
-500.4066802231439	-0.8183007518796992
-503.8019077892089	-0.8270526315789475
-507.4125604208379	-0.8358045112781953
-511.1358971442369	-0.8445563909774436
-514.8115177167667	-0.8533082706766915
-518.5482211858321	-0.8620601503759397
-523.297120692527	-0.870812030075188
-527.4265617249924	-0.8795639097744359
-531.2693180535513	-0.8883157894736842
-535.177962924552	-0.8970676691729325
-539.2127131081417	-0.9058195488721803
-543.3160728705726	-0.9145714285714286
-547.4597543966916	-0.9233233082706764
-553.1808324243084	-0.9320751879699247
-557.9851789766251	-0.940827067669173
-563.0232895155672	-0.9495789473684209
-567.1449670739338	-0.9583308270676691
-571.8917310744152	-0.9670827067669174
-575.8948527987919	-0.9758345864661653
-579.9464344969917	-0.9845864661654136
-584.4585937073566	-0.9933383458646614
-588.9766572445765	-1.0020902255639097
-593.8909943232378	-1.010842105263158
-599.2639324953184	-1.0195939849624058
-604.1324172504967	-1.0283458646616541
-609.7025750437836	-1.0370977443609024
-614.7484940146962	-1.0458496240601503
-619.6981451891993	-1.0546015037593985
-625.1709457788442	-1.0633533834586464
-630.7613362561582	-1.0721052631578947
-635.6184070223546	-1.080857142857143
-641.0120291001289	-1.0896090225563908
-646.9400871896862	-1.098360902255639
-651.8020928730706	-1.107112781954887
-658.588529348559	-1.1158646616541352
-663.9529944673534	-1.1246165413533835
-670.2000058516089	-1.1333684210526314
-675.6780162998119	-1.1421203007518796
-681.5919015762859	-1.150872180451128
-688.3630751347533	-1.1596240601503758
-695.3303107356154	-1.168375939849624
-702.3312433981146	-1.177127819548872
-708.9436979708705	-1.1858796992481202
-715.9661271915265	-1.1946315789473685
-723.5293413571721	-1.2033834586466163
-729.8089617175037	-1.2121353383458646
-737.6981218284519	-1.220887218045113
-744.3621460930624	-1.2296390977443608
-751.0689166417342	-1.238390977443609
-758.9672239597311	-1.2471428571428569
-765.9035281566115	-1.2558947368421052
-773.5707066298584	-1.2646466165413535
-781.5141854724171	-1.2733984962406013
-790.2232651086274	-1.2821503759398496
-797.5862854507466	-1.2909022556390979
-806.6770980004775	-1.2996541353383457
-814.5923603307746	-1.308406015037594
-824.2777751661079	-1.3171578947368419
-834.2182754533839	-1.3259097744360901
-844.2095580851953	-1.3346616541353384
-855.1742599161025	-1.3434135338345863
-865.0094128676067	-1.3521654135338346
-875.0340796650008	-1.3609172932330824
-885.8623235497854	-1.3696691729323307
-896.0620601181727	-1.378421052631579
-907.2289521231259	-1.3871729323308268
-917.1021077854391	-1.3959248120300751
-928.5424628984273	-1.4046766917293234
-940.6618572794519	-1.4134285714285713
-955.2869178233586	-1.4221804511278195
-967.713944775302	-1.4309323308270674
-984.0670237089873	-1.4396842105263157
-998.2100488631824	-1.448436090225564
-1013.8476349209967	-1.4571879699248118
-1028.6838436718688	-1.46593984962406
-1043.251915414506	-1.4746917293233084
-1057.8031575326008	-1.4834436090225562
-1073.121584207787	-1.4921954887218045
-1088.881899722746	-1.5009473684210524
-1106.2749002036153	-1.5096992481203007
-1124.4244695062446	-1.518451127819549
-1144.8031433299905	-1.5272030075187968
-1163.250675656156	-1.535954887218045
-1184.2759951890866	-1.5447067669172934
-1206.542164491387	-1.5534586466165412
-1227.8285114964376	-1.5622105263157895
-1254.6926054392216	-1.5709624060150373
-1275.5221962092994	-1.5797142857142856
-1305.6839879856766	-1.588466165413534
-1327.6647571890155	-1.5972180451127818
-1358.0772830966541	-1.60596992481203
-1388.2816182430645	-1.614721804511278
-1418.3626767136257	-1.6234736842105262
-1454.0205494538402	-1.6322255639097745
-1490.1296867644376	-1.6409774436090223
-1531.164834832032	-1.6497293233082706
-1577.3865364896844	-1.658481203007519
-1624.229767304389	-1.6672330827067667
-1685.315910171075	-1.675984962406015
-1738.679500666409	-1.6847368421052629
-1803.4461436111494	-1.6934887218045112
-1871.4731807707415	-1.7022406015037594
-1960.1148033504385	-1.7109924812030073
-2063.798241313781	-1.7197443609022556
-2181.5168651734657	-1.7284962406015039
-2336.80163337013	-1.7372481203007517
-2499.0512572584194	-1.746
*xxx
400
422.9229229229229	0.873
358.6503721636359	0.868624060150376
333.9358970376221	0.8642481203007519
314.2874367317032	0.8598721804511278
299.56806510700903	0.8554962406015038
285.6605818806918	0.8511203007518797
274.8875411891398	0.8467443609022557
266.2535722971616	0.8423684210526315
258.2497002037841	0.8379924812030075
251.69358923405989	0.8336165413533835
242.75602705960637	0.8292406015037594
233.8407720752371	0.8248646616541353
227.84053916459789	0.8204887218045113
222.925553293952	0.8161127819548872
215.57391866285826	0.8117368421052632
209.63537515232179	0.8073609022556391
204.5698357968059	0.802984962406015
198.71575492572273	0.798609022556391
193.4190639222338	0.794233082706767
188.53976449531802	0.7898571428571428
184.62642893391032	0.7854812030075188
179.65595706018016	0.7811052631578947
175.88299093113724	0.7767293233082707
172.85109433375575	0.7723533834586466
168.89986583867417	0.7679774436090225
164.81289918723647	0.7636015037593985
161.96428495981118	0.7592255639097745
158.69848662425952	0.7548496240601503
155.4803931169714	0.7504736842105263
151.7007650682327	0.7460977443609023
148.55239038785055	0.7417218045112782
146.0052900727235	0.7373458646616542
143.27952512790202	0.73296992481203
139.78759849615724	0.728593984962406
136.71032998401645	0.724218045112782
133.92133342969356	0.7198421052631578
131.26694963383426	0.7154661654135338
128.64660196852813	0.7110902255639098
126.295946572069	0.7067142857142857
123.94717976402838	0.7023383458646617
120.35312940234249	0.6979624060150376
117.29279352904068	0.6935864661654135
114.95335781202388	0.6892105263157895
113.23425245878876	0.6848345864661654
111.21078252295928	0.6804586466165413
108.56851563433422	0.6760827067669173
105.92375551340601	0.6717067669172933
104.04487173148273	0.6673308270676692
101.75985033134928	0.6629548872180451
99.54563269448374	0.658578947368421
97.44351754286133	0.654203007518797
95.4800619314017	0.649827067669173
93.42879648728494	0.6454511278195489
90.93970404331289	0.6410751879699248
88.39361643539891	0.6366992481203008
86.34124676186897	0.6323233082706767
84.28516808779386	0.6279473684210526
82.37891624080873	0.6235714285714286
80.55140439887268	0.6191954887218045
78.29039036618283	0.6148195488721804
76.12883208853779	0.6104436090225565
74.03420200109755	0.6060676691729323
71.994587483151	0.6016917293233083
70.05638502430291	0.5973157894736842
67.98445786981497	0.5929398496240601
65.70439170962199	0.5885639097744362
63.48631899982456	0.584187969924812
61.82479173254288	0.579812030075188
60.302079668436484	0.575436090225564
58.132695389298746	0.5710601503759398
55.847051934351114	0.5666842105263158
53.63636942034539	0.5623082706766918
51.63174299729217	0.5579323308270676
49.29319673768268	0.5535563909774437
47.2913561678396	0.5491804511278195
45.51760912511826	0.5448045112781955
43.814594643674766	0.5404285714285715
42.04105147908184	0.5360526315789473
40.06790848461475	0.5316766917293233
38.237036805590904	0.5273007518796993
36.418312858484	0.5229248120300751
34.440399178377525	0.5185488721804512
32.32589596524891	0.5141729323308271
30.318323900153594	0.509796992481203
28.66870748646083	0.505421052631579
27.10820161024396	0.5010451127819548
25.619371173759276	0.4966691729323308
24.14060513917903	0.4922932330827068
22.668861424797754	0.4879172932330827
21.008785027565324	0.48354135338345866
19.22367773920926	0.47916541353383457
17.34514954695418	0.47478947368421054
15.588614758298357	0.47041353383458645
14.014822516045397	0.4660375939849624
12.524890290417892	0.46166165413533833
11.104016197957076	0.4572857142857143
9.566314708245057	0.45290977443609026
7.9066317180977705	0.4485338345864662
6.296681915287744	0.44415789473684214
4.705472457805174	0.43978195488721805
3.150373786337437	0.435406015037594
1.5995461136820042	0.43103007518796993
-0.5055082780572264	0.4266541353383459
-2.413992098754838	0.4222781954887218
-4.197133206993428	0.4179022556390978
-5.464737645781849	0.4135263157894737
-6.716283841063699	0.40915037593984965
-8.07370437937728	0.40477443609022556
-9.492771929810193	0.40039849624060153
-10.871481739494683	0.39602255639097744
-12.21977035973757	0.3916466165413534
-13.658492962702566	0.3872706766917293
-15.232782950425396	0.3828947368421053
-16.718803104691325	0.3785187969924812
-18.130121875062898	0.37414285714285717
-19.56893152984765	0.3697669172932331
-21.038929152870708	0.36539097744360904
-22.40974227977216	0.361015037593985
-23.672293371449758	0.35663909774436087
-24.953133499133475	0.35226315789473683
-26.329485661884245	0.3478872180451128
-27.71484027307254	0.34351127819548877
-29.349060562052987	0.3391353383458646
-30.953360003819355	0.3347593984962406
-32.465228309918885	0.33038345864661656
-33.9058425020575	0.3260075187969925
-35.187333847467904	0.3216315789473684
-36.475587368806124	0.31725563909774435
-38.01582525338304	0.3128796992481203
-39.54117517473028	0.3085037593984963
-40.96374583165363	0.30412781954887225
-42.393904779363375	0.2997518796992481
-43.92520194196283	0.29537593984962407
-45.41841574967041	0.29100000000000004
-46.71033486914049	0.286624060150376
-48.0022539886106	0.28224812030075186
-49.21419092113429	0.2778721804511278
-50.41668075153725	0.2734962406015038
-51.613146488866974	0.26912030075187976
-52.80257463743293	0.2647443609022556
-53.99244839465591	0.2603684210526316
-55.518199816092604	0.25599248120300755
-57.01395411707571	0.2516165413533835
-58.18123337732911	0.24724060150375937
-59.34851263758247	0.24286466165413534
-60.503872987354924	0.2384887218045113
-61.650500075443205	0.23411278195488727
-62.80318908732809	0.22973684210526313
-64.18823181553655	0.2253609022556391
-65.57327454374503	0.22098496240601506
-66.70840925431554	0.21660902255639103
-67.81971962736029	0.21223308270676688
-69.03310309281774	0.20785714285714285
-70.50873498827016	0.20348120300751882
-71.94393389559703	0.19910526315789479
-73.28360917325614	0.19472932330827064
-74.60172925957016	0.1903533834586466
-75.7513197427288	0.18597744360902257
-76.90091022588743	0.18160150375939854
-78.05203327202838	0.1772255639097744
-79.20432062316993	0.17284962406015036
-80.35822357343207	0.16847368421052633
-81.56601224325655	0.1640977443609023
-82.77380091308102	0.15972180451127826
-84.04908614491879	0.15534586466165412
-85.3681404953736	0.1509699248120301
-86.71178366545227	0.14659398496240605
-88.0941323096503	0.14221804511278202
-89.40367394740346	0.13784210526315788
-90.51825719432135	0.13346616541353384
-91.63284044123925	0.1290902255639098
-92.8173425403482	0.12471428571428578
-94.04001788587539	0.12033834586466163
-95.31952093546153	0.1159624060150376
-96.76605424471518	0.11158646616541357
-98.17255840910373	0.10721052631578953
-99.44595041950524	0.10283458646616539
-100.71934242990672	0.09845864661654136
-102.1918068834174	0.09408270676691732
-103.67844988376117	0.08970676691729329
-104.94748709355498	0.08533082706766915
-106.2087302836616	0.08095488721804511
-107.50595088508821	0.07657894736842108
-108.822920475967	0.07220300751879705
-110.14919162756415	0.0678270676691729
-111.48810116273565	0.06345112781954887
-112.8312765523926	0.059075187969924836
-114.18805668556296	0.0546992481203008
-115.55029503415827	0.05032330827067666
-116.97344204895377	0.045947368421052626
-118.39126124254602	0.04157142857142859
-119.61215619127964	0.03719548872180456
-120.83305114001325	0.032819548872180526
-122.12640844598342	0.028443609022556382
-123.46234788917937	0.02406766917293235
-124.79853735598995	0.019691729323308316
-126.13504534748098	0.015315789473684283
-127.52075610461465	0.010939849624060138
-129.0536166760519	0.006563909774436105
-130.5449589523173	0.002187969924812072
-131.956361689745	-0.002187969924811961
-133.35583522364016	-0.006563909774436105
-134.7228626561004	-0.010939849624060138
-136.0715219130416	-0.015315789473684172
-137.29563448910508	-0.019691729323308205
-138.51974706516856	-0.02406766917293235
-140.0852194938719	-0.028443609022556382
-141.77057170910973	-0.032819548872180415
-143.1383015656811	-0.03719548872180445
-144.50603142225253	-0.04157142857142859
-145.7715996025087	-0.045947368421052626
-147.02111717824593	-0.05032330827067666
-148.37029050857686	-0.05469924812030069
-149.8104859060152	-0.059075187969924836
-151.1336778026902	-0.06345112781954887
-152.33561360207813	-0.0678270676691729
-153.5371112676545	-0.07220300751879694
-154.7313328048467	-0.07657894736842108
-155.92555434203885	-0.08095488721804511
-157.17942255288878	-0.08533082706766915
-158.4719427557024	-0.08970676691729318
-159.75930812050666	-0.09408270676691732
-161.036804584823	-0.09845864661654136
-162.32566797954675	-0.10283458646616539
-163.81839035706423	-0.10721052631578942
-165.2773792607584	-0.11158646616541346
-166.40635256062046	-0.1159624060150376
-167.53532586048246	-0.12033834586466163
-168.65890362046753	-0.12471428571428567
-169.77711032207262	-0.1290902255639097
-170.89531702367773	-0.13346616541353384
-172.30790493444923	-0.13784210526315777
-173.75890279413142	-0.1422180451127819
-175.36925246520903	-0.14659398496240605
-176.96286953624414	-0.15096992481202998
-178.07357210033825	-0.15534586466165412
-179.18427466443234	-0.15972180451127826
-180.40656894750737	-0.1640977443609022
-181.76865455269873	-0.16847368421052633
-183.05343281089873	-0.17284962406015025
-184.15420884071528	-0.1772255639097744
-185.2549848705318	-0.18160150375939854
-186.5191559589792	-0.18597744360902246
-187.87609392299768	-0.1903533834586466
-189.40386055140254	-0.19472932330827075
-191.1154765233981	-0.19910526315789467
-192.63150217237626	-0.20348120300751882
-194.0898405928975	-0.20785714285714274
-195.26069978911136	-0.21223308270676688
-196.34371338554192	-0.21660902255639103
-197.4503922907246	-0.22098496240601495
-198.9010681848369	-0.2253609022556391
-200.32872596558505	-0.22973684210526324
-201.2946096717574	-0.23411278195488716
-202.26049337792978	-0.2384887218045113
-203.23418262882876	-0.24286466165413523
-204.62690811492843	-0.24724060150375937
-206.01963360102812	-0.2516165413533835
-207.21513397649002	-0.25599248120300744
-208.39289524489755	-0.2603684210526316
-209.62783527940954	-0.2647443609022555
-210.9375781822544	-0.26912030075187965
-212.24929958002784	-0.2734962406015038
-213.56896860801146	-0.2778721804511277
-214.88863763599514	-0.28224812030075186
-216.25274603965065	-0.286624060150376
-217.6176591559352	-0.2909999999999999
-218.95578756570234	-0.29537593984962407
-220.288760839346	-0.299751879699248
-221.55531988660815	-0.30412781954887214
-222.785104472161	-0.3085037593984963
-224.08964926280578	-0.3128796992481202
-225.6021198751397	-0.31725563909774435
-227.092854822816	-0.3216315789473685
-228.53945593003482	-0.3260075187969924
-229.96879200602675	-0.33038345864661656
-231.35923076601603	-0.3347593984962405
-232.76319664072844	-0.3391353383458646
-234.2202222422951	-0.34351127819548877
-235.65015478574992	-0.3478872180451127
-236.96827934165756	-0.35226315789473683
-238.2864038975652	-0.356639097744361
-239.61182781968165	-0.3610150375939849
-240.9374362407179	-0.36539097744360904
-242.3000132206109	-0.36976691729323297
-243.6737469541328	-0.3741428571428571
-244.9471397359083	-0.37851879699248125
-246.16367844357376	-0.3828947368421052
-247.3877479789704	-0.3872706766917293
-248.63657163449597	-0.39164661654135324
-249.8853952900216	-0.3960225563909774
-251.22394843129663	-0.40039849624060153
-252.57354899804722	-0.40477443609022545
-254.00655251721636	-0.4091503759398496
-255.4715991896642	-0.41352631578947374
-256.7564547367571	-0.41790225563909766
-257.9730776793326	-0.4222781954887218
-259.382073912754	-0.42665413533834573
-261.1990300910488	-0.4310300751879699
-262.73755026318065	-0.435406015037594
-264.16242138483676	-0.43978195488721794
-265.5011486046564	-0.4441578947368421
-266.79484855591403	-0.44853383458646623
-268.1145270630994	-0.45290977443609015
-269.4739762325962	-0.4572857142857143
-270.8461840343841	-0.4616616541353382
-272.2581627833225	-0.46603759398496236
-273.66381118485447	-0.4704135338345865
-275.0387102234798	-0.47478947368421043
-276.4085418484864	-0.47916541353383457
-277.6647004856476	-0.4835413533834587
-278.92085912280874	-0.48791729323308264
-280.1555056519361	-0.4922932330827068
-281.381513038641	-0.4966691729323307
-282.72446150862226	-0.5010451127819548
-284.30810030858703	-0.505421052631579
-285.7992976837093	-0.5097969924812029
-287.1901251072508	-0.5141729323308271
-288.47088649397796	-0.5185488721804512
-289.568801838582	-0.5229248120300751
-290.66671718318605	-0.5273007518796993
-291.9530853204502	-0.5316766917293232
-293.31610905838	-0.5360526315789473
-294.6933539101781	-0.5404285714285715
-296.0815805451054	-0.5448045112781954
-297.4585449274452	-0.5491804511278195
-298.82210873978397	-0.5535563909774435
-300.37504733123257	-0.5579323308270676
-302.3477048720454	-0.5623082706766918
-303.7959655478188	-0.5666842105263157
-305.1350722594488	-0.5710601503759398
-306.4009942078661	-0.575436090225564
-307.62624518190535	-0.5798120300751879
-308.91989640394917	-0.584187969924812
-310.41356650013057	-0.588563909774436
-311.84305650104545	-0.5929398496240601
-313.11989777040606	-0.5973157894736842
-314.39667536463304	-0.6016917293233082
-315.6594296376085	-0.6060676691729323
-316.922183910584	-0.6104436090225565
-318.4003265257557	-0.6148195488721804
-319.9763807622078	-0.6191954887218045
-321.3712580003424	-0.6235714285714284
-322.72930083394033	-0.6279473684210526
-324.010102583617	-0.6323233082706767
-325.2539820547214	-0.6366992481203007
-326.56580637007306	-0.6410751879699248
-328.0191416736202	-0.6454511278195489
-329.424757601502	-0.6498270676691729
-330.72474881428354	-0.654203007518797
-332.0372018863775	-0.6585789473684209
-333.5430946994973	-0.6629548872180451
-335.04247397391623	-0.6673308270676692
-336.4929750402865	-0.6717067669172931
-337.9673873289139	-0.6760827067669173
-339.6559040199762	-0.6804586466165412
-341.3054023455496	-0.6848345864661654
-342.8877952413011	-0.6892105263157895
-344.58611966712317	-0.6935864661654134
-346.3920313653317	-0.6979624060150376
-347.99393172598803	-0.7023383458646617
-349.56555041285935	-0.7067142857142856
-350.9848590742287	-0.7110902255639098
-352.404167735598	-0.7154661654135337
-354.0450304960478	-0.7198421052631578
-355.70669173690624	-0.724218045112782
-357.4350746836401	-0.7285939849624059
-359.00116372300397	-0.73296992481203
-360.4125042017398	-0.7373458646616542
-361.89758467632254	-0.7417218045112781
-363.4769742114216	-0.7460977443609023
-365.01899192325055	-0.7504736842105262
-366.5346376518729	-0.7548496240601503
-368.10384362623927	-0.7592255639097745
-369.70115460519037	-0.7636015037593984
-371.1754968383551	-0.7679774436090225
-372.62359511713555	-0.7723533834586467
-374.50747138850613	-0.7767293233082706
-376.57415962746086	-0.7811052631578947
-378.78648515129225	-0.7854812030075187
-380.5554296139294	-0.7898571428571428
-382.34548021265255	-0.794233082706767
-384.1728633539419	-0.7986090225563909
-386.02645095898305	-0.802984962406015
-387.87835526490255	-0.807360902255639
-389.6874233162493	-0.8117368421052631
-391.485007034093	-0.8161127819548872
-393.27397171803165	-0.8204887218045112
-395.952959692839	-0.8248646616541353
-398.0235371742637	-0.8292406015037594
-400.07319160944604	-0.8336165413533834
-402.2591873734612	-0.8379924812030075
-404.5727823768921	-0.8423684210526314
-406.58830032630004	-0.8467443609022556
-408.57216117023864	-0.8511203007518797
-410.7125072907682	-0.8554962406015036
-412.39047069335476	-0.8598721804511278
-414.04914626592847	-0.8642481203007519
-416.0895498419601	-0.8686240601503759
-416.7956745534324	-0.873
* ----- 回転ヒステリシス損
* B数 *
0
* B * 損失
* ----- 異方性
* B数 * 角度数 *
0	0
* B * H ･････ *　磁化容易軸
* B * H ･････ *　磁化困難軸

End of hysteresis data set 0

1	1	2	1
*Bs*Hs*
1.746	2498.53456261208
* 初磁化曲線数 * メジャーループ数 * 対称ループ数 * 下降曲線数 * 上昇曲線数 *
1	1	1	0	0
*xxx
200
0.0	0.0
69.88685315794778	0.03333333333333333
90.39397253376127	0.06666666666666667
107.5528653286862	0.1
121.53129776098837	0.125
125.67598883953826	0.1333128205128205
129.47163122050603	0.141625641025641
133.31253054156136	0.14993846153846152
137.38034655489113	0.15825128205128206
141.45801136232112	0.16656410256410256
145.80618593181458	0.17487692307692307
149.43377679468222	0.18318974358974358
153.07587045561795	0.1915025641025641
156.06355772910828	0.19981538461538462
160.4874742584195	0.20812820512820512
164.1994303170834	0.21644102564102563
167.32844474325526	0.22475384615384614
171.23580455714773	0.23306666666666664
174.73365519942305	0.24137948717948715
178.6261949625007	0.24969230769230769
182.29598119570412	0.2580051282051282
185.76496914369602	0.26631794871794867
189.1993300697807	0.27463076923076923
193.5083878826907	0.28294358974358974
197.06993583302378	0.29125641025641025
200.30626773480344	0.29956923076923075
203.26934196894612	0.30788205128205126
206.7927137556018	0.31619487179487177
210.35316382786485	0.3245076923076923
213.14925615054509	0.33282051282051284
215.45120297567155	0.3411333333333333
218.61906079487815	0.34944615384615385
221.50063051526013	0.3577589743589743
224.52238301456504	0.36607179487179486
227.93715536779195	0.37438461538461537
231.0776589208249	0.3826974358974359
234.34712528789606	0.3910102564102564
237.417483834708	0.3993230769230769
240.84161806873377	0.4076358974358974
243.909455213919	0.4159487179487179
247.60336020073925	0.4242615384615384
250.7406225150267	0.4325743589743589
253.92648970706927	0.4408871794871795
257.01173580441605	0.4492
260.1696372746612	0.4575128205128205
263.2905951559325	0.465825641025641
266.01056757600304	0.4741384615384615
269.000619587912	0.482451282051282
272.00322259072897	0.4907641025641025
275.08287748612156	0.49907692307692303
278.05862284315936	0.5073897435897435
281.2309187551771	0.5157025641025641
284.51068901267945	0.5240153846153845
288.1806051040014	0.5323282051282051
291.42020941087543	0.5406410256410257
294.5039949818592	0.5489538461538461
297.96411350674583	0.5572666666666666
301.7577591916443	0.5655794871794871
305.0323213935468	0.5738923076923077
308.18755880576236	0.5822051282051282
311.2895602693419	0.5905179487179486
314.3962478977572	0.5988307692307692
317.56273137040193	0.6071435897435897
320.546048531013	0.6154564102564102
323.9420368528221	0.6237692307692307
326.96165304076624	0.6320820512820512
329.796208550106	0.6403948717948718
333.2992214330526	0.6487076923076922
336.0810334828372	0.6570205128205128
339.8199176489305	0.6653333333333333
342.8658413142516	0.6736461538461538
345.59561634656535	0.6819589743589743
348.6922128106049	0.6902717948717948
352.45763633897076	0.6985846153846154
355.2709503403663	0.7068974358974358
358.88723591366903	0.7152102564102564
361.5387827442641	0.7235230769230768
364.3042314903534	0.7318358974358974
367.70229615494173	0.7401487179487178
370.9299373803704	0.7484615384615384
373.82557735229	0.756774358974359
377.09774348985394	0.7650871794871794
379.8553004078315	0.7734
383.819143315542	0.7817128205128204
387.6168302380971	0.790025641025641
391.544455417951	0.7983384615384614
395.5986382761659	0.806651282051282
399.111050656171	0.8149641025641025
402.8762801575036	0.823276923076923
406.59888956092857	0.8315897435897435
410.0963218888245	0.839902564102564
412.983791827225	0.8482153846153846
417.0279098948563	0.856528205128205
420.21241906676033	0.8648410256410256
423.91445823346635	0.8731538461538461
427.1833686339284	0.8814666666666666
430.5839813963114	0.8897794871794871
433.91345262354224	0.8980923076923076
438.3641887620768	0.9064051282051281
443.07594328656967	0.9147179487179486
447.1065283886518	0.9230307692307691
452.2568001069116	0.9313435897435897
456.10341235417866	0.9396564102564102
460.39801477976823	0.9479692307692307
464.0155707473854	0.9562820512820512
467.9739385390719	0.9645948717948717
472.90558178172097	0.9729076923076923
477.0488047868512	0.9812205128205127
480.9380223627999	0.9895333333333333
484.58241264933423	0.9978461538461537
488.99799272203103	1.0061589743589743
494.0426006717318	1.014471794871795
499.4113392809876	1.0227846153846154
504.56154224222297	1.0310974358974359
508.84426930611414	1.0394102564102563
514.0308050116311	1.0477230769230768
518.4992086854963	1.0560358974358972
522.7520266926011	1.0643487179487179
528.940338862199	1.0726615384615383
533.575355846448	1.080974358974359
539.2470100288473	1.0892871794871795
544.8158314040688	1.0976
549.3952110887014	1.1059128205128204
555.0934737740623	1.1142256410256408
560.4682777113966	1.1225384615384615
566.9789955789437	1.130851282051282
572.8624317379941	1.1391641025641024
578.4299801050871	1.147476923076923
583.8637153358424	1.1557897435897435
590.0740640481499	1.164102564102564
595.1173216144305	1.1724153846153844
600.7393471784987	1.180728205128205
606.4937742781643	1.1890410256410255
612.795763656089	1.197353846153846
618.0833764769269	1.2056666666666667
624.6295354530222	1.2139794871794871
630.5916945261138	1.2222923076923076
637.4754288523193	1.230605128205128
643.7181179180702	1.2389179487179487
650.2417162584089	1.2472307692307691
657.6162501824228	1.2555435897435896
663.4536695752768	1.26385641025641
671.6308166915937	1.2721692307692307
678.1536943062329	1.2804820512820512
685.8561758406333	1.2887948717948716
695.8191800635984	1.2971076923076923
704.587506783597	1.3054205128205127
711.4833643760554	1.3137333333333332
721.188766558849	1.3220461538461536
729.9709845549695	1.3303589743589743
738.644182806542	1.3386717948717948
748.2343683311949	1.3469846153846152
759.6309337820336	1.3552974358974357
770.182653939629	1.3636102564102563
779.7655267352221	1.3719230769230768
790.4429134087447	1.3802358974358973
800.2575320067845	1.388548717948718
811.5773946909377	1.3968615384615384
823.1709014681526	1.4051743589743588
834.6120652337024	1.4134871794871793
846.0477564450746	1.4218
860.0226873281204	1.4301128205128204
871.742394437764	1.4384256410256409
887.0933457254413	1.4467384615384613
901.9032274224194	1.455051282051282
916.266006944283	1.4633641025641024
932.3158393098807	1.4716769230769229
943.9515496557169	1.4799897435897436
960.7036195245304	1.488302564102564
983.0569320697363	1.4966153846153845
999.9626037571696	1.504928205128205
1017.6555717497472	1.5132410256410256
1033.6787213880452	1.521553846153846
1053.8879785400131	1.5298666666666665
1072.0983287564293	1.538179487179487
1092.5202123457696	1.5464923076923076
1118.0547941606908	1.554805128205128
1140.9691662145324	1.5631179487179485
1167.2811255875604	1.5714307692307692
1191.3138164417815	1.5797435897435896
1219.8819311273198	1.58805641025641
1249.9864136480446	1.5963692307692305
1287.7377064951572	1.6046820512820512
1317.34786740867	1.6129948717948717
1353.668822834347	1.6213076923076921
1397.5998449890874	1.6296205128205126
1438.0379375110585	1.6379333333333332
1481.3095658680843	1.6462461538461537
1529.4666524323684	1.6545589743589741
1583.628546797417	1.6628717948717948
1637.5484177210346	1.6711846153846153
1691.3242559896512	1.6794974358974357
1751.611892494545	1.6878102564102562
1816.110673188392	1.6961230769230768
1891.668354830445	1.7044358974358973
1990.6964091473571	1.7127487179487177
2098.966691585427	1.7210615384615382
2227.5873638627527	1.7293743589743589
2363.675140957021	1.7376871794871793
2500.0	1.746
*xxx
400
2500.0	1.746
722.844306677997	1.737248120300752
570.0083636312413	1.7284962406015039
504.4774366016347	1.7197443609022556
460.2990869122889	1.7109924812030075
428.91359591964635	1.7022406015037594
402.59329491678074	1.6934887218045114
381.30338495353686	1.684736842105263
363.6915629794328	1.675984962406015
347.54487063515626	1.667233082706767
331.9800247794707	1.658481203007519
318.00226110014563	1.6497293233082706
305.91370601538074	1.6409774436090225
296.061294231349	1.6322255639097745
284.68388069788443	1.6234736842105264
275.2016103319998	1.6147218045112781
267.98470562405674	1.60596992481203
260.4486620911313	1.597218045112782
251.8452595763894	1.588466165413534
243.15861411002493	1.5797142857142856
233.27943268387392	1.5709624060150376
225.75736801059813	1.5622105263157895
218.27251859140262	1.5534586466165414
212.331829435655	1.5447067669172931
204.64114787709872	1.535954887218045
198.3994988428084	1.527203007518797
192.81154232830028	1.518451127819549
187.93705509150385	1.5096992481203007
182.0944098616167	1.5009473684210526
177.09949388541014	1.4921954887218045
171.29769169830467	1.4834436090225565
166.31228196898624	1.4746917293233084
162.6017858908927	1.46593984962406
157.59772194133944	1.457187969924812
153.5007072585973	1.448436090225564
148.13133809139606	1.4396842105263157
143.78058693459477	1.4309323308270676
139.28305216914342	1.4221804511278195
134.72307027138555	1.4134285714285715
130.62202379889163	1.4046766917293234
126.79110657704324	1.3959248120300751
122.54678348099257	1.387172932330827
118.80410014976012	1.378421052631579
115.2306659527196	1.3696691729323307
111.79570346072668	1.3609172932330826
108.5396325278266	1.3521654135338346
105.36343045598686	1.3434135338345865
102.12999956973788	1.3346616541353384
98.25372851182316	1.3259097744360901
94.87490969713494	1.317157894736842
91.64717160393806	1.308406015037594
88.53346570257204	1.299654135338346
84.72604348428987	1.2909022556390979
81.0782476512722	1.2821503759398496
77.93432889077921	1.2733984962406015
74.55494523949454	1.2646466165413535
71.17607258533064	1.2558947368421052
67.83977407953188	1.247142857142857
64.94184045684013	1.238390977443609
62.061511911680384	1.2296390977443608
59.07535017397263	1.220887218045113
55.853901552196824	1.2121353383458646
52.395223123244136	1.2033834586466166
49.05736486662376	1.1946315789473685
45.78685935726129	1.1858796992481202
42.571981893315794	1.1771278195488724
39.8927077733618	1.168375939849624
37.17567561661805	1.159624060150376
34.143483234833745	1.150872180451128
31.188996774430727	1.1421203007518796
28.322588513836703	1.1333684210526316
25.673293444713796	1.1246165413533835
23.107334584006832	1.1158646616541352
20.32350417043833	1.1071127819548874
17.476688017362424	1.098360902255639
14.718228948200524	1.089609022556391
12.031068284814634	1.080857142857143
9.628423517136197	1.0721052631578947
7.19870494019429	1.0633533834586466
4.56516877676887	1.0546015037593985
1.8952158069602374	1.0458496240601503
-0.9063183160487722	1.0370977443609024
-3.468422402957083	1.0283458646616541
-5.7134613573293525	1.019593984962406
-7.968839753106694	1.010842105263158
-10.26534837285941	1.0020902255639097
-12.561301025080098	0.9933383458646616
-14.831934729809017	0.9845864661654136
-17.102568434537964	0.9758345864661654
-19.424920798097574	0.9670827067669173
-21.758837955482207	0.9583308270676691
-24.086241245748006	0.9495789473684211
-26.41047650866491	0.9408270676691729
-28.98050942526614	0.9320751879699248
-31.777987755303254	0.9233233082706767
-34.22972982063788	0.9145714285714286
-36.553776351053386	0.9058195488721805
-38.883490334341154	0.8970676691729323
-41.21736419312642	0.8883157894736843
-43.574700392589236	0.8795639097744361
-45.96286034967131	0.870812030075188
-48.22533315502319	0.8620601503759399
-50.23991352344743	0.8533082706766918
-52.25449389187169	0.8445563909774436
-54.21077751886491	0.8358045112781955
-56.15693843747957	0.8270526315789474
-58.097606905609304	0.8183007518796993
-60.02417410563117	0.8095488721804511
-61.95074130565301	0.8007969924812031
-64.02891459556605	0.7920451127819549
-66.17763826744319	0.7832932330827068
-68.3212406799021	0.7745413533834586
-70.4554621733875	0.7657894736842106
-72.58840935142766	0.7570375939849624
-74.5636888529509	0.7482857142857143
-76.53896835447418	0.7395338345864662
-78.55787097148654	0.7307819548872181
-80.62514425972796	0.72203007518797
-82.69019589470636	0.7132781954887217
-84.71565404302137	0.7045263157894737
-86.74111219133638	0.6957744360902256
-88.90361741366237	0.6870225563909775
-91.16451845736532	0.6782706766917292
-93.34507483588149	0.6695187969924812
-95.38786172461653	0.6607669172932331
-97.43064861335156	0.652015037593985
-99.61904527943055	0.6432631578947368
-101.82040116995294	0.6345112781954887
-103.9694412578694	0.6257593984962406
-106.08964622109487	0.6170075187969926
-108.22385284181375	0.6082556390977445
-110.39335079023468	0.5995037593984962
-112.56284873865553	0.5907518796992481
-114.65219566063016	0.5820000000000001
-116.73966091941614	0.573248120300752
-118.82075776125296	0.5644962406015037
-120.8972319038384	0.5557443609022557
-123.00991097585207	0.5469924812030076
-125.30051826940745	0.5382406015037595
-127.5911255629629	0.5294887218045112
-129.90790849191424	0.5207368421052632
-132.22511529847503	0.5119849624060151
-134.1786594878279	0.503233082706767
-136.05460005500095	0.49448120300751874
-137.9728047968284	0.4857293233082707
-140.11943253333115	0.4769774436090226
-142.2660602698339	0.46822556390977454
-144.28598567142686	0.45947368421052626
-146.27895477749226	0.4507218045112782
-148.46374963790956	0.4419699248120301
-151.06911239310014	0.43321804511278206
-153.5001560047997	0.42446616541353377
-155.66105349727863	0.4157142857142857
-157.81090227421814	0.40696240601503764
-159.82647955558926	0.39821052631578957
-161.84205683696044	0.3894586466165413
-163.82461335832016	0.3807067669172932
-165.78449400076585	0.37195488721804515
-167.74500744419868	0.3632030075187971
-169.72105629555176	0.3544511278195488
-171.69710514690482	0.34569924812030073
-173.81010905544932	0.33694736842105266
-176.05665759183336	0.3281954887218046
-178.25193587950534	0.31944360902255653
-180.31435034156428	0.31069172932330824
-182.37676480362316	0.3019398496240602
-184.22600718756087	0.2931879699248121
-186.03812274150943	0.28443609022556404
-187.8769248368058	0.27568421052631575
-189.9865421800173	0.2669323308270677
-192.09615952322878	0.2581804511278196
-194.05143319776934	0.24942857142857155
-195.94585690807375	0.24067669172932327
-197.87547930465072	0.2319248120300752
-200.23756930715965	0.22317293233082713
-202.59965930966857	0.21442105263157907
-204.62845809139134	0.20566917293233078
-206.64205423935067	0.1969172932330827
-208.7601100762353	0.18816541353383465
-210.9955968846355	0.17941353383458658
-213.21204576989757	0.1706616541353383
-215.36543109567188	0.16190977443609023
-217.51881642144622	0.15315789473684216
-219.77186730624348	0.1444060150375941
-222.03506082131256	0.1356541353383458
-224.43891353870262	0.12690225563909774
-226.90415885125256	0.11815037593984967
-229.26136245793433	0.1093984962406016
-231.5643655020942	0.10064661654135332
-233.6763476401887	0.09189473684210525
-235.59163004048727	0.08314285714285718
-237.50691244078584	0.07439097744360912
-239.4192195532287	0.06563909774436105
-241.33111895466402	0.056887218045112764
-243.2648463749849	0.0481353383458647
-245.26016574558855	0.03938345864661663
-247.25548511619223	0.030631578947368565
-249.4662324330464	0.021879699248120277
-251.74753405765006	0.01312781954887221
-253.9040626916768	0.004375939849624144
-255.962302930904	-0.004375939849623922
-258.0385420314202	-0.01312781954887221
-260.23775653642014	-0.021879699248120277
-262.43697104142007	-0.030631578947368343
-264.80157227491287	-0.03938345864661641
-267.19493456940756	-0.0481353383458647
-269.289261228115	-0.056887218045112764
-271.28949571326933	-0.06563909774436083
-273.45680052662107	-0.0743909774436089
-276.10347089861006	-0.08314285714285718
-278.5856552368522	-0.09189473684210525
-280.7846120579543	-0.10064661654135332
-282.9685243618317	-0.10939849624060138
-285.0027175644091	-0.11815037593984967
-287.0369107669864	-0.12690225563909774
-289.12070480731893	-0.1356541353383458
-291.2335206349645	-0.14440601503759387
-293.3906896935298	-0.15315789473684216
-295.6727969671874	-0.16190977443609023
-297.9297526301197	-0.1706616541353383
-299.8465109552099	-0.17941353383458636
-301.7632692803001	-0.18816541353383465
-303.8639150736162	-0.1969172932330827
-306.1824721560629	-0.20566917293233078
-308.42969219804536	-0.21442105263157885
-310.50965452117885	-0.2231729323308269
-312.58961684431233	-0.2319248120300752
-314.67803876652704	-0.24067669172932327
-316.7674775901981	-0.24942857142857133
-318.9893308118153	-0.2581804511278194
-321.3450309748177	-0.2669323308270677
-323.69170980989895	-0.27568421052631553
-326.0232029534543	-0.2844360902255638
-328.33738439645305	-0.2931879699248121
-330.5922699446909	-0.30193984962405995
-332.8493544774554	-0.31069172932330824
-335.4504367794012	-0.31944360902255653
-338.03079540192437	-0.3281954887218044
-340.3796141224161	-0.33694736842105266
-342.72843284290775	-0.3456992481203005
-345.15227188079075	-0.3544511278195488
-347.5799522367052	-0.3632030075187971
-350.32317415222155	-0.3719548872180449
-353.07500300814985	-0.3807067669172932
-355.5211645415855	-0.3894586466165415
-357.96465895109094	-0.39821052631578935
-360.35122130467545	-0.40696240601503764
-362.7377836582599	-0.4157142857142855
-365.20800951571897	-0.42446616541353377
-367.682862674745	-0.43321804511278206
-370.3401067904003	-0.4419699248120299
-372.9955492085537	-0.4507218045112782
-375.3501154075461	-0.4594736842105265
-377.70468160653843	-0.4682255639097743
-380.22536459892206	-0.4769774436090226
-382.75923692194476	-0.48572932330827046
-385.036349721515	-0.49448120300751874
-387.3002906138708	-0.503233082706767
-390.08164401665107	-0.5119849624060149
-393.04221033106523	-0.5207368421052632
-395.96283293492945	-0.529488721804511
-398.9140255823832	-0.5382406015037593
-401.92524010761605	-0.5469924812030076
-405.0510470674239	-0.5557443609022554
-408.1895364679423	-0.5644962406015037
-410.95412353272576	-0.573248120300752
-413.7910080664576	-0.5819999999999999
-416.8036383451796	-0.5907518796992481
-419.8763858977969	-0.599503759398496
-422.9801352342068	-0.6082556390977443
-425.871590007066	-0.6170075187969926
-428.9473800888861	-0.6257593984962404
-432.47706555679997	-0.6345112781954887
-436.43736025268885	-0.643263157894737
-439.6658215407212	-0.6520150375939848
-442.4211441060468	-0.6607669172932331
-445.5235448640081	-0.669518796992481
-448.7502119545226	-0.6782706766917292
-452.1147945502403	-0.6870225563909775
-455.1456971829832	-0.6957744360902254
-458.0596386694759	-0.7045263157894737
-460.81047015800345	-0.713278195488722
-463.7111923277734	-0.7220300751879698
-467.151138555365	-0.7307819548872181
-470.42884518290924	-0.7395338345864659
-473.6793120770505	-0.7482857142857142
-477.0164921387811	-0.7570375939849625
-480.14191761570413	-0.7657894736842104
-483.2631165301274	-0.7745413533834586
-487.54949551955406	-0.7832932330827065
-491.34216966062684	-0.7920451127819548
-494.8769685441034	-0.8007969924812031
-498.27147488724364	-0.8095488721804509
-501.9028701257382	-0.8183007518796992
-505.78517401708115	-0.8270526315789475
-509.74325537689805	-0.8358045112781953
-513.6254883180246	-0.8445563909774436
-517.3356155576103	-0.8533082706766915
-521.0001716320053	-0.8620601503759397
-524.988200811229	-0.870812030075188
-529.1558339648893	-0.8795639097744359
-532.8007380812171	-0.8883157894736842
-536.7621558930333	-0.8970676691729325
-540.6801249628908	-0.9058195488721803
-544.4846276120757	-0.9145714285714286
-548.1670318335607	-0.9233233082706764
-552.0485989050037	-0.9320751879699247
-556.0881689569671	-0.940827067669173
-560.6339173349454	-0.9495789473684209
-565.6369296778131	-0.9583308270676691
-570.8954480018917	-0.9670827067669174
-575.7309352911057	-0.9758345864661653
-579.8356788497593	-0.9845864661654136
-583.6987987758041	-0.9933383458646614
-588.3161139704993	-1.0020902255639097
-592.99836109379	-1.010842105263158
-597.7536907165356	-1.0195939849624058
-602.9148393459284	-1.0283458646616541
-608.477920251945	-1.0370977443609024
-613.6185689699839	-1.0458496240601503
-618.4154300910416	-1.0546015037593985
-624.2296854202382	-1.0633533834586464
-629.5635663947742	-1.0721052631578947
-634.9797385466248	-1.080857142857143
-639.7042186293847	-1.0896090225563908
-644.399844312562	-1.098360902255639
-649.968956310594	-1.107112781954887
-656.064889768473	-1.1158646616541352
-662.7394619008305	-1.1246165413533835
-668.629216241307	-1.1333684210526314
-674.5738994787	-1.1421203007518796
-681.3648552609916	-1.150872180451128
-687.438154142806	-1.1596240601503758
-693.6192572170049	-1.168375939849624
-699.570157932242	-1.177127819548872
-707.201103439981	-1.1858796992481202
-715.396470432279	-1.1946315789473685
-722.1838826412643	-1.2033834586466163
-728.9265199991131	-1.2121353383458646
-734.7823028688927	-1.220887218045113
-742.2540223412752	-1.2296390977443608
-751.2912989502347	-1.238390977443609
-760.2677822392867	-1.2471428571428569
-768.4085905722297	-1.2558947368421052
-776.5857422486956	-1.2646466165413535
-786.0500056966802	-1.2733984962406013
-793.9532162477202	-1.2821503759398496
-802.3196457546888	-1.2909022556390979
-810.6159224773778	-1.2996541353383457
-819.0536906350779	-1.308406015037594
-827.7832130989883	-1.3171578947368419
-835.6839996605155	-1.3259097744360901
-845.4316424173048	-1.3346616541353384
-855.6015878444384	-1.3434135338345863
-866.1962982364399	-1.3521654135338346
-876.0064632997138	-1.3609172932330824
-887.1193742304289	-1.3696691729323307
-899.4774918221442	-1.378421052631579
-910.6407865548937	-1.3871729323308268
-919.6115074234132	-1.3959248120300751
-928.9255139118675	-1.4046766917293234
-941.8431947577149	-1.4134285714285713
-952.6948944503647	-1.4221804511278195
-965.5637226280991	-1.4309323308270674
-978.1899531976221	-1.4396842105263157
-991.6422564864706	-1.448436090225564
-1006.0051240207341	-1.4571879699248118
-1021.7353751520815	-1.46593984962406
-1035.6499273527425	-1.4746917293233084
-1050.3564165135174	-1.4834436090225562
-1067.653181870511	-1.4921954887218045
-1084.079264525291	-1.5009473684210524
-1101.7552758483002	-1.5096992481203007
-1117.7450694254314	-1.518451127819549
-1137.7304106319525	-1.5272030075187968
-1158.0063875201324	-1.535954887218045
-1178.5953070009964	-1.5447067669172934
-1198.4923353301022	-1.5534586466165412
-1219.3953643313532	-1.5622105263157895
-1245.6552177625053	-1.5709624060150373
-1274.5637491719747	-1.5797142857142856
-1303.576825812661	-1.588466165413534
-1333.8193628348272	-1.5972180451127818
-1363.6017400995365	-1.60596992481203
-1397.720777533158	-1.614721804511278
-1427.4229757484193	-1.6234736842105262
-1458.367947080228	-1.6322255639097745
-1494.5003951000172	-1.6409774436090223
-1537.2421550064219	-1.6497293233082706
-1576.7375531047082	-1.658481203007519
-1628.221156908582	-1.6672330827067667
-1674.827053933766	-1.675984962406015
-1736.1041718990602	-1.6847368421052629
-1788.2245902791817	-1.6934887218045112
-1852.7204921317145	-1.7022406015037594
-1924.623258204845	-1.7109924812030073
-2019.4428356564576	-1.7197443609022556
-2113.939552204527	-1.7284962406015039
-2249.5663679565387	-1.7372481203007517
-2396.5301792919845	-1.746
*xxx
400
422.9229229229229	0.873
382.8826782243983	0.868624060150376
351.2382665585867	0.8642481203007519
324.87166951543105	0.8598721804511278
308.85290196569946	0.8554962406015038
297.67974657916176	0.8511203007518797
286.0496527473626	0.8467443609022557
275.71807246540584	0.8423684210526315
268.2774530067462	0.8379924812030075
261.80187746265767	0.8336165413533835
253.06117028615932	0.8292406015037594
245.17490590411091	0.8248646616541353
236.8738141712442	0.8204887218045113
228.93781616787138	0.8161127819548872
222.70889184205197	0.8117368421052632
216.41041599483714	0.8073609022556391
211.46304097605062	0.802984962406015
205.62822269406766	0.798609022556391
199.6147804491119	0.794233082706767
195.6933289426818	0.7898571428571428
191.77832510038314	0.7854812030075188
187.5218211181024	0.7811052631578947
183.21768198441794	0.7767293233082707
177.80785155590561	0.7723533834586466
173.07351877182595	0.7679774436090225
168.6933115924574	0.7636015037593985
165.6824755741674	0.7592255639097745
162.64725011989583	0.7548496240601503
159.07937144855129	0.7504736842105263
156.16230984524054	0.7460977443609023
153.3834650753973	0.7417218045112782
149.44623851351753	0.7373458646616542
146.06202378743603	0.73296992481203
142.96878021710717	0.728593984962406
139.79294746886234	0.724218045112782
136.4719584832961	0.7198421052631578
133.01506759424004	0.7154661654135338
130.46035002533878	0.7110902255639098
127.53980166045797	0.7067142857142857
124.71630430360331	0.7023383458646617
121.73768797383362	0.6979624060150376
119.1097096644825	0.6935864661654135
116.9603282685713	0.6892105263157895
114.65968618445925	0.6848345864661654
112.21548502390321	0.6804586466165413
110.3514594218371	0.6760827067669173
107.85884348507264	0.6717067669172933
105.46361217363307	0.6673308270676692
103.31686087772962	0.6629548872180451
101.3229587146356	0.658578947368421
98.72777056607798	0.654203007518797
95.77063220866647	0.649827067669173
93.43988519138827	0.6454511278195489
91.25178342442042	0.6410751879699248
89.08264870424765	0.6366992481203008
87.08942670310137	0.6323233082706767
84.42956833883126	0.6279473684210526
81.99384075140031	0.6235714285714286
79.92256182898497	0.6191954887218045
78.07456461732879	0.6148195488721804
76.16254273750936	0.6104436090225565
74.08005795778949	0.6060676691729323
71.59194139406354	0.6016917293233083
69.24004081829756	0.5973157894736842
67.46187610121773	0.5929398496240601
65.7221508846447	0.5885639097744362
63.50275530746513	0.584187969924812
61.607733683328895	0.579812030075188
59.74877730390565	0.575436090225564
57.663917704646565	0.5710601503759398
55.50508324559454	0.5666842105263158
53.32241752761224	0.5623082706766918
51.155722653905734	0.5579323308270676
49.172747561127885	0.5535563909774437
47.2350625619977	0.5491804511278195
45.30424486312297	0.5448045112781955
43.1464128497161	0.5404285714285715
41.34913040123087	0.5360526315789473
39.6855833436981	0.5316766917293233
37.714905392721164	0.5273007518796993
35.7748645072931	0.5229248120300751
33.875900794325375	0.5185488721804512
31.674724087249874	0.5141729323308271
29.770243135242282	0.509796992481203
28.047334968337818	0.505421052631579
26.731327641847535	0.5010451127819548
25.444150457141152	0.4966691729323308
23.79725151425831	0.4922932330827068
21.96989445636376	0.4879172932330827
20.2050427063553	0.48354135338345866
18.414606431064584	0.47916541353383457
16.58665685923928	0.47478947368421054
14.892016048015897	0.47041353383458645
13.23504855700443	0.4660375939849624
11.692302178770642	0.46166165413533833
10.163525327582326	0.4572857142857143
8.715017471874347	0.45290977443609026
7.245568186796289	0.4485338345864662
5.633876749335492	0.44415789473684214
3.9862555416231373	0.43978195488721805
2.259750619905895	0.435406015037594
0.39426926328952683	0.43103007518796993
-1.5299285364552482	0.4266541353383459
-3.253253363736098	0.4222781954887218
-4.808779689295786	0.4179022556390978
-6.133566593757403	0.4135263157894737
-7.505819141535971	0.40915037593984965
-9.053981900564377	0.40477443609022556
-10.5331230593379	0.40039849624060153
-11.867336863506685	0.39602255639097744
-13.231475162983788	0.3916466165413534
-14.79646439915236	0.3872706766917293
-16.33997999080282	0.3828947368421053
-17.82241148081242	0.3785187969924812
-19.27385910554451	0.37414285714285717
-20.64811511368669	0.3697669172932331
-22.027798914559543	0.36539097744360904
-23.436543322010063	0.361015037593985
-24.843176579380653	0.35663909774436087
-26.225682715589354	0.35226315789473683
-27.60818885179805	0.3478872180451128
-29.46210589611378	0.34351127819548877
-31.234068918836023	0.3391353383458646
-32.85723421043285	0.3347593984962406
-34.32565049744411	0.33038345864661656
-35.690107805995154	0.3260075187969925
-37.12575111054826	0.3216315789473684
-38.647064699085924	0.31725563909774435
-40.05240682986948	0.3128796992481203
-41.355150069541246	0.3085037593984963
-42.76736387414732	0.30412781954887225
-44.454649660942195	0.2997518796992481
-45.8662219140349	0.29537593984962407
-47.05277569147014	0.29100000000000004
-48.249044454577835	0.286624060150376
-49.5501840756979	0.28224812030075186
-50.85132369681792	0.2778721804511278
-52.1187406856475	0.2734962406015038
-53.379547142993005	0.26912030075187976
-54.611483311953386	0.2647443609022556
-55.8162836936183	0.2603684210526316
-57.016441253707136	0.25599248120300755
-58.16787118933304	0.2516165413533835
-59.31930112495897	0.24724060150375937
-60.47311678688529	0.24286466165413534
-61.62891669960813	0.2384887218045113
-62.78857756704924	0.23411278195488727
-64.21089933785777	0.22973684210526313
-65.63322110866626	0.2253609022556391
-66.9747511428638	0.22098496240601506
-68.31268569203054	0.21660902255639103
-69.71690363309543	0.21223308270676688
-71.14085872777437	0.20785714285714285
-72.33209919633336	0.20348120300751882
-73.4309517489433	0.19910526315789479
-74.54114634782103	0.19472932330827064
-75.85327887735693	0.1903533834586466
-77.16541140689283	0.18597744360902257
-78.60083088945677	0.18160150375939854
-80.06270404065044	0.1772255639097744
-81.26244611785154	0.17284962406015036
-82.40538564553421	0.16847368421052633
-83.58361515729662	0.1640977443609023
-84.86126707887234	0.15972180451127826
-86.1389190004481	0.15534586466165412
-87.26775098213454	0.1509699248120301
-88.392287327071	0.14659398496240605
-89.68590238039342	0.14221804511278202
-91.26726207268423	0.13784210526315788
-92.69899070192554	0.13346616541353384
-93.99254719102669	0.1290902255639098
-95.27946261184654	0.12471428571428578
-96.54728287850932	0.12033834586466163
-97.81510314517206	0.1159624060150376
-99.39658937046843	0.11158646616541357
-100.93977765296617	0.10721052631578953
-102.0787012523853	0.10283458646616539
-103.21762485180442	0.09845864661654136
-104.60691193046982	0.09408270676691732
-106.20083521314486	0.08970676691729329
-107.67192110085142	0.08533082706766915
-109.09395312273595	0.08095488721804511
-110.4089084285388	0.07657894736842108
-111.66798950147178	0.07220300751879705
-112.90832218383072	0.0678270676691729
-114.11115467901423	0.06345112781954887
-115.31398717419773	0.059075187969924836
-116.67745539948658	0.0546992481203008
-118.05860413230386	0.05032330827067666
-119.38537089290679	0.045947368421052626
-120.69701573288674	0.04157142857142859
-122.1437568157359	0.03719548872180456
-123.70024808566214	0.032819548872180526
-125.04473290756887	0.028443609022556382
-126.28573231038885	0.02406766917293235
-127.64592455624131	0.019691729323308316
-129.2661183285098	0.015315789473684283
-130.79098163058984	0.010939849624060138
-132.22368983070652	0.006563909774436105
-133.52114307275704	0.002187969924812072
-134.66378371651982	-0.002187969924811961
-135.8064243602826	-0.006563909774436105
-136.9887399661556	-0.010939849624060138
-138.17518718781884	-0.015315789473684172
-139.44715983128398	-0.019691729323308205
-140.8281483266656	-0.02406766917293235
-142.18914864163202	-0.028443609022556382
-143.50786156795257	-0.032819548872180415
-144.8034176282088	-0.03719548872180445
-145.8956530214975	-0.04157142857142859
-146.9878884147862	-0.045947368421052626
-148.36287940505827	-0.05032330827067666
-150.12281526573796	-0.05469924812030069
-151.81615746397435	-0.059075187969924836
-153.48311661091648	-0.06345112781954887
-154.68165397835415	-0.0678270676691729
-155.8801913457918	-0.07220300751879694
-157.0551087126842	-0.07657894736842108
-158.21223346026233	-0.08095488721804511
-159.38026780185035	-0.08533082706766915
-160.79834581369212	-0.08970676691729318
-162.21642382553392	-0.09408270676691732
-163.26113984430194	-0.09845864661654136
-164.29767449780744	-0.10283458646616539
-165.41224449720096	-0.10721052631578942
-166.94953355660155	-0.11158646616541346
-168.3972259513151	-0.1159624060150376
-169.57979386079037	-0.12033834586466163
-170.76236177026564	-0.12471428571428567
-171.99678594130842	-0.1290902255639097
-173.2459699183773	-0.13346616541353384
-174.5808408206333	-0.13784210526315777
-176.0264523134199	-0.1422180451127819
-177.51295414679845	-0.14659398496240605
-179.05774799487594	-0.15096992481202998
-180.3803765155146	-0.15534586466165412
-181.49650186226498	-0.15972180451127826
-182.6126272090153	-0.1640977443609022
-183.83137456985273	-0.16847368421052633
-185.06192683926696	-0.17284962406015025
-186.1862974506081	-0.1772255639097744
-187.21232511727325	-0.18160150375939854
-188.23835278393832	-0.18597744360902246
-189.49251577943187	-0.1903533834586466
-190.8603009450169	-0.19472932330827075
-192.2042684056799	-0.19910526315789467
-193.52698025652074	-0.20348120300751882
-194.7947995333677	-0.20785714285714274
-195.94402784927095	-0.21223308270676688
-197.0932561651742	-0.21660902255639103
-198.3111465447171	-0.22098496240601495
-199.54948977517802	-0.2253609022556391
-200.96691837820234	-0.22973684210526324
-202.64443667139153	-0.23411278195488716
-204.0300780072759	-0.2384887218045113
-205.26777325454978	-0.24286466165413523
-206.55164006700326	-0.24724060150375937
-207.9434077806573	-0.2516165413533835
-209.32021808719847	-0.25599248120300744
-210.63622166630327	-0.2603684210526316
-211.95222524540802	-0.2647443609022555
-213.12398225267813	-0.26912030075187965
-214.29190962246275	-0.2734962406015038
-215.5713994946267	-0.2778721804511277
-216.97721314140992	-0.28224812030075186
-218.4215482813644	-0.286624060150376
-219.9267146148853	-0.2909999999999999
-221.4343069899206	-0.29537593984962407
-222.94493917823098	-0.299751879699248
-224.4733395257311	-0.30412781954887214
-226.01901623868503	-0.3085037593984963
-227.50734184255478	-0.3128796992481202
-228.95962691799588	-0.31725563909774435
-230.39267743306286	-0.3216315789473685
-231.812874998676	-0.3260075187969924
-233.13166182234204	-0.33038345864661656
-234.36380766792985	-0.3347593984962405
-235.5993651318471	-0.3391353383458646
-236.8522283418308	-0.34351127819548877
-238.1050915518144	-0.3478872180451127
-239.37598043755455	-0.35226315789473683
-240.650578493015	-0.356639097744361
-241.94173910194897	-0.3610150375939849
-243.24736261380605	-0.36539097744360904
-244.54737075595546	-0.36976691729323297
-245.83382123522446	-0.3741428571428571
-247.12751355288012	-0.37851879699248125
-248.80497796646333	-0.3828947368421052
-250.40130316130822	-0.3872706766917293
-251.78297533580448	-0.39164661654135324
-253.14343378744977	-0.3960225563909774
-254.38972561180532	-0.40039849624060153
-255.63601743616084	-0.40477443609022545
-256.7661332500531	-0.4091503759398496
-257.868830162842	-0.41352631578947374
-259.04418633311866	-0.41790225563909766
-260.61355524315354	-0.4222781954887218
-262.21628543033256	-0.42665413533834573
-263.9001604662139	-0.4310300751879699
-265.43007115232945	-0.435406015037594
-266.83592201908334	-0.43978195488721794
-268.18944952921737	-0.4441578947368421
-269.48458332681656	-0.44853383458646623
-270.7585529024217	-0.45290977443609015
-271.95454613062617	-0.4572857142857143
-273.15053935883066	-0.4616616541353382
-274.93489561541554	-0.46603759398496236
-276.80032807962976	-0.4704135338345865
-278.41061152251194	-0.47478947368421043
-279.9105251734442	-0.47916541353383457
-281.280674035488	-0.4835413533834587
-282.56305049915517	-0.48791729323308264
-283.66245766725194	-0.4922932330827068
-284.7618648353487	-0.4966691729323307
-286.08005895688535	-0.5010451127819548
-287.50951350025537	-0.505421052631579
-288.8451550059687	-0.5097969924812029
-290.12233216305526	-0.5141729323308271
-291.4614150070418	-0.5185488721804512
-292.92895683335905	-0.5229248120300751
-294.37003937353717	-0.5273007518796993
-295.7577614614035	-0.5316766917293232
-297.1130691749166	-0.5360526315789473
-298.3555041547266	-0.5404285714285715
-299.5979391345365	-0.5448045112781954
-300.7183192845285	-0.5491804511278195
-301.82016637229674	-0.5535563909774435
-303.02316668905087	-0.5579323308270676
-304.60042289673436	-0.5623082706766918
-306.1198590350915	-0.5666842105263157
-307.5354922203016	-0.5710601503759398
-308.91687937162084	-0.575436090225564
-310.2148017741749	-0.5798120300751879
-311.51832254817725	-0.584187969924812
-312.9688799682664	-0.588563909774436
-314.41383206708525	-0.5929398496240601
-315.57879465589974	-0.5973157894736842
-316.74375724471423	-0.6016917293233082
-318.1151345445055	-0.6060676691729323
-319.6863549251268	-0.6104436090225565
-321.25544971700214	-0.6148195488721804
-322.8233793943687	-0.6191954887218045
-324.1891248712247	-0.6235714285714284
-325.4978037721517	-0.6279473684210526
-326.9190563382762	-0.6323233082706767
-328.4346143771545	-0.6366992481203007
-329.93610876453135	-0.6410751879699248
-331.42874726185795	-0.6454511278195489
-332.90477591633214	-0.6498270676691729
-334.3719947063734	-0.654203007518797
-335.9713873349566	-0.6585789473684209
-337.63908894023336	-0.6629548872180451
-339.2345225674038	-0.6673308270676692
-340.81036686895845	-0.6717067669172931
-342.20540225959496	-0.6760827067669173
-343.6004376502314	-0.6804586466165412
-345.09348782819956	-0.6848345864661654
-346.5901338109296	-0.6892105263157895
-348.08942478224486	-0.6935864661654134
-349.6202184968107	-0.6979624060150376
-351.65891316581485	-0.7023383458646617
-353.3739772062069	-0.7067142857142856
-354.8934047672643	-0.7110902255639098
-356.4833252620503	-0.7154661654135337
-358.10380067895807	-0.7198421052631578
-359.60651149777857	-0.724218045112782
-361.0949741341095	-0.7285939849624059
-362.54725071377635	-0.73296992481203
-363.99665175920387	-0.7373458646616542
-365.63108230669764	-0.7417218045112781
-367.27665819761546	-0.7460977443609023
-368.87434415597573	-0.7504736842105262
-370.6335664418858	-0.7548496240601503
-372.75802400050645	-0.7592255639097745
-374.23842782529687	-0.7636015037593984
-375.66993117371345	-0.7679774436090225
-377.3199506061611	-0.7723533834586467
-378.96897606904105	-0.7767293233082706
-380.44155081188916	-0.7811052631578947
-381.97261470720036	-0.7854812030075187
-383.8218998109946	-0.7898571428571428
-385.428431983378	-0.794233082706767
-386.8541470402719	-0.7986090225563909
-388.60579430228734	-0.802984962406015
-390.6382083432268	-0.807360902255639
-392.488944082791	-0.8117368421052631
-394.37980354568356	-0.8161127819548872
-396.30864063644316	-0.8204887218045112
-398.2191269958567	-0.8248646616541353
-400.0809853171968	-0.8292406015037594
-401.887035488554	-0.8336165413533834
-403.8671501813867	-0.8379924812030075
-405.8737005639301	-0.8423684210526314
-407.87181173664703	-0.8467443609022556
-409.64403037508833	-0.8511203007518797
-411.5281336738342	-0.8554962406015036
-413.7833582446385	-0.8598721804511278
-415.85802082956525	-0.8642481203007519
-417.9440058898705	-0.8686240601503759
-419.721523325127	-0.873
* ----- 回転ヒステリシス損
* B数 *
0
* B * 損失
* ----- 異方性
* B数 * 角度数 *
0	0
* B * H ･････ *　磁化容易軸
* B * H ･････ *　磁化困難軸

End of hysteresis data set 1

