   3.71356
   3.68689
   3.61461
   3.58843
   3.51714
   3.49172
   3.47052
   3.46420
   3.45904
   3.55747
   3.61040
   3.72661
   3.70034
   3.62951
   3.60392
   3.53454
   3.50978
   3.48454
   3.43208
   3.48784
   3.61844
   3.61335
   3.59965
   3.59465
   3.56507
   3.54002
   3.51457
   3.44504
   3.42017
   3.36065
   3.35588
   3.34354
   3.33922
   3.32829
   3.32517
   3.38552
   3.53432
   3.50886
   3.43953
   3.41442
   3.34642
   3.32176
   3.25452
   3.23128
   3.29379
   3.45253
   3.44741
   3.43527
   3.43084
   3.40811
   3.38334
   3.31570
   3.29151
   3.26710
   3.20511
   3.20212
   3.19261
   3.19026
   3.18743
   3.18920
   3.35390
   3.41936
   3.39469
   3.32790
   3.30389
   3.23800
   3.21280
   3.14854
   3.12738
   3.24223
   3.24185
   3.24320
   3.25129
   3.25529
   3.25783
   3.23664
   3.17699
   3.15522
   3.09690
   3.07648
   3.08087
   3.09388
   3.09932
   3.11545
   3.12279
   3.24174
   3.22103
   3.16291
   3.14230
   3.12173
   3.06623
   3.04656
   2.99367
   2.97630
   3.10278
   3.10912
   3.12675
   3.13193
   3.13786
   3.15055
   3.13101
   3.07859
   3.05982
   3.00912
   2.99147
   3.00983
   3.01907
   3.02657
   3.04833
   3.05700
   3.07179
   3.05305
   3.00315
   2.98528
   2.93738
   2.92036
   2.90352
   2.85422
   2.83612
   2.79805
   2.80831
   2.83743
   2.84850
   2.88032
   2.89192
   2.87466
   2.82794
   2.80960
   2.76025
   2.74324
   2.76634
   2.77967
   2.81798
   2.83233
   2.84790
   2.88496
   2.86751
   2.81911
   2.80163
   2.75438
   2.73729
   2.69105
   2.67464
   2.65726
   2.50761
   2.52496
   2.57124
   2.58824
   2.63595
   2.65313
   2.61416
   2.59780
   2.58138
   2.53674
   2.52137
   2.55325
   2.57226
   2.62455
   2.64343
   2.62118
   2.54310
   2.52688
   2.48313
   2.46741
   2.42494
   2.40967
   2.36628
   2.34974
   2.25618
   2.17888
   2.20185
   2.26668
   2.29126
   2.36034
   2.38562
   2.36120
   2.34625
   2.30415
   2.28933
   2.27560
   2.31551
   2.34275
   2.41955
   2.44807
   2.46572
   2.38838
   2.22639
   2.21174
   2.19727
   2.15851
   2.14481
   2.10801
   2.09458
   2.02144
   1.94527
   1.82010
   1.85025
   1.87920
   1.96019
   1.99006
   1.97944
   1.96638
   1.93172
   1.91987
   1.92180
   1.95328
   1.98754
   2.07724
   2.10983
   2.15696
   2.07875
   1.90431
   1.89196
   1.85944
   1.84814
   1.83689
   1.80808
   1.79559
   1.73749
   1.66268
   1.52256
   1.55733
   1.65481
   1.69041
   1.72695
   1.73620
   1.72677
   1.69675
   1.68557
   1.65563
   1.64604
   1.74078
   1.77895
   1.81666
   1.70087
   1.62664
   1.44968
   1.43912
   1.41084
   1.40070
   1.37367
   1.36414
   1.35351
   1.20481
   1.13400
   0.98666
   1.02695
   1.13809
   1.17882
   1.25287
   1.24388
   1.23485
   1.21061
   1.20199
   1.17879
   1.17168
   1.27265
   1.31646
   1.34982
   1.27980
   1.20986
   1.03177
   1.02362
   1.00199
   0.99437
   0.97362
   0.96484
   0.89440
   0.82676
   0.75845
   0.57327
   0.50869
   0.57394
   0.62315
   0.72771
   0.72179
   0.70291
   0.69571
   0.68860
   0.67023
   0.66523
   0.77560
   0.82926
   0.90827
   0.84200
   0.66244
   0.59858
   0.59232
   0.57642
   0.57113
   0.55817
   0.55370
   0.50877
   0.44707
   0.27882
   0.21860
   0.16051
   0.21766
   0.27139
   0.39753
   0.39401
   0.38498
   0.38198
   0.37452
   0.37199
   0.37067
   0.48214
   0.53769
   0.64709
   0.58467
   0.41799
   0.35933
   0.34244
   0.34075
   0.33929
   0.33577
   0.33508
   0.30571
   0.24603
   0.08506
   0.02790
  -0.03491
   0.02661
   0.08858
   0.13738
   0.13724
   0.13760
   0.13585
   0.13166
   0.13085
   0.18007
   0.24392
   0.30756
   0.25099
   0.19643
   0.04836
  -0.00500
  -0.12113
  -0.12120
  -0.12025
  -0.11974
  -0.11909
  -0.12739
  -0.17899
  -0.31952
  -0.37007
  -0.43720
  -0.36803
  -0.22800
  -0.22640
  -0.22469
  -0.21939
  -0.21719
  -0.21069
  -0.20774
  -0.15742
  -0.08342
   0.02180
  -0.02777
  -0.07753
  -0.21290
  -0.26149
  -0.37194
  -0.36817
  -0.35694
  -0.35261
  -0.34206
  -0.33983
  -0.38708
  -0.51517
  -0.56055
  -0.67983
  -0.71928
  -0.59924
  -0.59296
  -0.57469
  -0.56813
  -0.56303
  -0.54850
  -0.54296
  -0.52705
  -0.52009
  -0.40855
  -0.44866
  -0.55461
  -0.59213
  -0.62980
  -0.72695
  -0.72076
  -0.70295
  -0.69605
  -0.67631
  -0.66988
  -0.76123
  -0.79681
  -0.83233
  -0.92719
  -0.96227
  -0.84589
  -0.83832
  -0.81688
  -0.80870
  -0.78536
  -0.77682
  -0.76802
  -0.74312
  -0.73363
  -0.80391
  -0.83857
  -0.93176
  -0.96515
  -1.05470
  -1.08610
  -1.07596
  -1.04763
  -1.03710
  -1.00702
  -0.99962
  -1.07108
  -1.10232
  -1.18553
  -1.21488
  -1.24342
  -1.24320
  -1.23154
  -1.19906
  -1.18625
  -1.15843
  -1.14855
  -1.12068
  -1.11046
  -1.10063
  -1.14585
  -1.17229
  -1.24128
  -1.26625
  -1.33356
  -1.35791
  -1.33340
  -1.32183
  -1.30983
  -1.27662
  -1.26499
  -1.30703
  -1.32946
  -1.38909
  -1.41061
  -1.52392
  -1.60963
  -1.59588
  -1.55811
  -1.54416
  -1.50550
  -1.49124
  -1.45183
  -1.43807
  -1.47484
  -1.55747
  -1.57681
  -1.62852
  -1.64700
  -1.69622
  -1.71288
  -1.68340
  -1.66776
  -1.62402
  -1.60766
  -1.59472
  -1.61840
  -1.63574
  -1.68237
  -1.69945
  -1.78243
  -1.86105
  -1.83514
  -1.81908
  -1.80264
  -1.76175
  -1.74745
  -1.70829
  -1.69587
  -1.87523
  -1.95126
  -2.00114
  -2.01415
  -2.02686
  -2.06147
  -2.07479
  -2.04906
  -2.03316
  -1.98969
  -1.97397
  -1.95151
  -1.96256
  -1.97357
  -2.00264
  -2.01300
  -2.18472
  -2.25968
  -2.25083
  -2.23432
  -2.18858
  -2.17205
  -2.15516
  -2.10908
  -2.09419
  -2.24200
  -2.31569
  -2.36925
  -2.37918
  -2.40425
  -2.41285
  -2.42090
  -2.39239
  -2.37422
  -2.32447
  -2.30530
  -2.27466
  -2.28297
  -2.30458
  -2.31193
  -2.32014
  -2.46806
  -2.53829
  -2.53852
  -2.51915
  -2.46513
  -2.44752
  -2.39883
  -2.38128
  -2.36495
  -2.48814
  -2.55732
  -2.71960
  -2.72385
  -2.73367
  -2.73600
  -2.68817
  -2.66927
  -2.65001
  -2.59717
  -2.57782
  -2.53323
  -2.53575
  -2.54171
  -2.54389
  -2.59766
  -2.66373
  -2.72968
  -2.89158
  -2.87011
  -2.81168
  -2.79042
  -2.73212
  -2.71136
  -2.71721
  -2.77667
  -2.83876
  -2.99571
  -2.99654
  -2.99820
  -2.99828
  -2.94700
  -2.92493
  -2.86493
  -2.84355
  -2.82157
  -2.76910
  -2.76955
  -2.77084
  -2.77133
  -2.80719
  -2.86859
  -3.03475
  -3.09305
  -3.06993
  -3.00700
  -2.98572
  -2.92765
  -2.90693
  -2.89709
  -2.95668
  -3.11805
  -3.17507
  -3.17314
  -3.16666
  -3.16379
  -3.11517
  -3.09327
  -3.03366
  -3.01199
  -2.95247
  -2.93123
  -2.92765
  -2.91704
  -2.91401
  -3.03331
  -3.09149
  -3.24977
  -3.30490
  -3.25699
  -3.23423
  -3.21124
  -3.14809
  -3.12528
  -3.09247
  -3.14584
  -3.29644
  -3.35014
  -3.35364
  -3.35078
  -3.34786
  -3.29968
  -3.27593
  -3.21098
  -3.18727
  -3.12189
  -3.09999
  -3.05436
  -3.05114
  -3.04869
  -3.15104
  -3.20410
  -3.34830
  -3.39895
  -3.36041
  -3.33482
  -3.27089
  -3.24814
  -3.22635
  -3.30885
  -3.35969
  -3.49777
  -3.54764
  -3.65170
  -3.64672
  -3.61617
  -3.59169
  -3.56674
  -3.49870
  -3.47399
  -3.40618
  -3.38138
  -3.32435
  -3.31888
  -3.34435
  -3.39040
  -3.43923
  -3.57177
  -3.61817
  -3.58918
  -3.56281
  -3.49050
  -3.46459
  -3.44923
  -3.49435
  -3.53815
  -3.66282
  -3.70852
  -3.81383
  -3.80840
  -3.77985
  -3.75194
  -3.67536
  -3.64788
  -3.62007
  -3.54114
  -3.51523
  -3.45271
  -3.44883
  -3.55519
  -3.60148
  -3.72828
  -3.77375
  -3.81833
  -3.79952
  -3.77127
  -3.69785
  -3.67202
  -3.64312
  -3.68869
  -3.81126
  -3.85486
  -3.89905
  -4.01042
  -4.00820
  -3.94738
  -3.92018
  -3.84626
  -3.81943
  -3.74617
  -3.71989
  -3.69341
  -3.62576
  -3.62448
  -3.71377
  -3.75517
  -3.87204
  -3.91425
  -3.97630
  -3.94924
  -3.92196
  -3.84776
  -3.82110
  -3.77485
  -3.81639
  -3.92966
  -3.97213
  -4.08825
  -4.12994
  -4.17093
  -4.14924
  -4.12123
  -4.04500
  -4.01730
  -3.94108
  -3.91278
  -3.84001
  -3.81397
  -3.78866
  -3.84789
  -3.88887
  -4.00022
  -4.04018
  -4.10951
  -4.08090
  -4.00223
  -3.97516
  -3.94776
  -3.88624
  -3.92647
  -4.03604
  -4.07600
  -4.18571
  -4.22523
  -4.28034
  -4.25047
  -4.22189
  -4.14357
  -4.11486
  -4.03641
  -4.00790
  -3.93026
  -3.90304
  -3.93937
  -3.97718
  -4.01405
  -4.11912
  -4.15787
  -4.23705
  -4.20682
  -4.12437
  -4.09434
  -4.01236
  -3.98357
  -4.02113
  -4.12107
  -4.15945
  -4.26535
  -4.30391
  -4.30498
  -4.27431
  -4.19004
  -4.15980
  -4.12919
  -4.04538
  -4.01350
  -3.93244
  -3.90444
  -3.91902
  -3.95843
  -4.06825
  -4.10822
  -4.14901
  -4.24684
  -4.21632
  -4.13202
  -4.10251
  -4.02274
  -3.99566
  -4.09523
  -4.13615
  -4.17794
  -4.29347
  -4.33514
  -4.35769
  -4.35643
  -4.28649
  -4.25691
  -4.17686
  -4.14824
  -4.11938
  -4.04075
  -4.01274
  -3.99265
  -3.99201
  -4.08527
  -4.12606
  -4.23884
  -4.27926
  -4.24973
  -4.16946
  -4.14040
  -4.06150
  -4.03447
  -4.11968
  -4.16105
  -4.27684
  -4.31884
  -4.36102
  -4.38694
  -4.38246
  -4.31613
  -4.28652
  -4.20725
  -4.17844
  -4.09954
  -4.07201
  -4.04451
  -4.01578
  -4.01334
  -4.10123
  -4.14333
  -4.25952
  -4.30097
  -4.23434
  -4.20535
  -4.17674
  -4.09865
  -4.07054
  -4.02117
  -4.06399
  -4.18259
  -4.22544
  -4.21813
  -4.21197
  -4.20418
  -4.14090
  -4.11172
  -4.03206
  -4.00303
  -3.92418
  -3.89604
  -3.87265
  -3.86585
  -3.86000
  -3.93535
  -3.97864
  -4.09797
  -4.14030
  -4.08601
  -4.05587
  -3.97401
  -3.94475
  -3.91529
  -3.84914
  -3.89168
  -4.01438
  -4.05964
  -4.05631
  -4.04760
  -4.00796
  -3.97869
  -3.94917
  -3.86909
  -3.84023
  -3.75913
  -3.73132
  -3.70180
  -3.69428
  -3.67543
  -3.66922
  -3.71668
  -3.84856
  -3.89609
  -3.86247
  -3.83287
  -3.75480
  -3.72677
  -3.65161
  -3.62562
  -3.67556
  -3.81707
  -3.86885
  -3.88317
  -3.87532
  -3.84191
  -3.81403
  -3.73920
  -3.71266
  -3.68609
  -3.61489
  -3.58983
  -3.56088
  -3.55444
  -3.53683
  -3.53175
  -3.65922
  -3.70965
  -3.76053
  -3.74941
  -3.72326
  -3.65211
  -3.62639
  -3.55668
  -3.53324
  -3.66227
  -3.71407
  -3.76696
  -3.79509
  -3.78879
  -3.76461
  -3.73902
  -3.66957
  -3.64446
  -3.57613
  -3.55168
  -3.52703
  -3.49517
  -3.48937
  -3.47384
  -3.46971
  -3.60303
  -3.65957
  -3.60702
  -3.58244
  -3.55748
  -3.48936
  -3.46478
  -3.39797
  -3.37566
  -3.50623
  -3.56519
  -3.56337
  -3.55817
  -3.55341
  -3.53992
  -3.53547
  -3.48019
  -3.45568
  -3.38891
  -3.36480
  -3.31432
  -3.30997
  -3.30579
  -3.29383
  -3.28991
  -3.42294
  -3.48583
  -3.45274
  -3.42806
  -3.36083
  -3.33675
  -3.31257
  -3.24708
  -3.22524
  -3.35408
  -3.42008
  -3.43605
  -3.43171
  -3.42106
  -3.41776
  -3.41482
  -3.36565
  -3.34174
  -3.27640
  -3.25121
  -3.19858
  -3.19625
  -3.19316
  -3.19267
  -3.19396
  -3.21481
  -3.28406
  -3.27939
  -3.25821
  -3.19922
  -3.17781
  -3.12025
  -3.09989
  -3.07986
  -3.04383
  -3.11510
  -3.16664
  -3.17144
  -3.18573
  -3.19100
  -3.18372
  -3.16355
  -3.14331
  -3.08880
  -3.06940
  -3.02658
  -3.03197
  -3.04783
  -3.05404
  -3.07146
  -3.07726
  -3.14979
  -3.16873
  -3.14920
  -3.09687
  -3.07825
  -3.02803
  -3.00995
  -2.96161
  -2.94510
  -2.95135
  -2.96939
  -2.97678
  -2.99834
  -3.00659
  -3.01501
  -2.99731
  -2.94949
  -2.93246
  -2.91566
  -2.87209
  -2.88116
  -2.90757
  -2.91789
  -2.94747
  -2.95805
  -2.91565
  -2.89862
  -2.88143
  -2.83479
  -2.81642
  -2.76674
  -2.74898
  -2.70125
  -2.68480
  -2.71224
  -2.72460
  -2.73781
  -2.77627
  -2.79039
  -2.81677
  -2.79946
  -2.75240
  -2.73540
  -2.68952
  -2.67352
  -2.68892
  -2.73296
  -2.74986
  -2.79494
  -2.80966
  -2.66169
  -2.64472
  -2.59903
  -2.58278
  -2.56647
  -2.52237
  -2.50652
  -2.46333
  -2.44600
  -2.30796
  -2.32531
  -2.37455
  -2.39284
  -2.41233
  -2.46159
  -2.44606
  -2.40418
  -2.38917
  -2.34625
  -2.33131
  -2.38406
  -2.40631
  -2.42970
  -2.49565
  -2.51890
  -2.38688
  -2.37221
  -2.33254
  -2.31770
  -2.27611
  -2.26140
  -2.24703
  -2.19584
  -2.11909
  -1.95030
  -1.97608
  -2.04974
  -2.07735
  -2.15398
  -2.18071
  -2.16672
  -2.12884
  -2.11543
  -2.07959
  -2.06771
  -2.13115
  -2.16104
  -2.24587
  -2.27650
  -2.19676
  -1.99275
  -1.97915
  -1.94320
  -1.93045
  -1.89699
  -1.88512
  -1.85365
  -1.84192
  -1.76780
  -1.58037
  -1.61025
  -1.69385
  -1.72519
  -1.81325
  -1.84526
  -1.82323
  -1.81242
  -1.80160
  -1.77346
  -1.76216
  -1.82612
  -1.86004
  -1.95700
  -1.99089
  -1.80289
  -1.72966
  -1.71918
  -1.69133
  -1.68196
  -1.65201
  -1.64086
  -1.61091
  -1.59863
  -1.40599
  -1.33297
  -1.26250
  -1.27962
  -1.31772
  -1.40435
  -1.39391
  -1.36598
  -1.35598
  -1.32905
  -1.31949
  -1.31081
  -1.38176
  -1.42267
  -1.53689
  -1.57653
  -1.41900
  -1.34587
  -1.19741
  -1.18823
  -1.17915
  -1.15462
  -1.14588
  -1.12257
  -1.11292
  -0.94510
  -0.87577
  -0.77475
  -0.81745
  -0.86165
  -0.97394
  -0.96600
  -0.94462
  -0.93703
  -0.91594
  -0.90773
  -0.92802
  -0.97399
  -1.02166
  -1.15458
  -1.20206
  -1.08279
  -1.01495
  -0.86645
  -0.86017
  -0.84095
  -0.83361
  -0.82637
  -0.80726
  -0.79963
  -0.65326
  -0.58861
  -0.48207
  -0.53340
  -0.68115
  -0.73468
  -0.72846
  -0.71176
  -0.70615
  -0.69169
  -0.68712
  -0.71050
  -0.76496
  -0.92164
  -0.97791
  -0.91332
  -0.73433
  -0.67066
  -0.52147
  -0.51755
  -0.50811
  -0.50499
  -0.49711
  -0.49444
  -0.49088
  -0.37216
  -0.31036
  -0.18804
  -0.24428
  -0.40094
  -0.45764
  -0.46378
  -0.46192
  -0.46022
  -0.45609
  -0.45545
  -0.44813
  -0.44651
  -0.58672
  -0.64525
  -0.50769
  -0.45029
  -0.39266
  -0.24766
  -0.24710
  -0.24654
  -0.24451
  -0.23969
  -0.23695
  -0.09316
  -0.03797
   0.01651
   0.16384
   0.21502
   0.10379
   0.03827
   0.01255
   0.01268
   0.01254
   0.01235
   0.01199
   0.01045
   0.00829
  -0.13992
  -0.20675
  -0.11050
  -0.05741
   0.08571
   0.13617
   0.13494
   0.13075
   0.12894
   0.12334
   0.12220
   0.23706
   0.28586
   0.42042
   0.46832
   0.51420
   0.40794
   0.33493
   0.28370
   0.28005
   0.26947
   0.26543
   0.25579
   0.25344
   0.24982
   0.12475
   0.17186
   0.29833
   0.34348
   0.46457
   0.50654
   0.49941
   0.49332
   0.48855
   0.47473
   0.47035
   0.55433
   0.59430
   0.70184
   0.73973
   0.75408
   0.67949
   0.67157
   0.65383
   0.64767
   0.63022
   0.62356
   0.60454
   0.59686
   0.52153
   0.44671
   0.48317
   0.58048
   0.61843
   0.72070
   0.75633
   0.75289
   0.74501
   0.72256
   0.71430
   0.70652
   0.76517
   0.79709
   0.89120
   0.92576
   1.01863
   1.05094
   1.03271
   1.02316
   1.01326
   0.98580
   0.97558
   0.94629
   0.93839
   0.91576
   0.90807
   0.98538
   1.01537
   1.04509
   1.12507
   1.15278
   1.14486
   1.13243
   1.10576
   1.09658
   1.09980
   1.12732
   1.15480
   1.22892
   1.25506
   1.32444
   1.34828
   1.32738
   1.31626
   1.28525
   1.27396
   1.26235
   1.23032
   1.21888
   1.22677
   1.31561
   1.40158
   1.42216
   1.48264
   1.50415
   1.52478
   1.51541
   1.50187
   1.46441
   1.45075
   1.43176
   1.45013
   1.49936
   1.51871
   1.53810
   1.60313
   1.68402
   1.70031
   1.68530
   1.64384
   1.62859
   1.58608
   1.57029
   1.55739
   1.54071
   1.62138
   1.70551
   1.72198
   1.76629
   1.78183
   1.79936
   1.78388
   1.76778
   1.72794
   1.71404
   1.68713
   1.70214
   1.74172
   1.75563
   1.79233
   1.80569
   1.88306
   2.07504
   2.05949
   2.01732
   2.00195
   1.95949
   1.94387
   1.90091
   1.88623
   1.96203
   2.15527
   2.16476
   2.19635
   2.20775
   2.22263
   2.20660
   2.16189
   2.14575
   2.12932
   2.08912
   2.09814
   2.12066
   2.13116
   2.15864
   2.16975
   2.36145
   2.43346
   2.41575
   2.36699
   2.34916
   2.29973
   2.28057
   2.23587
   2.22194
   2.40334
   2.47343
   2.48098
   2.50026
   2.50662
   2.51355
   2.49457
   2.44163
   2.42437
   2.37675
   2.35956
   2.34234
   2.33838
   2.34338
   2.38130
   2.45015
   2.63676
   2.70161
   2.66626
   2.64774
   2.62884
   2.57680
   2.55802
   2.53947
   2.60542
   2.78261
   2.84451
   2.86136
   2.86438
   2.86692
   2.86854
   2.84765
   2.79018
   2.76919
   2.71164
   2.69070
   2.64804
   2.64626
   2.64712
   2.66125
   2.72363
   2.89324
   2.95286
   2.92537
   2.90366
   2.84472
   2.82357
   2.80198
   2.76257
   2.82403
   2.99095
   3.05127
   3.18036
   3.18019
   3.17815
   3.17684
   3.15431
   3.09232
   3.07119
   3.01349
   2.99263
   2.94675
   2.94501
   2.94044
   2.93900
   2.99718
   3.15592
   3.21182
   3.19778
   3.17576
   3.11596
   3.09419
   3.03472
   3.01411
   3.06971
   3.22113
   3.27583
   3.40170
   3.39963
   3.39374
   3.39121
   3.33287
   3.31037
   3.28741
   3.22460
   3.20174
   3.14616
   3.14097
   3.13212
   3.13040
   3.26876
   3.32265
   3.37574
   3.37170
   3.34804
   3.28347
   3.25990
   3.19487
   3.17472
   3.30696
   3.36069
   3.55246
   3.64160
   3.63315
   3.62340
   3.58058
   3.53695
   3.49268
   3.45153
   3.41114
   3.37091
   3.33018
   3.32032
   3.31123
   3.39693
   3.48327
   3.56762
   3.65175
   3.73606
   3.69534
   3.64749
   3.60670
   3.55865
   3.51915
   3.60395
   3.67919
   3.76623
   3.83700
   3.82949
   3.81885
   3.77540
   3.72413
   3.68053
   3.62919
   3.58550
   3.53410
   3.49074
   3.47639
   3.46733
   3.53937
   3.62350
   3.69437
   3.77805
   3.84806
   3.79609
   3.75023
   3.70438
   3.64753
   3.60565
   3.68267
   3.75421
   3.83835
   3.90966
   3.98701
   3.98021
   3.93442
   3.88026
   3.83313
   3.78142
   3.73782
   3.68699
   3.64414
   3.59693
   3.59305
   3.66281
   3.74508
   3.81493
   3.89689
   3.96637
   3.91880
   3.87477
   3.82308
   3.77929
   3.73648
   3.80772
   3.87535
   3.95450
   4.02013
   4.09555
   4.09274
   4.04057
   3.99551
   3.95060
   3.89813
   3.85352
   3.80116
   3.75681
   3.71105
   3.77698
   3.85473
   3.92111
   3.98784
   4.06594
   4.13094
   4.08322
   4.03705
   3.98278
   3.93561
   3.89338
   3.95991
   4.02593
   4.10338
   4.16864
   4.23967
   4.19234
   4.13631
   4.08863
   4.03151
   3.98550
   3.93934
   3.88519
   3.83959
   3.79079
   3.85202
   3.92510
   3.98711
   4.05979
   4.12033
   4.18365
   4.13638
   4.08858
   4.03265
   3.98529
   3.93710
   3.99918
   4.07170
   4.13307
   4.19290
   4.26542
   4.27220
   4.21704
   4.16706
   4.10817
   4.05809
   3.99950
   3.94999
   3.90055
   3.84090
   3.84715
   3.91313
   3.97207
   4.04204
   4.10231
   4.16386
   4.11238
   4.06157
   4.00202
   3.94919
   3.89789
   4.03685
   4.10174
   4.17916
   4.24457
   4.24677
   4.19213
   4.14209
   4.08196
   4.03356
   3.97781
   3.93039
   3.87943
   3.88133
   3.88360
   3.95320
   4.01755
   4.09346
   4.15892
   4.22873
   4.17954
   4.12270
   4.07487
   4.02730
   3.97497
   4.04020
   4.11714
   4.18269
   4.25522
   4.25277
   4.24621
   4.19812
   4.16878
   4.08883
   4.05977
   3.98045
   3.95188
   3.88929
   3.88746
   3.91515
   3.95399
   3.99394
   4.10367
   4.14390
   4.22798
   4.19826
   4.11774
   4.08854
   4.00890
   3.98153
   4.02275
   4.13614
   4.17792
   4.27518
   4.27140
   4.24511
   4.21521
   4.13330
   4.10381
   4.07470
   3.99527
   3.96652
   3.89732
   3.89262
   3.88061
   3.87749
   3.98061
   4.02116
   4.06091
   4.03448
   4.00486
   3.92429
   3.89505
   3.81508
   3.78763
   3.88865
   3.93008
   3.97257
   4.07764
   4.07123
   4.05353
   4.04638
   3.97164
   3.94093
   3.85753
   3.82770
   3.79756
   3.71944
   3.70945
   3.68710
   3.68055
   3.77890
   3.82228
   3.88624
   3.85654
   3.82646
   3.74457
   3.71527
   3.63281
   3.60595
   3.70438
   3.75168
   3.88347
   3.93092
   3.92372
   3.90409
   3.89679
   3.82960
   3.79958
   3.72093
   3.69284
   3.61728
   3.59068
   3.58472
   3.56901
   3.56459
   3.66773
   3.71740
   3.80896
   3.78100
   3.70591
   3.67924
   3.65247
   3.57981
   3.55508
   3.64890
   3.69954
   3.80635
   3.80022
   3.78309
   3.77733
   3.77112
   3.71356