3.666339097
3.641582722
3.617112432
3.592752967
3.568471371
3.54280738
3.589661938
3.637834211
3.686978773
3.737181138
3.706050535
3.675991914
3.64659722
3.617649681
3.589056274
3.641775228
3.695240251
3.749749638
3.805412223
3.781513008
3.757938099
3.735084109
3.713046425
3.691617723
3.670735173
3.646055654
3.621175978
3.596748353
3.568614157
3.540970752
3.518240935
3.496713948
3.475907185
3.455570092
3.43561959
3.415597179
3.391480972
3.367941498
3.345122021
3.40936616
3.475410259
3.542990439
3.519448026
3.496958183
3.474940924
3.45603554
3.429521324
3.403696337
3.3787252
3.449036073
3.520811631
3.503072317
3.485813548
3.46922636
3.453233212
3.438242925
3.417890373
3.398167665
3.379151794
3.36083206
3.343166627
3.322235818
3.301458895
3.284639198
3.26827248
3.257244405
3.237144784
3.21780632
3.199080233
3.180954448
3.163474897
3.146464314
3.12971382
3.212813736
3.297148251
3.284516326
3.260591357
3.237521835
3.215244757
3.193708166
3.172750413
3.152310896
3.132148384
3.117452353
3.102345802
3.093218736
3.075098248
3.058013786
3.041858499
3.026640135
3.012389387
2.99896611
2.986273271
2.975015429
2.957879857
2.940756739
2.927508614
2.915230471
2.903797962
2.893031723
2.883054004
2.873784437
2.865247539
2.857364984
2.850039294
2.844031521
2.835114113
2.81684583
2.799670763
2.78314208
2.767327271
2.75215304
2.737467321
2.72333415
2.709742561
2.691896802
2.686512821
2.681126464
2.67648242
2.672812471
2.670268898
2.668953587
2.668899109
2.670100885
2.672429155
2.671109973
2.670817916
2.658690546
2.646819281
2.648795062
2.651905692
2.656167407
2.661623299
2.668254706
2.67594252
2.683417763
2.687834539
2.693124993
2.699484217
2.567422695
2.43642659
2.428728581
2.421917342
2.415571083
2.40952118
2.406014151
2.3954038
2.385319833
2.251620642
2.118533547
2.129321833
2.141118309
2.154066121
2.168054025
2.182896494
2.199775505
2.211424663
2.224113283
2.237905982
2.252845555
2.247936811
2.243283223
2.260559173
2.278804881
2.297582999
2.322173938
2.338095436
2.355186773
2.37341084
2.392814324
2.41322238
2.280015016
2.147528519
2.014541505
1.880617838
1.885841334
1.878418346
1.871911972
1.866213698
1.861262666
1.725993999
1.590741116
1.455434591
1.3200727
1.343869051
1.37639257
1.398216
1.421732854
1.44684185
1.47362483
1.501796176
1.531483759
1.56248509
1.563198636
1.563921573
1.599290972
1.630042615
1.662139695
1.69568441
1.730490059
1.766831689
1.805395453
1.845749133
1.88768152
1.758597073
1.631238878
1.499866736
1.370206603
1.374801392
1.380333764
1.3865384
1.393410777
1.401040273
1.276191919
1.151579475
1.02314643
0.895917502
0.769335636
0.817503326
0.866899344
0.918052876
0.970864927
1.02541476
1.08147293
1.13911421
1.193898231
1.206296852
1.21854238
1.230815696
1.288282953
1.347124283
1.407204324
1.468031072
1.530112692
1.593549932
1.655704065
1.53733162
1.419900559
1.303324906
1.187721684
1.07296159
0.958917267
0.975326313
0.99229283
1.009460527
1.02802331
0.911786954
0.7964921
0.682636576
0.570617618
0.459823115
0.350425678
0.420988425
0.492325258
0.564955574
0.639684811
0.710641087
0.782585841
0.799810557
0.817054131
0.834500439
0.852274672
0.92784467
1.004911539
1.083099005
1.165889302
1.242443096
1.320205559
1.211249301
1.103881284
0.997700691
0.892674867
0.788914827
0.685397147
0.581858819
0.610938928
0.627236631
0.643958585
0.539552208
0.436212928
0.333770835
0.232115284
0.131009401
0.030698329
-0.068916758
-0.158133741
-0.072824921
0.014325939
0.103322675
0.19416393
0.286808728
0.311033177
0.335380345
0.360046051
0.384899592
0.413081681
0.507349037
0.604072779
0.702550235
0.802198135
0.710183293
0.619809892
0.530545003
0.442558986
0.355731547
0.272027093
0.184872952
0.099144917
0.126791193
0.154797906
0.183281931
0.100972331
0.019690568
-0.060514432
-0.139466675
-0.219778105
-0.29957004
-0.378494205
-0.456429405
-0.533088982
-0.419089447
-0.304288519
-0.188281671
-0.15262262
-0.116810874
-0.084357575
-0.051010168
-0.018171339
0.01437632
0.130278796
0.24651331
0.363996165
0.293034982
0.223555796
0.155247485
0.084842065
0.015562301
-0.05305563
-0.120916972
-0.187851759
-0.253899971
-0.319224633
-0.285502855
-0.251674625
-0.315276097
-0.377847809
-0.44287534
-0.507057486
-0.570255467
-0.632352471
-0.693531574
-0.754008332
-0.813681793
-0.87259404
-0.745884073
-0.617214947
-0.584913347
-0.552738716
-0.520685117
-0.488781864
-0.456721439
-0.424914144
-0.393270883
-0.26666725
-0.139401424
-0.193194269
-0.252744241
-0.311292764
-0.36902904
-0.425996261
-0.482304851
-0.537974746
-0.593108556
-0.647904837
-0.702611796
-0.662263284
-0.634859226
-0.690331243
-0.744712856
-0.797832595
-0.849904966
-0.900939083
-0.951470776
-1.001777475
-1.052119176
-1.089678487
-1.140687761
-1.003443836
-0.971910704
-0.940132332
-0.907806542
-0.875170319
-0.842408541
-0.809390961
-0.77646129
-0.737682521
-0.707112978
-0.75117579
-0.793381508
-0.834350697
-0.874218126
-0.913600205
-0.951966497
-0.989341084
-1.025773926
-1.058053357
-1.094249963
-1.129313206
-1.093595955
-1.05726991
-1.089313405
-1.120570211
-1.150869806
-1.180082143
-1.208829355
-1.237540061
-1.266221527
-1.294220438
-1.321290011
-1.347276656
-1.490224702
-1.448742096
-1.40741038
-1.365827409
-1.324189171
-1.285141504
-1.244324743
-1.204061363
-1.164319726
-1.307493869
-1.449940886
-1.47148491
-1.492137885
-1.511959122
-1.531041271
-1.552485882
-1.570233182
-1.587493352
-1.604153124
-1.620379574
-1.636072988
-1.596366229
-1.556605305
-1.571041146
-1.585402191
-1.599973758
-1.614144646
-1.627653742
-1.640551668
-1.652697557
-1.664007362
-1.674564149
-1.684569026
-1.819631552
-1.954893424
-1.912774202
-1.873687993
-1.834807935
-1.796114393
-1.757581442
-1.719309175
-1.681188541
-1.816186728
-1.950772785
-1.958968241
-1.964169371
-1.971827846
-1.978916621
-1.98559899
-1.991746168
-1.99721615
-2.002249993
-2.006760706
-2.010887456
-1.973843394
-1.928178789
-1.932867644
-1.936554063
-1.939010575
-1.940313117
-1.940649797
-1.940241799
-1.939347173
-1.938166992
-1.937080988
-2.055563344
-2.187306868
-2.317518392
-2.446284077
-2.405013693
-2.363658905
-2.32206901
-2.280412572
-2.238894364
-2.364539258
-2.482583005
-2.606957963
-2.729698958
-2.719374568
-2.70775057
-2.695798562
-2.682844275
-2.668956214
-2.654125847
-2.638347677
-2.619292505
-2.602226253
-2.555492707
-2.508285233
-2.489264559
-2.469561928
-2.449056933
-2.427922988
-2.405943819
-2.382840162
-2.359701804
-2.335126413
-2.445988915
-2.555622795
-2.663567621
-2.770458491
-2.876449672
-2.823206428
-2.770186424
-2.717276587
-2.666328925
-2.613119466
-2.716177606
-2.818396609
-2.92025514
-3.021848982
-3.12302998
-3.091877637
-3.060811783
-3.029478382
-3.001355032
-2.968172901
-2.934891372
-2.901519695
-2.849656669
-2.798244487
-2.747378704
-2.696986212
-2.66408267
-2.631296838
-2.600801192
-2.567514026
-2.534146702
-2.50057719
-2.595203166
-2.689323803
-2.78273002
-2.875493346
-2.967711684
-3.059315101
-3.149591137
-3.098169921
-3.047396106
-2.996999175
-3.086066933
-3.174433275
-3.262276411
-3.349561435
-3.436696999
-3.523530155
-3.610039578
-3.570804255
-3.53128696
-3.491739165
-3.451990114
-3.412004828
-3.371820582
-3.321423374
-3.271436666
-3.221982449
-3.167694194
-3.127961287
-3.087971209
-3.047605518
-3.006778111
-2.965440379
-3.044647538
-3.123747176
-3.202374639
-3.280758036
-3.349747392
-3.427110262
-3.503131134
-3.577714538
-3.523904918
-3.470194121
-3.416369623
-3.487897215
-3.558068537
-3.627235388
-3.68992995
-3.757181647
-3.823938709
-3.889688432
-3.954219339
-3.903705958
-3.852707031
-3.801529434
-3.750167921
-3.692773885
-3.632438731
-3.574454049
-3.516592045
-3.458884638
-3.401334787
-3.348849718
-3.296607971
-3.244514254
-3.192051454
-3.251069849
-3.307276941
-3.363689185
-3.419383099
-3.474424533
-3.528680215
-3.582184629
-3.63504748
-3.574821936
-3.51531411
-3.45626429
-3.507995218
-3.556871926
-3.605648882
-3.654331686
-3.703209177
-3.751786393
-3.800304853
-3.848600884
-3.896414923
-3.842421075
-3.790767911
-3.734141035
-3.674821419
-3.616362738
-3.559015231
-3.502719931
-3.447356224
-3.392890401
-3.342337331
-3.292965971
-3.246785445
-3.29253618
-3.338442234
-3.384000802
-3.429271524
-3.474239657
-3.518998053
-3.56359609
-3.607952949
-3.652246961
-3.695827636
-3.641634521
-3.683537516
-3.724756004
-3.765816019
-3.806995427
-3.847961504
-3.88898191
-3.929940174
-3.970676863
-4.012555178
-4.050907805
-4.089118484
-4.040054311
-3.987802206
-3.936091197
-3.884954433
-3.834327206
-3.784215646
-3.734589209
-3.682775379
-3.633165359
-3.587487108
-3.625121587
-3.662493315
-3.699483173
-3.73636019
-3.773058672
-3.809746971
-3.846470686
-3.876654233
-3.911708397
-3.945832417
-3.979149185
-3.927382131
-3.960328845
-3.992567625
-4.02442162
-4.055951548
-4.087606437
-4.11332817
-4.143247486
-4.172527219
-4.201180852
-4.229956988
-4.258453022
-4.205865024
-4.152960385
-4.100353381
-4.048153831
-3.992764818
-3.939041728
-3.885732377
-3.8326755
-3.780000377
-3.79651057
-3.822301332
-3.848504163
-3.874601423
-3.900624759
-3.922941224
-3.946265016
-3.969786497
-3.993205125
-4.016625807
-4.039996284
-4.063349973
-4.010126899
-4.034231841
-4.058221912
-4.080071222
-4.100095714
-4.120378924
-4.141168245
-4.162470516
-4.184699107
-4.207500915
-4.230832628
-4.254509674
-4.263704925
-4.21628483
-4.16268943
-4.110054761
-4.058488127
-4.008175188
-3.959060605
-3.910972297
-3.863858319
-3.871457564
-3.879373619
-3.906730251
-3.927591052
-3.948852874
-3.97062045
-3.992915274
-4.015700414
-4.038990304
-4.062779401
-4.087104801
-4.111759102
-4.067224169
-4.019968981
-4.042252129
-4.064515835
-4.087086998
-4.110097635
-4.133639684
-4.157555402
-4.181926403
-4.206822688
-4.234753965
-4.234204131
-4.233491958
-4.232569237
-4.188193478
-4.144295634
-4.101005297
-4.058220919
-4.015915482
-3.973976629
-3.973722361
-3.970095426
-3.966153401
-3.987301109
-4.009044298
-4.03124474
-4.053831659
-4.076793626
-4.100234485
-4.123986336
-4.145147442
-4.166665604
-4.122049869
-4.078027371
-4.034316645
-4.056946679
-4.079475642
-4.10243867
-4.125999545
-4.149936218
-4.169844247
-4.191476932
-4.213307286
-4.202001975
-4.190079353
-4.178444165
-4.16686197
-4.155282958
-4.11249212
-4.069864086
-4.025447167
-3.980441067
-3.935897303
-3.920623018
-3.90551044
-3.890317342
-3.875094205
-3.897960624
-3.921750004
-3.94602739
-3.966884636
-3.988176354
-4.01013172
-4.033082514
-4.056832099
-4.014025177
-3.9723466
-3.931524924
-3.958950816
-3.986966707
-4.013083299
-4.037733599
-4.063074235
-4.089319856
-4.116609095
-4.09955099
-4.082554862
-4.065862208
-4.049334148
-4.03274552
-4.017476975
-3.975856952
-3.934737433
-3.894584316
-3.855538555
-3.836049073
-3.817448364
-3.79936859
-3.781723597
-3.764380086
-3.750252605
-3.777517294
-3.80596756
-3.835351945
-3.865771809
-3.89735835
-3.930222856
-3.964315141
-3.930112954
-3.896942481
-3.864673018
-3.828119484
-3.861686661
-3.895978361
-3.931242041
-3.967418684
-4.004894518
-4.043390115
-4.024169554
-4.004799169
-3.989454615
-3.966476024
-3.943714101
-3.921202488
-3.898863958
-3.865909423
-3.833105613
-3.800705502
-3.778326396
-3.755934488
-3.737465038
-3.711706671
-3.686329056
-3.661337102
-3.636881572
-3.675519792
-3.715575116
-3.756574202
-3.79835018
-3.840974472
-3.810467235
-3.775902434
-3.741792567
-3.708180528
-3.675116629
-3.719242462
-3.764058988
-3.810006425
-3.85694089
-3.905056521
-3.879241046
-3.852187345
-3.825209182
-3.798861067
-3.773539201
-3.748976147
-3.72472211
-3.700681955
-3.670828275
-3.641050337
-3.615770022
-3.588828063
-3.562141183
-3.535627952
-3.509677694
-3.484009276
-3.458708655
-3.433837972
-3.40958087
-3.463863294
-3.515315601
-3.56809116
-3.621856135
-3.590924817
-3.560986326
-3.531794294
-3.503412874
-3.475874835
-3.449109253
-3.510497349
-3.56845251
-3.627096768
-3.603150276
-3.579494221
-3.556483953
-3.534057105
-3.512246109
-3.491190951
-3.470765493
-3.450814307
-3.43099293
-3.403027416
-3.375435559
-3.352283126
-3.33025071
-3.309002341
-3.288643652
-3.269053224
-3.250169938
-3.231686095
-3.216225522
-3.193367179
-3.171076073
-3.2384664
-3.30770215
-3.283898122
-3.261181931
-3.239223048
-3.217932028
-3.197203969
-3.177593333
-3.152677615
-3.225431073
-3.299197566
-3.280645007
-3.262496203
-3.244992339
-3.228015705
-3.211224489
-3.194557393
-3.183165696
-3.162686685
-3.142854524
-3.12367003
-3.101592045
-3.079749817
-3.061894439
-3.044615581
-3.027347531
-3.009905528
-3.000326795
-2.979719768
-2.9600754
-2.941401667
-2.923582878
-2.906487631
-2.889918965
-2.97656786
-2.955850077
-2.935201787
-2.920264784
-2.896655024
-2.873767536
-2.851557672
-2.83000757
-2.8089815
-2.794598301
-2.780462958
-2.766963299
-2.753887657
-2.741053932
-2.725975144
-2.712374415
-2.699908029
-2.688085805
-2.676983647
-2.666699781
-2.649227921
-2.631857142
-2.622906365
-2.614741021
-2.603622283
-2.593203688
-2.583684656
-2.575818431
-2.569011534
-2.563141381
-2.558124455
-2.554037072
-2.550859944
-2.415488214
-2.398266581
-2.381760406
-2.365756269
-2.350382955
-2.335713617
-2.3218273
-2.308832727
-2.296632894
-2.166251529
-2.163166595
-2.161362065
-2.160199953
-2.159821357
-2.160399718
-2.161963766
-2.164430902
-2.167848378
-2.172266283
-2.177604771
-2.168507412
-2.156026533
-2.158875351
-2.163124726
-2.168430364
-2.174956255
-2.182765233
-2.191678577
-2.201467586
-2.212058823
-2.225768711
-2.233041931
-2.098478969
-1.965035252
-1.956398491
-1.948810438
-1.941924512
-1.935586932
-1.929927787
-1.924715383
-1.921120142
-1.786855222
-1.652550043
-1.518718538
-1.531072098
-1.544221593
-1.557970041
-1.572655886
-1.588102982
-1.604115586
-1.62593154
-1.639697552
-1.654384306
-1.647640811
-1.641123034
-1.657982198
-1.676059783
-1.694906522
-1.714295117
-1.734076737
-1.763728086
-1.781219692
-1.800275965
-1.820962027
-1.684823869
-1.549460921
-1.414406843
-1.279323083
-1.275126505
-1.271076028
-1.275187424
-1.268104097
-1.261966971
-1.256709969
-1.121146717
-0.986564741
-0.852432342
-0.718329789
-0.74703515
-0.776406544
-0.808318046
-0.836722277
-0.866502663
-0.897356892
-0.929289963
-0.962635811
-0.964087889
-0.965925951
-0.968289133
-1.00555691
-1.044407365
-1.081282205
-1.119785841
-1.159723078
-1.201112109
-1.24395972
-1.288208793
-1.161895446
-1.036308872
-0.911547721
-0.783130145
-0.655687685
-0.661879691
-0.66875847
-0.676255651
-0.68460911
-0.561289963
-0.439124989
-0.31813837
-0.19891002
-0.076389804
-0.129846764
-0.183980416
-0.239058945
-0.29501554
-0.352132151
-0.410698348
-0.470598178
-0.531704696
-0.54750664
-0.560854052
-0.572597234
-0.632046826
-0.692722452
-0.754577244
-0.817674273
-0.882135057
-0.947819385
-1.014683542
-0.901242468
-0.790025344
-0.674365493
-0.560325579
-0.447463711
-0.336243067
-0.352356532
-0.369115269
-0.38611686
-0.40340492
-0.295187303
-0.187692011
-0.075985627
0.034926228
0.145205287
0.254724374
0.182712989
0.109697923
0.035616527
-0.039500664
-0.115501864
-0.196024216
-0.212420354
-0.228585635
-0.244939308
-0.261541181
-0.338471102
-0.416872533
-0.496231093
-0.576261879
-0.656930345
-0.747894159
-0.640245368
-0.534033521
-0.429132174
-0.325562594
-0.222954438
-0.120924322
-0.019894741
-0.039750446
-0.059693212
-0.089269041
0.013164112
0.113463956
0.211950307
0.308793021
0.404275295
0.498572154
0.591775448
0.68423434
0.590516199
0.494023708
0.401424412
0.307626772
0.212244278
0.18678833
0.161077018
0.134981819
0.108551869
0.081823028
-0.019312375
-0.123349665
-0.224076942
-0.325863967
-0.239624587
-0.15489289
-0.070586809
0.012411045
0.09384314
0.174074843
0.253243627
0.333916092
0.413918545
0.383847115
0.353253443
0.430697149
0.507129577
0.582236042
0.656064185
0.728279646
0.7992257
0.872135796
0.942898241
1.01334134
0.895437906
0.777291881
0.658819407
0.623387147
0.58869302
0.554333335
0.519892008
0.488114449
0.455929491
0.424128935
0.306696805
0.188087774
0.255718273
0.321899406
0.387304115
0.452021435
0.516373508
0.579372798
0.644689198
0.709160591
0.772565194
0.835066197
0.802677963
0.770178834
0.830957731
0.891413896
0.951243608
1.008945359
1.06984378
1.129900474
1.189321147
1.248383825
1.306699632
1.364522224
1.236113315
1.107541392
1.074632024
1.038722424
1.008729134
0.979008789
0.949460637
0.91999501
0.890831904
0.762806183
0.634083376
0.69073618
0.746972791
0.792568064
0.850308275
0.906513585
0.961316874
1.014962335
1.067681029
1.119482489
1.170683159
1.140557435
1.111013462
1.149878951
1.202101232
1.252538136
1.301386155
1.348757778
1.394769268
1.439590883
1.483486012
1.526657374
1.568754825
1.604233425
1.569989267
1.535902989
1.501567536
1.467393999
1.433051414
1.398508048
1.363935559
1.329324283
1.294675581
1.328825638
1.366261301
1.402831895
1.43824146
1.47249424
1.505294728
1.537061845
1.567805913
1.598055188
1.627307897
1.656151119
1.617902677
1.579386816
1.60681407
1.633575041
1.659204704
1.683843596
1.707349361
1.72982608
1.75121482
1.774079632
1.793797274
1.81306654
1.951772852
2.090592595
2.047584659
2.005300829
1.964061792
1.923119009
1.88231655
1.844761097
1.804507644
1.944119915
2.082916854
2.100023172
2.116351182
2.132079052
2.147212083
2.161793553
2.176143787
2.190789405
2.204291535
2.217154653
2.229316645
2.189327825
2.149348693
2.160215312
2.170888188
2.181008385
2.190621024
2.198335748
2.207555588
2.215956458
2.223545968
2.230433817
2.236890493
2.370066189
2.503641666
2.46284239
2.422847741
2.380998171
2.342126104
2.303669094
2.26559463
2.22772385
2.36294072
2.497578308
2.631909232
2.637111775
2.641928871
2.637969954
2.64230862
2.645428308
2.647359779
2.648314703
2.648395752
2.647784307
2.608756933
2.569978545
2.569066703
2.556852592
2.555966643
2.553470008
2.54948375
2.544207352
2.537683589
2.530172375
2.521817552
2.645624293
2.769213138
2.885761326
3.008540795
2.963493262
2.918295086
2.873312593
2.828181172
2.782885152
2.901827453
3.019730387
3.136830305
3.251231246
3.367143384
3.349408844
3.330542493
3.310663118
3.290173244
3.269367652
3.247638884
3.225093336
3.201633355
3.151040312
3.099541875
3.048287313
3.023154639
2.9976333
2.971266782
2.944073964
2.916188643
2.887508933
2.85811727
2.962545822
3.063672251
3.164515497
3.265039804
3.365409575
3.465351066
3.410039261
3.355780934
3.301976863
3.248900918
3.351381732
3.447512771
3.542941055
3.637744959
3.732050072
3.825932463
3.791410022
3.756914856
3.722420301
3.687936175
3.655327629
3.618931115
3.565212694
3.511790999
3.458812058
3.406428694
3.370415608
3.334711341
3.298769224
3.262510754
3.225512795
3.188451141
3.27687788
3.365155502
3.452702489
3.540007002
3.626939742
3.713452687
3.799500751
3.746849319
3.695232561
3.643134608
3.728405471
3.8126883
3.896058164
3.978546248
4.060279745
4.141033434
4.221078882
4.300838779
4.254770356
4.212194237
4.16922477
4.125917039
4.082256437
4.02869548
3.974963141
3.921579463
3.868857882
3.825279226
3.77334141
3.729347442
3.684463223
3.638672016
3.711133571
3.782292379
3.852259473
3.921113751
3.989312852
4.056824529
4.118270734
4.184357293
4.126201719
4.068248191
4.010241071
4.07388305
4.136429042
4.198410676
4.259606107
4.320009991
4.377092804
4.435378899
4.493589061
4.439033121
4.383884343
4.328474173
4.27307887
4.21215019
4.150943275
4.09003936
4.027493592
3.965474314
3.903880801
3.847704274
3.791913214
3.736188264
3.680665107
3.732542998
3.784184465
3.835119619
3.884470851
3.931600783
3.978491796
4.025533991
4.072315088
4.118940434
4.05724229
3.996857859
4.044383785
4.091083065
4.139248186
4.181933394
4.224468409
4.266926464
4.309861874
4.352759711
4.395768395
4.340978749
4.28671138
4.233161726
4.177819247
4.118216699
4.059365648
4.001379743
3.944482079
3.888606205
3.833638813
3.782949816
3.733251818
3.776764219
3.819659031
3.860627653
3.901121116
3.941403717
3.981698363
4.021795262
4.062103762
4.102320139
4.142348819
4.088900028
4.037738421
4.076224479
4.114207475
4.152029389
4.189992982
4.227734561
4.265234099
4.30247536
4.339632437
4.376708928
4.41101302
4.361853293
4.308607731
4.255527426
4.20280036
4.150412506
4.09843636
4.047131376
3.996569385
3.946539277
3.895264302
3.929701822
3.96351645
3.996536659
4.028937158
4.060833022
4.09238629
4.123600037
4.154582887
4.185349073
4.210350456
4.239671814
4.185599903
4.131923014
4.160939738
4.189399938
4.217583294
4.245472524
4.273093912
4.300474948
4.324453307
4.349091054
4.373688083
4.398206447
4.422576139
4.368369891
4.31411395
4.26022114
4.206702892
4.153637568
4.096841299
4.041667703
3.987020876
3.998726488
4.021549793
4.044597216
4.067630955
4.090771888
4.114023896
4.137455312
4.158673616
4.178071978
4.197667706
4.217778848
4.238515776
4.185178128
4.13336985
4.156727421
4.180162621
4.203722472
4.229427267
4.248687155
4.268353668
4.288630787
4.309569917
4.331195018
4.353423005
4.359827076
4.365995798
4.318261539
4.273782004
4.222462676
4.172053998
4.122655106
4.07437644
4.027119885
4.031323547
4.036151313
4.059404929
4.083365098
4.107442917
4.128080889
4.148933426
4.170046449
4.191533416
4.213548392
4.236292687
4.259617054
4.215084536
4.171413303
4.198927488
4.220064578
4.241750304
4.263877671
4.286478076
4.309600081
4.333100878
4.356925478
4.381013305
4.380537356
4.380098379
4.375391342
4.330209031
4.285210312
4.240761774
4.197009801
4.153873778
4.11114589
4.106596563
4.102159308
4.094478284
4.086714201
4.106741823
4.127188955
4.147825043
4.168702413
4.189918898
4.211548826
4.233824424
4.256494376
4.275035109
4.22926672
4.184011899
4.205059356
4.226411997
4.248293407
4.270667324
4.294052601
4.318324297
4.343163002
4.366644183
4.351727924
4.336452758
4.321460473
4.306375107
4.291422724
4.248307492
4.205370671
4.16293904
4.121004631
4.075529921
4.057151929
4.039005898
4.02083112
4.002742766
3.98465809
4.008080701
4.032911791
4.058594631
4.085087561
4.10948493
4.13253461
4.156471651
4.113259801
4.071411972
4.030716943
4.058985316
4.087775094
4.117569432
4.148118214
4.180779011
4.207378241
4.234946038
4.215124397
4.195392611
4.176089929
4.157248326
4.138866032
4.12091853
4.085527429
4.053795739
4.013991581
3.975103174
3.953599394
3.932883595
3.912759057
3.89295829
3.873447436
3.854199477
3.835105144
3.869599481
3.90043823
3.93203337
3.964528996
3.998187419
4.032933107
3.998297635
3.964654242
3.931525723
3.898792923
3.941340496
3.976444536
4.012590705
4.049852031
4.088158274
4.127588866
4.107074558
4.086132895
4.064919889
4.043330341
4.025829784
4.000518068
3.975413583
3.941533211
3.907942811
3.875036412
3.850799076
3.827036479
3.80348429
3.779931976
3.757790065
3.73131839
3.704902928
3.678712514
3.719513268
3.761673415
3.804825195
3.848813606
3.816962839
3.785784791
3.751833156
3.718047801
3.68453497
3.729785573
3.776663028
