0.000000E+00	-6.528867E-02	-4.811906E-02	-1.091505E-01	-2.225582E-01	
1.000000E+00	-1.551772E-01	-8.789296E-02	-2.583183E-01	-5.013885E-01	
2.000000E+00	-1.931202E-01	-4.504498E-02	-2.998484E-01	-5.380136E-01	
3.000000E+00	-2.207040E-01	3.679321E-02	-2.787096E-01	-4.626203E-01	
4.000000E+00	-2.532204E-01	1.389268E-01	-2.162890E-01	-3.305826E-01	
5.000000E+00	-2.954534E-01	2.519504E-01	-1.259040E-01	-1.694070E-01	
6.000000E+00	-3.477759E-01	3.698914E-01	-1.841015E-02	3.705373E-03	
7.000000E+00	-4.085939E-01	4.880879E-01	9.599912E-02	1.754931E-01	
8.000000E+00	-4.753957E-01	6.025086E-01	2.074806E-01	3.345936E-01	
9.000000E+00	-5.452732E-01	7.096209E-01	3.067969E-01	4.711446E-01	
1.000000E+01	-6.152414E-01	8.064549E-01	3.857615E-01	5.769750E-01	
1.100000E+01	-6.824741E-01	8.907193E-01	4.377039E-01	6.459491E-01	
1.200000E+01	-7.444956E-01	9.609093E-01	4.578747E-01	6.742884E-01	
1.300000E+01	-7.993364E-01	1.016378E+00	4.437404E-01	6.607820E-01	
1.400000E+01	-8.456518E-01	1.057358E+00	3.951437E-01	6.068497E-01	
1.500000E+01	-8.828000E-01	1.084928E+00	3.143143E-01	5.164428E-01	
1.600000E+01	-9.108704E-01	1.100937E+00	2.057330E-01	3.957992E-01	
1.700000E+01	-9.306681E-01	1.107865E+00	7.585185E-02	2.530485E-01	
1.800000E+01	-9.436539E-01	1.108659E+00	-6.731250E-02	9.769294E-02	
1.900000E+01	-9.518396E-01	1.106533E+00	-2.146812E-01	-5.998737E-02	
2.000000E+01	-9.576498E-01	1.104751E+00	-3.566846E-01	-2.095831E-01	
2.100000E+01	-9.637577E-01	1.106410E+00	-4.838665E-01	-3.412137E-01	
2.200000E+01	-9.729030E-01	1.114235E+00	-5.874793E-01	-4.461473E-01	
2.300000E+01	-9.877079E-01	1.130393E+00	-6.600391E-01	-5.173540E-01	
2.400000E+01	-1.010498E+00	1.156350E+00	-6.957993E-01	-5.499468E-01	
2.500000E+01	-1.043141E+00	1.192766E+00	-6.911167E-01	-5.414910E-01	
2.600000E+01	-1.086918E+00	1.239446E+00	-6.446874E-01	-4.921597E-01	
2.700000E+01	-1.142430E+00	1.295342E+00	-5.576353E-01	-4.047232E-01	
2.800000E+01	-1.209540E+00	1.358611E+00	-4.334496E-01	-2.843789E-01	
2.900000E+01	-1.287374E+00	1.426725E+00	-2.777732E-01	-1.384218E-01	
3.000000E+01	-1.374358E+00	1.496628E+00	-9.805654E-02	2.421353E-02	
3.100000E+01	-1.468304E+00	1.564912E+00	9.689761E-02	1.935050E-01	
3.200000E+01	-1.566535E+00	1.628037E+00	2.974804E-01	3.589823E-01	
3.300000E+01	-1.666037E+00	1.682548E+00	4.938680E-01	5.103790E-01	
3.400000E+01	-1.763637E+00	1.725285E+00	6.766261E-01	6.382744E-01	
3.500000E+01	-1.856188E+00	1.753587E+00	8.372937E-01	7.346925E-01	
3.600000E+01	-1.940756E+00	1.765454E+00	9.688994E-01	7.935967E-01	
3.700000E+01	-2.014790E+00	1.759674E+00	1.066388E+00	8.112715E-01	
3.800000E+01	-2.076271E+00	1.735903E+00	1.126924E+00	7.865561E-01	
3.900000E+01	-2.123828E+00	1.694689E+00	1.150057E+00	7.209174E-01	
4.000000E+01	-2.156815E+00	1.637436E+00	1.137737E+00	6.183569E-01	
4.100000E+01	-2.175339E+00	1.566326E+00	1.094173E+00	4.851606E-01	
4.200000E+01	-2.180242E+00	1.484186E+00	1.025563E+00	3.295071E-01	
4.300000E+01	-2.173046E+00	1.394313E+00	9.396823E-01	1.609495E-01	
4.400000E+01	-2.155844E+00	1.300280E+00	8.453838E-01	-1.017989E-02	
4.500000E+01	-2.131160E+00	1.205713E+00	7.520285E-01	-1.734193E-01	
4.600000E+01	-2.101791E+00	1.114075E+00	6.688819E-01	-3.188333E-01	
4.700000E+01	-2.070615E+00	1.028461E+00	6.045180E-01	-4.376363E-01	
4.800000E+01	-2.040416E+00	9.514069E-01	5.662672E-01	-5.227423E-01	
4.900000E+01	-2.013698E+00	8.847457E-01	5.597409E-01	-5.692115E-01	
5.000000E+01	-1.992526E+00	8.295034E-01	5.884670E-01	-5.745559E-01	
5.100000E+01	-1.978394E+00	7.858473E-01	6.536566E-01	-5.388901E-01	
5.200000E+01	-1.972130E+00	7.530863E-01	7.541124E-01	-4.649311E-01	
5.300000E+01	-1.973844E+00	7.297277E-01	8.862927E-01	-3.578237E-01	
5.400000E+01	-1.982921E+00	7.135866E-01	1.044524E+00	-2.248108E-01	
5.500000E+01	-1.998059E+00	7.019366E-01	1.221346E+00	-7.477696E-02	
5.600000E+01	-2.017355E+00	6.916949E-01	1.407968E+00	8.230796E-02	
5.700000E+01	-2.038428E+00	6.796306E-01	1.594816E+00	2.360183E-01	
5.800000E+01	-2.058568E+00	6.625843E-01	1.772118E+00	3.761347E-01	
5.900000E+01	-2.074917E+00	6.376809E-01	1.930520E+00	4.932836E-01	
6.000000E+01	-2.084650E+00	6.025250E-01	2.061655E+00	5.795291E-01	
6.100000E+01	-2.085161E+00	5.553677E-01	2.158669E+00	6.288765E-01	
6.200000E+01	-2.074229E+00	4.952314E-01	2.216646E+00	6.376479E-01	
6.300000E+01	-2.050175E+00	4.219862E-01	2.232905E+00	6.047168E-01	
6.400000E+01	-2.011965E+00	3.363732E-01	2.207172E+00	5.315806E-01	
6.500000E+01	-1.959293E+00	2.399742E-01	2.141590E+00	4.222712E-01	
6.600000E+01	-1.892602E+00	1.351267E-01	2.040580E+00	2.831049E-01	
6.700000E+01	-1.813075E+00	2.478936E-02	1.910567E+00	1.222808E-01	
6.800000E+01	-1.722568E+00	-8.762810E-02	1.759568E+00	-5.062794E-02	
6.900000E+01	-1.623500E+00	-1.984649E-01	1.596695E+00	-2.252705E-01	
7.000000E+01	-1.518724E+00	-3.040273E-01	1.431580E+00	-3.911713E-01	
7.100000E+01	-1.411350E+00	-4.008081E-01	1.273773E+00	-5.383851E-01	
7.200000E+01	-1.304567E+00	-4.856938E-01	1.132142E+00	-6.581190E-01	
7.300000E+01	-1.201458E+00	-5.561501E-01	1.014324E+00	-7.432847E-01	
7.400000E+01	-1.104815E+00	-6.103692E-01	9.262443E-01	-7.889398E-01	
7.500000E+01	-1.016979E+00	-6.473736E-01	8.717555E-01	-7.925973E-01	
7.600000E+01	-9.397101E-01	-6.670691E-01	8.523955E-01	-7.543837E-01	
7.700000E+01	-8.740862E-01	-6.702415E-01	8.673013E-01	-6.770265E-01	
7.800000E+01	-8.204523E-01	-6.584990E-01	9.132705E-01	-5.656807E-01	
7.900000E+01	-7.784116E-01	-6.341646E-01	9.849705E-01	-4.276057E-01	
8.000000E+01	-7.468657E-01	-6.001247E-01	1.075283E+00	-2.717078E-01	
8.100000E+01	-7.240964E-01	-5.596421E-01	1.175760E+00	-1.079789E-01	
8.200000E+01	-7.078887E-01	-5.161471E-01	1.277166E+00	5.313044E-02	
8.300000E+01	-6.956828E-01	-4.730188E-01	1.370071E+00	2.013690E-01	
8.400000E+01	-6.847482E-01	-4.333698E-01	1.445449E+00	3.273312E-01	
8.500000E+01	-6.723687E-01	-3.998498E-01	1.495266E+00	4.230471E-01	
8.600000E+01	-6.560252E-01	-3.744782E-01	1.512988E+00	4.824844E-01	
8.700000E+01	-6.335666E-01	-3.585187E-01	1.494012E+00	5.019262E-01	
8.800000E+01	-6.033574E-01	-3.524015E-01	1.435962E+00	4.802033E-01	
8.900000E+01	-5.643912E-01	-3.556980E-01	1.338859E+00	4.187692E-01	
9.000000E+01	-5.163633E-01	-3.671507E-01	1.205126E+00	3.216118E-01	
9.100000E+01	-4.597017E-01	-3.847580E-01	1.039456E+00	1.949966E-01	
9.200000E+01	-3.955506E-01	-4.059057E-01	8.485275E-01	4.707123E-02	
9.300000E+01	-3.257043E-01	-4.275353E-01	6.405999E-01	-1.126397E-01	
9.400000E+01	-2.525033E-01	-4.463433E-01	4.250111E-01	-2.738355E-01	
9.500000E+01	-1.786972E-01	-4.590000E-01	2.116010E-01	-4.260962E-01	
9.600000E+01	-1.072766E-01	-4.623645E-01	1.010968E-02	-5.595314E-01	
9.700000E+01	-4.128914E-02	-4.536914E-01	-1.704196E-01	-6.654002E-01	
9.800000E+01	1.634382E-02	-4.308150E-01	-3.221969E-01	-7.366681E-01	
9.900000E+01	6.300840E-02	-3.922959E-01	-4.391609E-01	-7.684484E-01	
1.000000E+02	9.655820E-02	-3.375231E-01	-5.173465E-01	-7.583115E-01	
1.010000E+02	1.154479E-01	-2.667644E-01	-5.551212E-01	-7.064377E-01	
1.020000E+02	1.188288E-01	-1.811616E-01	-5.532740E-01	-6.156067E-01	
1.030000E+02	1.066009E-01	-8.267321E-02	-5.149553E-01	-4.910276E-01	
1.040000E+02	7.941984E-02	2.603544E-02	-4.454669E-01	-3.400117E-01	
1.050000E+02	3.865669E-02	1.417454E-01	-3.519181E-01	-1.715161E-01	
1.060000E+02	-1.368622E-02	2.608715E-01	-2.427685E-01	4.416791E-03	
1.070000E+02	-7.509803E-02	3.796735E-01	-1.272868E-01	1.772887E-01	
1.080000E+02	-1.427133E-01	4.944756E-01	-1.495934E-02	3.368030E-01	
1.090000E+02	-2.134873E-01	6.018825E-01	8.511415E-02	4.735093E-01	
1.100000E+02	-2.843824E-01	6.989772E-01	1.648002E-01	5.793951E-01	
1.110000E+02	-3.525520E-01	7.834891E-01	2.174491E-01	6.483862E-01	
1.120000E+02	-4.155127E-01	8.539210E-01	2.383193E-01	6.767276E-01	
1.130000E+02	-4.712918E-01	9.096292E-01	2.248802E-01	6.632176E-01	
1.140000E+02	-5.185436E-01	9.508471E-01	1.769759E-01	6.092795E-01	
1.150000E+02	-5.566257E-01	9.786552E-01	9.683648E-02	5.188660E-01	
1.160000E+02	-5.856275E-01	9.949001E-01	-1.105716E-02	3.982154E-01	
1.170000E+02	-6.063539E-01	1.002064E+00	-1.402529E-01	2.554576E-01	
1.180000E+02	-6.202658E-01	1.003095E+00	-2.827339E-01	1.000950E-01	
1.190000E+02	-6.293749E-01	1.001204E+00	-4.294213E-01	-5.759238E-02	
1.200000E+02	-6.361058E-01	9.996564E-01	-5.707457E-01	-2.071952E-01	
1.210000E+02	-6.431318E-01	1.001549E+00	-6.972505E-01	-3.388328E-01	
1.220000E+02	-6.531926E-01	1.009608E+00	-8.001884E-01	-4.437735E-01	
1.230000E+02	-6.689103E-01	1.025999E+00	-8.720756E-01	-5.149871E-01	
1.240000E+02	-6.926100E-01	1.052188E+00	-9.071650E-01	-5.475868E-01	
1.250000E+02	-7.261608E-01	1.088836E+00	-9.018138E-01	-5.391381E-01	
1.260000E+02	-7.708435E-01	1.135748E+00	-8.547180E-01	-4.898138E-01	
1.270000E+02	-8.272571E-01	1.191874E+00	-7.670014E-01	-4.023841E-01	
1.280000E+02	-8.952670E-01	1.255374E+00	-6.421533E-01	-2.820468E-01	
1.290000E+02	-9.739983E-01	1.323718E+00	-4.858166E-01	-1.360965E-01	
1.300000E+02	-1.061876E+00	1.393850E+00	-3.054417E-01	2.653193E-02	
1.310000E+02	-1.156715E+00	1.462363E+00	-1.098313E-01	1.958166E-01	
1.320000E+02	-1.255835E+00	1.525717E+00	9.140566E-02	3.612870E-01	
1.330000E+02	-1.356224E+00	1.580455E+00	2.884454E-01	5.126769E-01	
1.340000E+02	-1.454708E+00	1.623420E+00	4.718537E-01	6.405655E-01	
1.350000E+02	-1.548141E+00	1.651949E+00	6.331693E-01	7.369768E-01	
1.360000E+02	-1.633588E+00	1.664042E+00	7.654211E-01	7.958744E-01	
1.370000E+02	-1.708499E+00	1.658488E+00	8.635535E-01	8.135424E-01	
1.380000E+02	-1.770854E+00	1.634943E+00	9.247317E-01	7.888204E-01	
1.390000E+02	-1.819283E+00	1.593953E+00	9.485051E-01	7.231750E-01	
1.400000E+02	-1.853139E+00	1.536924E+00	9.368226E-01	6.206077E-01	
1.410000E+02	-1.872529E+00	1.466038E+00	8.938954E-01	4.874049E-01	
1.420000E+02	-1.878296E+00	1.384122E+00	8.259196E-01	3.317446E-01	
1.430000E+02	-1.871962E+00	1.294472E+00	7.406707E-01	1.631803E-01	
1.440000E+02	-1.855619E+00	1.200661E+00	6.470024E-01	-7.955419E-03	
1.450000E+02	-1.831792E+00	1.106316E+00	5.542753E-01	-1.712014E-01	
1.460000E+02	-1.803277E+00	1.014900E+00	4.717550E-01	-3.166220E-01	
1.470000E+02	-1.772953E+00	9.295063E-01	4.080154E-01	-4.354316E-01	
1.480000E+02	-1.743604E+00	8.526725E-01	3.703870E-01	-5.205440E-01	
1.490000E+02	-1.717732E+00	7.862313E-01	3.644811E-01	-5.670197E-01	
1.500000E+02	-1.697405E+00	7.312084E-01	3.938257E-01	-5.723706E-01	
1.510000E+02	-1.684114E+00	6.877712E-01	4.596318E-01	-5.367113E-01	
1.520000E+02	-1.678690E+00	6.552287E-01	5.607023E-01	-4.627587E-01	
1.530000E+02	-1.681241E+00	6.320881E-01	6.934953E-01	-3.556577E-01	
1.540000E+02	-1.691153E+00	6.161645E-01	8.523374E-01	-2.226512E-01	
1.550000E+02	-1.707123E+00	6.047315E-01	1.029768E+00	-7.262362E-02	
1.560000E+02	-1.727249E+00	5.947063E-01	1.216998E+00	8.445478E-02	
1.570000E+02	-1.749149E+00	5.828580E-01	1.404450E+00	2.381589E-01	
1.580000E+02	-1.770115E+00	5.660273E-01	1.582356E+00	3.782690E-01	
1.590000E+02	-1.787287E+00	5.413390E-01	1.741359E+00	4.954115E-01	
1.600000E+02	-1.797840E+00	5.063976E-01	1.873094E+00	5.816508E-01	
1.610000E+02	-1.799168E+00	4.594544E-01	1.970706E+00	6.309919E-01	
1.620000E+02	-1.789053E+00	3.995318E-01	2.029278E+00	6.397572E-01	
1.630000E+02	-1.765812E+00	3.264997E-01	2.046132E+00	6.068197E-01	
1.640000E+02	-1.728413E+00	2.410995E-01	2.020991E+00	5.336773E-01	
1.650000E+02	-1.676549E+00	1.449126E-01	1.955998E+00	4.243617E-01	
1.660000E+02	-1.610665E+00	4.027690E-02	1.855577E+00	2.851894E-01	
1.670000E+02	-1.531942E+00	-6.984918E-02	1.726150E+00	1.243590E-01	
1.680000E+02	-1.442236E+00	-1.820558E-01	1.575736E+00	-4.855584E-02	
1.690000E+02	-1.343968E+00	-2.926823E-01	1.413446E+00	-2.232045E-01	
1.700000E+02	-1.239989E+00	-3.980349E-01	1.248912E+00	-3.891114E-01	
1.710000E+02	-1.133409E+00	-4.946061E-01	1.091684E+00	-5.363312E-01	
1.720000E+02	-1.027419E+00	-5.792829E-01	9.506311E-01	-6.560713E-01	
1.730000E+02	-9.251006E-01	-6.495308E-01	8.333884E-01	-7.412430E-01	
1.740000E+02	-8.292453E-01	-7.035419E-01	7.458831E-01	-7.869041E-01	
1.750000E+02	-7.421952E-01	-7.403387E-01	6.919664E-01	-7.905676E-01	
1.760000E+02	-6.657095E-01	-7.598271E-01	6.731767E-01	-7.523599E-01	
1.770000E+02	-6.008668E-01	-7.627930E-01	6.886511E-01	-6.750088E-01	
1.780000E+02	-5.480117E-01	-7.508443E-01	7.351871E-01	-5.636689E-01	
1.790000E+02	-5.067478E-01	-7.263042E-01	8.074521E-01	-4.255999E-01	
1.800000E+02	-4.759762E-01	-6.920591E-01	8.983275E-01	-2.697078E-01	
1.810000E+02	-4.539792E-01	-6.513717E-01	9.993660E-01	-1.059848E-01	
1.820000E+02	-4.385414E-01	-6.076723E-01	1.101332E+00	5.511858E-02	
1.830000E+02	-4.271033E-01	-5.643401E-01	1.194795E+00	2.033513E-01	
1.840000E+02	-4.169343E-01	-5.244877E-01	1.270730E+00	3.293076E-01	
1.850000E+02	-4.053182E-01	-4.907647E-01	1.321101E+00	4.250177E-01	
1.860000E+02	-3.897357E-01	-4.651906E-01	1.339376E+00	4.844492E-01	
1.870000E+02	-3.680361E-01	-4.490290E-01	1.320950E+00	5.038853E-01	
1.880000E+02	-3.385838E-01	-4.427102E-01	1.263450E+00	4.821565E-01	
1.890000E+02	-3.003721E-01	-4.458056E-01	1.166894E+00	4.207167E-01	
1.900000E+02	-2.530966E-01	-4.570576E-01	1.033708E+00	3.235535E-01	
1.910000E+02	-1.971853E-01	-4.744645E-01	8.685824E-01	1.969326E-01	
1.920000E+02	-1.337822E-01	-4.954124E-01	6.781962E-01	4.900152E-02	
1.930000E+02	-6.468191E-02	-5.168426E-01	4.708094E-01	-1.107151E-01	
1.940000E+02	7.775261E-03	-5.354517E-01	2.557597E-01	-2.719167E-01	
1.950000E+02	8.083966E-02	-5.479098E-01	4.288719E-02	-4.241830E-01	
1.960000E+02	1.515208E-01	-5.510763E-01	-1.580683E-01	-5.576238E-01	
1.970000E+02	2.167708E-01	-5.422056E-01	-3.380634E-01	-6.634983E-01	
1.980000E+02	2.736685E-01	-5.191320E-01	-4.893083E-01	-7.347718E-01	
1.990000E+02	3.195999E-01	-4.804161E-01	-6.057414E-01	-7.665576E-01	
2.000000E+02	3.524187E-01	-4.254470E-01	-6.833980E-01	-7.564262E-01	
2.010000E+02	3.705794E-01	-3.544925E-01	-7.206451E-01	-7.045581E-01	
2.020000E+02	3.732335E-01	-2.686942E-01	-7.182720E-01	-6.137327E-01	
2.030000E+02	3.602808E-01	-1.700108E-01	-6.794290E-01	-4.891590E-01	
2.040000E+02	3.323771E-01	-6.110762E-02	-6.094181E-01	-3.381486E-01	
2.050000E+02	2.908933E-01	5.479643E-02	-5.153483E-01	-1.696585E-01	
2.060000E+02	2.378319E-01	1.741163E-01	-4.056793E-01	6.268921E-03	
2.070000E+02	1.757036E-01	2.931115E-01	-2.896798E-01	1.791353E-01	
2.080000E+02	1.073740E-01	4.081065E-01	-1.768364E-01	3.386441E-01	
2.090000E+02	3.588757E-02	5.157058E-01	-7.624838E-02	4.753450E-01	
2.100000E+02	-3.571778E-02	6.129925E-01	3.950641E-03	5.812254E-01	
2.110000E+02	-1.045956E-01	6.976959E-01	5.711089E-02	6.502112E-01	
2.120000E+02	-1.682626E-01	7.683190E-01	7.849071E-02	6.785472E-01	
2.130000E+02	-2.247459E-01	8.242178E-01	6.555973E-02	6.650317E-01	
2.140000E+02	-2.726998E-01	8.656261E-01	1.816202E-02	6.110883E-01	
2.150000E+02	-3.114821E-01	8.936239E-01	-6.147249E-02	5.206694E-01	
2.160000E+02	-3.411820E-01	9.100583E-01	-1.688628E-01	4.000135E-01	
2.170000E+02	-3.626046E-01	9.174117E-01	-2.975566E-01	2.572505E-01	
2.180000E+02	-3.772105E-01	9.186305E-01	-4.395375E-01	1.018825E-01	
2.190000E+02	-3.870117E-01	9.169279E-01	-5.857262E-01	-5.581007E-02	
2.200000E+02	-3.944328E-01	9.155681E-01	-7.265535E-01	-2.054181E-01	
2.210000E+02	-4.021469E-01	9.176486E-01	-8.525627E-01	-3.370610E-01	
2.220000E+02	-4.128939E-01	9.258936E-01	-9.550066E-01	-4.420070E-01	
2.230000E+02	-4.292957E-01	9.424712E-01	-1.026401E+00	-5.132258E-01	
2.240000E+02	-4.536778E-01	9.688468E-01	-1.061000E+00	-5.458307E-01	
2.250000E+02	-4.879087E-01	1.005681E+00	-1.055159E+00	-5.373871E-01	
2.260000E+02	-5.332698E-01	1.052777E+00	-1.007575E+00	-4.880681E-01	
2.270000E+02	-5.903597E-01	1.109089E+00	-9.193725E-01	-4.006434E-01	
2.280000E+02	-6.590440E-01	1.172772E+00	-7.940396E-01	-2.803112E-01	
2.290000E+02	-7.384478E-01	1.241301E+00	-6.372195E-01	-1.343661E-01	
2.300000E+02	-8.269965E-01	1.311617E+00	-4.563628E-01	2.825720E-02	
2.310000E+02	-9.225036E-01	1.380312E+00	-2.602721E-01	1.975367E-01	
2.320000E+02	-1.022291E+00	1.443849E+00	-5.855633E-02	3.630022E-01	
2.330000E+02	-1.123344E+00	1.498770E+00	1.389607E-01	5.143871E-01	
2.340000E+02	-1.222491E+00	1.541917E+00	3.228448E-01	6.422705E-01	
2.350000E+02	-1.316585E+00	1.570627E+00	4.846348E-01	7.386768E-01	
2.360000E+02	-1.402691E+00	1.582901E+00	6.173594E-01	7.975694E-01	
2.370000E+02	-1.478259E+00	1.577528E+00	7.159633E-01	8.152324E-01	
2.380000E+02	-1.541270E+00	1.554164E+00	7.776113E-01	7.905054E-01	
2.390000E+02	-1.590352E+00	1.513354E+00	8.018532E-01	7.248550E-01	
2.400000E+02	-1.624860E+00	1.456505E+00	7.906377E-01	6.222828E-01	
2.410000E+02	-1.644899E+00	1.385798E+00	7.481761E-01	4.890750E-01	
2.420000E+02	-1.651314E+00	1.304060E+00	6.806643E-01	3.334099E-01	
2.430000E+02	-1.645626E+00	1.214589E+00	5.958781E-01	1.648409E-01	
2.440000E+02	-1.629927E+00	1.120956E+00	5.026709E-01	-6.300060E-03	
2.450000E+02	-1.606742E+00	1.026788E+00	4.104035E-01	-1.695509E-01	
2.460000E+02	-1.578867E+00	9.355493E-01	3.283415E-01	-3.149763E-01	
2.470000E+02	-1.549182E+00	8.503325E-01	2.650588E-01	-4.337908E-01	
2.480000E+02	-1.520469E+00	7.736752E-01	2.278858E-01	-5.189080E-01	
2.490000E+02	-1.495232E+00	7.074100E-01	2.224339E-01	-5.653886E-01	
2.500000E+02	-1.475538E+00	6.525626E-01	2.522311E-01	-5.707443E-01	
2.510000E+02	-1.462879E+00	6.093007E-01	3.184885E-01	-5.350898E-01	
2.520000E+02	-1.458084E+00	5.769330E-01	4.200087E-01	-4.611419E-01	
2.530000E+02	-1.461263E+00	5.539669E-01	5.532501E-01	-3.540457E-01	
2.540000E+02	-1.471800E+00	5.382173E-01	7.125391E-01	-2.210440E-01	
2.550000E+02	-1.488395E+00	5.269581E-01	8.904154E-01	-7.102111E-02	
2.560000E+02	-1.509143E+00	5.171061E-01	1.078089E+00	8.605260E-02	
2.570000E+02	-1.531663E+00	5.054306E-01	1.265984E+00	2.397519E-01	
2.580000E+02	-1.553247E+00	4.887726E-01	1.444332E+00	3.798575E-01	
2.590000E+02	-1.571036E+00	4.642563E-01	1.603775E+00	4.969952E-01	
2.600000E+02	-1.582205E+00	4.294867E-01	1.735948E+00	5.832299E-01	
2.610000E+02	-1.584146E+00	3.827149E-01	1.833998E+00	6.325663E-01	
2.620000E+02	-1.574642E+00	3.229632E-01	1.893006E+00	6.413268E-01	
2.630000E+02	-1.552011E+00	2.501017E-01	1.910294E+00	6.083847E-01	
2.640000E+02	-1.515220E+00	1.648718E-01	1.885586E+00	5.352378E-01	
2.650000E+02	-1.463963E+00	6.885481E-02	1.821025E+00	4.259176E-01	
2.660000E+02	-1.398683E+00	-3.561151E-02	1.721035E+00	2.867406E-01	
2.670000E+02	-1.320563E+00	-1.455685E-01	1.592037E+00	1.259058E-01	
2.680000E+02	-1.231458E+00	-2.576064E-01	1.442051E+00	-4.701367E-02	
2.690000E+02	-1.133789E+00	-3.680645E-01	1.280187E+00	-2.216669E-01	
2.700000E+02	-1.030408E+00	-4.732491E-01	1.116079E+00	-3.875783E-01	
2.710000E+02	-9.244241E-01	-5.696527E-01	9.592743E-01	-5.348026E-01	
2.720000E+02	-8.190284E-01	-6.541624E-01	8.186436E-01	-6.545472E-01	
2.730000E+02	-7.173021E-01	-7.242434E-01	7.018220E-01	-7.397235E-01	
2.740000E+02	-6.220375E-01	-7.780880E-01	6.147366E-01	-7.853890E-01	
2.750000E+02	-5.355766E-01	-8.147188E-01	5.612384E-01	-7.890570E-01	
2.760000E+02	-4.596783E-01	-8.340415E-01	5.428660E-01	-7.508538E-01	
2.770000E+02	-3.954213E-01	-8.368419E-01	5.587562E-01	-6.735070E-01	
2.780000E+02	-3.431503E-01	-8.247282E-01	6.057068E-01	-5.621716E-01	
2.790000E+02	-3.024687E-01	-8.000234E-01	6.783851E-01	-4.241070E-01	
2.800000E+02	-2.722779E-01	-7.656141E-01	7.696726E-01	-2.682194E-01	
2.810000E+02	-2.508598E-01	-7.247628E-01	8.711218E-01	-1.045008E-01	
2.820000E+02	-2.359994E-01	-6.808999E-01	9.734976E-01	5.659827E-02	
2.830000E+02	-2.251370E-01	-6.374045E-01	1.067368E+00	2.048266E-01	
2.840000E+02	-2.155420E-01	-5.973893E-01	1.143710E+00	3.307786E-01	
2.850000E+02	-2.044983E-01	-5.635038E-01	1.194486E+00	4.264843E-01	
2.860000E+02	-1.894866E-01	-5.377677E-01	1.213166E+00	4.859116E-01	
2.870000E+02	-1.683560E-01	-5.214444E-01	1.195144E+00	5.053434E-01	
2.880000E+02	-1.394712E-01	-5.149642E-01	1.138046E+00	4.836102E-01	
2.890000E+02	-1.018255E-01	-5.178986E-01	1.041890E+00	4.221661E-01	
2.900000E+02	-5.511415E-02	-5.289899E-01	9.091027E-01	3.249986E-01	
2.910000E+02	2.345911E-04	-5.462365E-01	7.443755E-01	1.983735E-01	
2.920000E+02	6.307659E-02	-5.670245E-01	5.543861E-01	5.043817E-02	
2.930000E+02	1.316176E-01	-5.882951E-01	3.473949E-01	-1.092827E-01	
2.940000E+02	2.035170E-01	-6.067450E-01	1.327396E-01	-2.704884E-01	
2.950000E+02	2.760252E-01	-6.190442E-01	-7.973990E-02	-4.227589E-01	
2.960000E+02	3.461517E-01	-6.220523E-01	-2.803035E-01	-5.562040E-01	
2.970000E+02	4.108488E-01	-6.130234E-01	-4.599080E-01	-6.620826E-01	
2.980000E+02	4.671950E-01	-5.897920E-01	-6.107634E-01	-7.333604E-01	
2.990000E+02	5.125766E-01	-5.509186E-01	-7.268083E-01	-7.651503E-01	
3.000000E+02	5.448472E-01	-4.957924E-01	-8.040779E-01	-7.550231E-01	
3.010000E+02	5.624612E-01	-4.246811E-01	-8.409393E-01	-7.031591E-01	
3.020000E+02	5.645702E-01	-3.387264E-01	-8.381816E-01	-6.123378E-01	
3.030000E+02	5.510740E-01	-2.398870E-01	-7.989553E-01	-4.877683E-01	
3.040000E+02	5.226283E-01	-1.308281E-01	-7.285622E-01	-3.367620E-01	
3.050000E+02	4.806041E-01	-1.476865E-02	-6.341114E-01	-1.682760E-01	
3.060000E+02	4.270038E-01	1.047062E-01	-5.240627E-01	7.647355E-03	
3.070000E+02	3.643382E-01	2.238561E-01	-4.076846E-01	1.805097E-01	
3.080000E+02	2.954728E-01	3.390054E-01	-2.944637E-01	3.400145E-01	
3.090000E+02	2.234521E-01	4.467588E-01	-1.934995E-01	4.767114E-01	
3.100000E+02	1.513141E-01	5.441991E-01	-1.129255E-01	5.825877E-01	
3.110000E+02	8.190507E-02	6.290558E-01	-5.939142E-02	6.515694E-01	
3.120000E+02	1.770851E-02	6.998319E-01	-3.763891E-02	6.799015E-01	
3.130000E+02	-3.930295E-02	7.558833E-01	-5.019832E-02	6.663821E-01	
3.140000E+02	-8.778346E-02	7.974438E-01	-9.722572E-02	6.124346E-01	
3.150000E+02	-1.270909E-01	8.255937E-01	-1.764911E-01	5.220117E-01	
3.160000E+02	-1.573144E-01	8.421796E-01	-2.835133E-01	4.013519E-01	
3.170000E+02	-1.792591E-01	8.496842E-01	-4.118403E-01	2.585849E-01	
3.180000E+02	-1.943856E-01	8.510540E-01	-5.534553E-01	1.032130E-01	
3.190000E+02	-2.047059E-01	8.495020E-01	-6.992795E-01	-5.448347E-02	
3.200000E+02	-2.126446E-01	8.482925E-01	-8.397433E-01	-2.040954E-01	
3.210000E+02	-2.208749E-01	8.505229E-01	-9.653902E-01	-3.357422E-01	
3.220000E+02	-2.321365E-01	8.589175E-01	-1.067473E+00	-4.406920E-01	
3.230000E+02	-2.490515E-01	8.756444E-01	-1.138508E+00	-5.119147E-01	
3.240000E+02	-2.739452E-01	9.021689E-01	-1.172747E+00	-5.445234E-01	
3.250000E+02	-3.086865E-01	9.391513E-01	-1.166549E+00	-5.360839E-01	
3.260000E+02	-3.545563E-01	9.863962E-01	-1.118608E+00	-4.867685E-01	
3.270000E+02	-4.121535E-01	1.042856E+00	-1.030050E+00	-3.993478E-01	
3.280000E+02	-4.813437E-01	1.106687E+00	-9.043625E-01	-2.790194E-01	
3.290000E+02	-5.612519E-01	1.175363E+00	-7.471892E-01	-1.330781E-01	
3.300000E+02	-6.503036E-01	1.245825E+00	-5.659802E-01	2.954143E-02	
3.310000E+02	-7.463122E-01	1.314668E+00	-3.695384E-01	1.988172E-01	
3.320000E+02	-8.465993E-01	1.378351E+00	-1.674726E-01	3.642788E-01	
3.330000E+02	-9.481513E-01	1.433418E+00	3.039331E-02	5.156599E-01	
3.340000E+02	-1.047796E+00	1.476710E+00	2.146252E-01	6.435397E-01	
3.350000E+02	-1.142385E+00	1.505566E+00	3.767620E-01	7.399423E-01	
3.360000E+02	-1.228986E+00	1.517985E+00	5.098323E-01	7.988311E-01	
3.370000E+02	-1.305047E+00	1.512756E+00	6.087806E-01	8.164903E-01	
3.380000E+02	-1.368549E+00	1.489536E+00	6.707721E-01	7.917596E-01	
3.390000E+02	-1.418121E+00	1.448870E+00	6.953565E-01	7.261056E-01	
3.400000E+02	-1.453118E+00	1.392165E+00	6.844822E-01	6.235297E-01	
3.410000E+02	-1.473644E+00	1.321602E+00	6.423609E-01	4.903182E-01	
3.420000E+02	-1.480546E+00	1.240007E+00	5.751883E-01	3.346494E-01	
3.430000E+02	-1.475342E+00	1.150678E+00	4.907401E-01	1.660767E-01	
3.440000E+02	-1.460126E+00	1.057188E+00	3.978700E-01	-5.067845E-03	
3.450000E+02	-1.437423E+00	9.631619E-01	3.059387E-01	-1.683223E-01	
3.460000E+02	-1.410028E+00	8.720652E-01	2.242116E-01	-3.137513E-01	
3.470000E+02	-1.380822E+00	7.869899E-01	1.612629E-01	-4.325694E-01	
3.480000E+02	-1.352587E+00	7.104738E-01	1.244228E-01	-5.176901E-01	
3.490000E+02	-1.327826E+00	6.443494E-01	1.193026E-01	-5.641744E-01	
3.500000E+02	-1.308607E+00	5.896426E-01	1.494306E-01	-5.695336E-01	
3.510000E+02	-1.296421E+00	5.465210E-01	2.160176E-01	-5.338827E-01	
3.520000E+02	-1.292098E+00	5.142931E-01	3.178666E-01	-4.599385E-01	
3.530000E+02	-1.295748E+00	4.914666E-01	4.514357E-01	-3.528458E-01	
3.540000E+02	-1.306755E+00	4.758563E-01	6.110513E-01	-2.198475E-01	
3.550000E+02	-1.323818E+00	4.647361E-01	7.892532E-01	-6.982823E-02	
3.560000E+02	-1.345033E+00	4.550228E-01	9.772517E-01	8.724194E-02	
3.570000E+02	-1.368018E+00	4.434857E-01	1.165470E+00	2.409378E-01	
3.580000E+02	-1.390066E+00	4.269656E-01	1.344141E+00	3.810397E-01	
3.590000E+02	-1.408318E+00	4.025872E-01	1.503905E+00	4.981742E-01	
3.600000E+02	-1.419948E+00	3.679550E-01	1.636398E+00	5.844053E-01	
3.610000E+02	-1.422350E+00	3.213204E-01	1.734768E+00	6.337382E-01	
3.620000E+02	-1.413305E+00	2.617055E-01	1.794094E+00	6.424953E-01	
3.630000E+02	-1.391131E+00	1.889806E-01	1.811700E+00	6.095498E-01	
3.640000E+02	-1.354796E+00	1.038868E-01	1.787309E+00	5.363994E-01	
3.650000E+02	-1.303993E+00	8.005778E-03	1.723064E+00	4.270758E-01	
3.660000E+02	-1.239167E+00	-9.632491E-02	1.623388E+00	2.878954E-01	
3.670000E+02	-1.161500E+00	-2.061466E-01	1.494703E+00	1.270571E-01	
3.680000E+02	-1.072846E+00	-3.180495E-01	1.345029E+00	-4.586569E-02	
3.690000E+02	-9.756269E-01	-4.283728E-01	1.183478E+00	-2.205222E-01	
3.700000E+02	-8.726936E-01	-5.334230E-01	1.019680E+00	-3.864371E-01	
3.710000E+02	-7.671571E-01	-6.296926E-01	8.631850E-01	-5.336647E-01	
3.720000E+02	-6.622072E-01	-7.140684E-01	7.228629E-01	-6.534127E-01	
3.730000E+02	-5.609254E-01	-7.840159E-01	6.063490E-01	-7.385923E-01	
3.740000E+02	-4.661042E-01	-8.377273E-01	5.195703E-01	-7.842611E-01	
3.750000E+02	-3.800853E-01	-8.742251E-01	4.663779E-01	-7.879325E-01	
3.760000E+02	-3.046277E-01	-8.934152E-01	4.483103E-01	-7.497326E-01	
3.770000E+02	-2.408102E-01	-8.960833E-01	4.645043E-01	-6.723891E-01	
3.780000E+02	-1.889774E-01	-8.838375E-01	5.117578E-01	-5.610570E-01	
3.790000E+02	-1.487327E-01	-8.590010E-01	5.847381E-01	-4.229957E-01	
3.800000E+02	-1.189776E-01	-8.244602E-01	6.763265E-01	-2.671113E-01	
3.810000E+02	-9.799403E-02	-7.834777E-01	7.780757E-01	-1.033960E-01	
3.820000E+02	-8.356681E-02	-7.394840E-01	8.807506E-01	5.769984E-02	
3.830000E+02	-7.313639E-02	-6.958580E-01	9.749193E-01	2.059248E-01	
3.840000E+02	-6.397221E-02	-6.557124E-01	1.051558E+00	3.318737E-01	
3.850000E+02	-5.335796E-02	-6.216970E-01	1.102631E+00	4.275762E-01	
3.860000E+02	-3.877458E-02	-5.958311E-01	1.121606E+00	4.870002E-01	
3.870000E+02	-1.807104E-02	-5.793784E-01	1.103878E+00	5.064288E-01	
3.880000E+02	1.038792E-02	-5.727691E-01	1.047074E+00	4.846924E-01	
3.890000E+02	4.760915E-02	-5.755746E-01	9.512106E-01	4.232451E-01	
3.900000E+02	9.389699E-02	-5.865375E-01	8.187149E-01	3.260744E-01	
3.910000E+02	1.488236E-01	-6.036558E-01	6.542784E-01	1.994462E-01	
3.920000E+02	2.112446E-01	-6.243158E-01	4.645789E-01	5.150770E-02	
3.930000E+02	2.793658E-01	-6.454587E-01	2.578766E-01	-1.082163E-01	
3.940000E+02	3.508466E-01	-6.637812E-01	4.350928E-02	-2.694253E-01	
3.950000E+02	4.229375E-01	-6.759532E-01	-1.686831E-01	-4.216988E-01	
3.960000E+02	4.926479E-01	-6.788344E-01	-3.689605E-01	-5.551471E-01	
3.970000E+02	5.569299E-01	-6.696790E-01	-5.482797E-01	-6.610288E-01	
3.980000E+02	6.128624E-01	-6.463213E-01	-6.988507E-01	-7.323096E-01	
3.990000E+02	6.578314E-01	-6.073219E-01	-8.146121E-01	-7.641027E-01	
4.000000E+02	6.896905E-01	-5.520700E-01	-8.915992E-01	-7.539786E-01	
4.010000E+02	7.068943E-01	-4.808333E-01	-9.281787E-01	-7.021177E-01	
4.020000E+02	7.085943E-01	-3.947534E-01	-9.251402E-01	-6.112993E-01	
4.030000E+02	6.946901E-01	-2.957891E-01	-8.856340E-01	-4.867329E-01	
4.040000E+02	6.658377E-01	-1.866055E-01	-8.149618E-01	-3.357296E-01	
4.050000E+02	6.234079E-01	-7.042180E-02	-7.202328E-01	-1.672467E-01	
4.060000E+02	5.694032E-01	4.917711E-02	-6.099067E-01	8.673624E-03	
4.070000E+02	5.063344E-01	1.684508E-01	-4.932523E-01	1.815329E-01	
4.080000E+02	4.370669E-01	2.837236E-01	-3.797558E-01	3.410348E-01	
4.090000E+02	3.646453E-01	3.916002E-01	-2.785169E-01	4.777286E-01	
4.100000E+02	2.921074E-01	4.891635E-01	-1.976690E-01	5.836019E-01	
4.110000E+02	2.222998E-01	5.741428E-01	-1.438619E-01	6.525807E-01	
4.120000E+02	1.577057E-01	6.450413E-01	-1.218373E-01	6.809097E-01	
4.130000E+02	1.002979E-01	7.012149E-01	-1.341255E-01	6.673873E-01	
4.140000E+02	5.142208E-02	7.428973E-01	-1.808824E-01	6.134369E-01	
4.150000E+02	1.172058E-02	7.711687E-01	-2.598782E-01	5.230111E-01	
4.160000E+02	-1.889593E-02	7.878760E-01	-3.666317E-01	4.023484E-01	
4.170000E+02	-4.123242E-02	7.955016E-01	-4.946908E-01	2.595784E-01	
4.180000E+02	-5.674969E-02	7.969922E-01	-6.360389E-01	1.042036E-01	
4.190000E+02	-6.745964E-02	7.955607E-01	-7.815969E-01	-5.349583E-02	
4.200000E+02	-7.578686E-02	7.944715E-01	-9.217953E-01	-2.031107E-01	
4.210000E+02	-8.440449E-02	7.968218E-01	-1.047178E+00	-3.347604E-01	
4.220000E+02	-9.605242E-02	8.053361E-01	-1.148997E+00	-4.397131E-01	
4.230000E+02	-1.133526E-01	8.221825E-01	-1.219769E+00	-5.109386E-01	
4.240000E+02	-1.386304E-01	8.488261E-01	-1.253746E+00	-5.435505E-01	
4.250000E+02	-1.737545E-01	8.859276E-01	-1.247286E+00	-5.351134E-01	
4.260000E+02	-2.200063E-01	9.332911E-01	-1.199086E+00	-4.858010E-01	
4.270000E+02	-2.779843E-01	9.898688E-01	-1.110268E+00	-3.983832E-01	
4.280000E+02	-3.475542E-01	1.053818E+00	-9.843216E-01	-2.780576E-01	
4.290000E+02	-4.278410E-01	1.122612E+00	-8.268903E-01	-1.321191E-01	
4.300000E+02	-5.172702E-01	1.193192E+00	-6.454243E-01	3.049753E-02	
4.310000E+02	-6.136552E-01	1.262152E+00	-4.487262E-01	1.997705E-01	
4.320000E+02	-7.143177E-01	1.325952E+00	-2.464049E-01	3.652294E-01	
4.330000E+02	-8.162440E-01	1.381136E+00	-4.828425E-02	5.166077E-01	
4.340000E+02	-9.162616E-01	1.424545E+00	1.362016E-01	6.444846E-01	
4.350000E+02	-1.011224E+00	1.453517E+00	2.985914E-01	7.408844E-01	
4.360000E+02	-1.098195E+00	1.466052E+00	4.319139E-01	7.997704E-01	
4.370000E+02	-1.174626E+00	1.460939E+00	5.311137E-01	8.174269E-01	
4.380000E+02	-1.238497E+00	1.437834E+00	5.933560E-01	7.926934E-01	
4.390000E+02	-1.288437E+00	1.397284E+00	6.181903E-01	7.270367E-01	
4.400000E+02	-1.323801E+00	1.340693E+00	6.075652E-01	6.244580E-01	
4.410000E+02	-1.344693E+00	1.270245E+00	5.656921E-01	4.912438E-01	
4.420000E+02	-1.351959E+00	1.188764E+00	4.987671E-01	3.355723E-01	
4.430000E+02	-1.347119E+00	1.099550E+00	4.145657E-01	1.669968E-01	
4.440000E+02	-1.332265E+00	1.006174E+00	3.219417E-01	-4.150287E-03	
4.450000E+02	-1.309925E+00	9.122615E-01	2.302555E-01	-1.674076E-01	
4.460000E+02	-1.282890E+00	8.212781E-01	1.487729E-01	-3.128394E-01	
4.470000E+02	-1.254044E+00	7.363162E-01	8.606779E-02	-4.316600E-01	
4.480000E+02	-1.226167E+00	6.599130E-01	4.947054E-02	-5.167835E-01	
4.490000E+02	-1.201764E+00	5.939014E-01	4.459263E-02	-5.632703E-01	
4.500000E+02	-1.182901E+00	5.393070E-01	7.496195E-02	-5.686323E-01	
4.510000E+02	-1.171071E+00	4.962975E-01	1.417896E-01	-5.329840E-01	
4.520000E+02	-1.167103E+00	4.641817E-01	2.438784E-01	-4.590424E-01	
4.530000E+02	-1.171106E+00	4.414669E-01	3.776866E-01	-3.519523E-01	
4.540000E+02	-1.182465E+00	4.259681E-01	5.375406E-01	-2.189567E-01	
4.550000E+02	-1.199879E+00	4.149591E-01	7.159801E-01	-6.894006E-02	
4.560000E+02	-1.221445E+00	4.053567E-01	9.042154E-01	8.812749E-02	
4.570000E+02	-1.244780E+00	3.939304E-01	1.092670E+00	2.418208E-01	
4.580000E+02	-1.267176E+00	3.775208E-01	1.271576E+00	3.819201E-01	
4.590000E+02	-1.285775E+00	3.532527E-01	1.431575E+00	4.990520E-01	
4.600000E+02	-1.297752E+00	3.187303E-01	1.564302E+00	5.852804E-01	
4.610000E+02	-1.300499E+00	2.722055E-01	1.662904E+00	6.346108E-01	
4.620000E+02	-1.291798E+00	2.127001E-01	1.722464E+00	6.433653E-01	
4.630000E+02	-1.269968E+00	1.400844E-01	1.740301E+00	6.104173E-01	
4.640000E+02	-1.233976E+00	5.509970E-02	1.716141E+00	5.372644E-01	
4.650000E+02	-1.183515E+00	-4.067258E-02	1.652126E+00	4.279382E-01	
4.660000E+02	-1.119029E+00	-1.448948E-01	1.552679E+00	2.887552E-01	
4.670000E+02	-1.041701E+00	-2.546081E-01	1.424224E+00	1.279144E-01	
4.680000E+02	-9.533857E-01	-3.664029E-01	1.274778E+00	-4.501089E-02	
4.690000E+02	-8.565046E-01	-4.766185E-01	1.113453E+00	-2.196701E-01	
4.700000E+02	-7.539079E-01	-5.815612E-01	9.498818E-01	-3.855873E-01	
4.710000E+02	-6.487071E-01	-6.777235E-01	7.936130E-01	-5.328175E-01	
4.720000E+02	-5.440920E-01	-7.619921E-01	6.535161E-01	-6.525679E-01	
4.730000E+02	-4.431440E-01	-8.318327E-01	5.372267E-01	-7.377500E-01	
4.740000E+02	-3.486555E-01	-8.854375E-01	4.506717E-01	-7.834213E-01	
4.750000E+02	-2.629685E-01	-9.218290E-01	3.977024E-01	-7.870952E-01	
4.760000E+02	-1.878419E-01	-9.409130E-01	3.798571E-01	-7.488977E-01	
4.770000E+02	-1.243544E-01	-9.434752E-01	3.962728E-01	-6.715567E-01	
4.780000E+02	-7.285064E-02	-9.311237E-01	4.437472E-01	-5.602271E-01	
4.790000E+02	-3.293408E-02	-9.061818E-01	5.169477E-01	-4.221682E-01	
4.800000E+02	-3.506138E-03	-8.715358E-01	6.087557E-01	-2.662863E-01	
4.810000E+02	1.715123E-02	-8.304484E-01	7.107238E-01	-1.025733E-01	
4.820000E+02	3.125313E-02	-7.863499E-01	8.136168E-01	5.852002E-02	
4.830000E+02	4.135920E-02	-7.426195E-01	9.080029E-01	2.067426E-01	
4.840000E+02	5.019995E-02	-7.023697E-01	9.848588E-01	3.326891E-01	
4.850000E+02	6.049165E-02	-6.682501E-01	1.036148E+00	4.283892E-01	
4.860000E+02	7.475345E-02	-6.422805E-01	1.055338E+00	4.878107E-01	
4.870000E+02	9.513629E-02	-6.257242E-01	1.037825E+00	5.072370E-01	
4.880000E+02	1.232755E-01	-6.190116E-01	9.812343E-01	4.854982E-01	
4.890000E+02	1.601778E-01	-6.217140E-01	8.855848E-01	4.240486E-01	
4.900000E+02	2.061478E-01	-6.325739E-01	7.533017E-01	3.268756E-01	
4.910000E+02	2.607573E-01	-6.495897E-01	5.890773E-01	2.002449E-01	
4.920000E+02	3.228622E-01	-6.701473E-01	3.995890E-01	5.230396E-02	
4.930000E+02	3.906682E-01	-6.911880E-01	1.930975E-01	-1.074223E-01	
4.940000E+02	4.618347E-01	-7.094085E-01	-2.105977E-02	-2.686335E-01	
4.950000E+02	5.336121E-01	-7.214789E-01	-2.330428E-01	-4.209095E-01	
4.960000E+02	6.030100E-01	-7.242585E-01	-4.331115E-01	-5.543600E-01	
4.970000E+02	6.669804E-01	-7.150018E-01	-6.122226E-01	-6.602440E-01	
4.980000E+02	7.226022E-01	-6.915430E-01	-7.625863E-01	-7.315271E-01	
4.990000E+02	7.672613E-01	-6.524429E-01	-8.781410E-01	-7.633226E-01	
5.000000E+02	7.988114E-01	-5.970903E-01	-9.549218E-01	-7.532007E-01	
5.010000E+02	8.157071E-01	-5.257532E-01	-9.912960E-01	-7.013421E-01	
5.020000E+02	8.170999E-01	-4.395732E-01	-9.880527E-01	-6.105261E-01	
5.030000E+02	8.028893E-01	-3.405089E-01	-9.483424E-01	-4.859620E-01	
5.040000E+02	7.737315E-01	-2.312257E-01	-8.774667E-01	-3.349609E-01	
5.050000E+02	7.309971E-01	-1.149424E-01	-7.825349E-01	-1.664802E-01	
5.060000E+02	6.766887E-01	4.755702E-03	-6.720066E-01	9.437776E-03	
5.070000E+02	6.133170E-01	1.241285E-01	-5.551506E-01	1.822949E-01	
5.080000E+02	5.437475E-01	2.395001E-01	-4.414532E-01	3.417945E-01	
5.090000E+02	4.710248E-01	3.474752E-01	-3.400140E-01	4.784861E-01	
5.100000E+02	3.981867E-01	4.451369E-01	-2.589665E-01	5.843571E-01	
5.110000E+02	3.280796E-01	5.302145E-01	-2.049604E-01	6.533337E-01	
5.120000E+02	2.631869E-01	6.012109E-01	-1.827373E-01	6.816605E-01	
5.130000E+02	2.054814E-01	6.574822E-01	-1.948276E-01	6.681360E-01	
5.140000E+02	1.563088E-01	6.992621E-01	-2.413876E-01	6.141833E-01	
5.150000E+02	1.163113E-01	7.276309E-01	-3.201868E-01	5.237554E-01	
5.160000E+02	8.539961E-02	7.444352E-01	-4.267444E-01	4.030904E-01	
5.170000E+02	6.276883E-02	7.521577E-01	-5.546083E-01	2.603182E-01	
5.180000E+02	4.695804E-02	7.537449E-01	-6.957617E-01	1.049412E-01	
5.190000E+02	3.595550E-02	7.524098E-01	-8.411256E-01	-5.276035E-02	
5.200000E+02	2.733644E-02	7.514168E-01	-9.811306E-01	-2.023774E-01	
5.210000E+02	1.842783E-02	7.538631E-01	-1.106320E+00	-3.340292E-01	
5.220000E+02	6.489777E-03	7.624732E-01	-1.207947E+00	-4.389841E-01	
5.230000E+02	-1.109972E-02	7.794151E-01	-1.278527E+00	-5.102118E-01	
5.240000E+02	-3.666602E-02	8.061542E-01	-1.312314E+00	-5.428257E-01	
5.250000E+02	-7.207782E-02	8.433508E-01	-1.305664E+00	-5.343908E-01	
5.260000E+02	-1.186164E-01	8.908092E-01	-1.257273E+00	-4.850806E-01	
5.270000E+02	-1.768804E-01	9.474816E-01	-1.168266E+00	-3.976649E-01	
5.280000E+02	-2.467355E-01	1.011526E+00	-1.042131E+00	-2.773414E-01	
5.290000E+02	-3.273067E-01	1.080414E+00	-8.845121E-01	-1.314050E-01	
5.300000E+02	-4.170195E-01	1.151088E+00	-7.028587E-01	3.120956E-02	
5.310000E+02	-5.136873E-01	1.220142E+00	-5.059738E-01	2.004804E-01	
5.320000E+02	-6.146318E-01	1.284035E+00	-3.034663E-01	3.659372E-01	
5.330000E+02	-7.168392E-01	1.339313E+00	-1.051601E-01	5.173134E-01	
5.340000E+02	-8.171372E-01	1.382815E+00	7.951077E-02	6.451882E-01	
5.350000E+02	-9.123787E-01	1.411880E+00	2.420850E-01	7.415860E-01	
5.360000E+02	-9.996292E-01	1.424508E+00	3.755914E-01	8.004699E-01	
5.370000E+02	-1.076338E+00	1.419488E+00	4.749746E-01	8.181245E-01	
5.380000E+02	-1.140486E+00	1.396475E+00	5.373995E-01	7.933889E-01	
5.390000E+02	-1.190703E+00	1.356017E+00	5.624158E-01	7.277300E-01	
5.400000E+02	-1.226342E+00	1.299519E+00	5.519723E-01	6.251494E-01	
5.410000E+02	-1.247509E+00	1.229162E+00	5.102802E-01	4.919331E-01	
5.420000E+02	-1.255049E+00	1.147773E+00	4.435355E-01	3.362595E-01	
5.430000E+02	-1.250482E+00	1.058650E+00	3.595140E-01	1.676821E-01	
5.440000E+02	-1.235901E+00	9.653648E-01	2.670692E-01	-3.467071E-03	
5.450000E+02	-1.213832E+00	8.715438E-01	1.755617E-01	-1.667263E-01	
5.460000E+02	-1.187069E+00	7.806513E-01	9.425722E-02	-3.121600E-01	
5.470000E+02	-1.158492E+00	6.957799E-01	3.172964E-02	-4.309828E-01	
5.480000E+02	-1.130885E+00	6.194670E-01	-4.690625E-03	-5.161083E-01	
5.490000E+02	-1.106751E+00	5.535456E-01	-9.392123E-03	-5.625971E-01	
5.500000E+02	-1.088155E+00	4.990413E-01	2.115309E-02	-5.679610E-01	
5.510000E+02	-1.076592E+00	4.561215E-01	8.815608E-02	-5.323147E-01	
5.520000E+02	-1.072890E+00	4.240954E-01	1.904196E-01	-4.583750E-01	
5.530000E+02	-1.077159E+00	4.014699E-01	3.244020E-01	-3.512870E-01	
5.540000E+02	-1.088783E+00	3.860603E-01	4.844296E-01	-2.182934E-01	
5.550000E+02	-1.106461E+00	3.751402E-01	6.630422E-01	-6.827860E-02	
5.560000E+02	-1.128290E+00	3.656267E-01	8.514501E-01	8.878703E-02	
5.570000E+02	-1.151888E+00	3.542890E-01	1.040077E+00	2.424784E-01	
5.580000E+02	-1.174546E+00	3.379678E-01	1.219154E+00	3.825757E-01	
5.590000E+02	-1.193406E+00	3.137878E-01	1.379324E+00	4.997056E-01	
5.600000E+02	-1.205643E+00	2.793536E-01	1.512222E+00	5.859322E-01	
5.610000E+02	-1.208649E+00	2.329165E-01	1.610994E+00	6.352607E-01	
5.620000E+02	-1.200207E+00	1.734988E-01	1.670722E+00	6.440133E-01	
5.630000E+02	-1.178635E+00	1.009705E-01	1.688728E+00	6.110633E-01	
5.640000E+02	-1.142900E+00	1.607294E-02	1.664736E+00	5.379085E-01	
5.650000E+02	-1.092696E+00	-7.961231E-02	1.600889E+00	4.285804E-01	
5.660000E+02	-1.028466E+00	-1.837476E-01	1.501609E+00	2.893956E-01	
5.670000E+02	-9.513933E-01	-2.933743E-01	1.373321E+00	1.285529E-01	
5.680000E+02	-8.633323E-01	-4.050828E-01	1.224041E+00	-4.437431E-02	
5.690000E+02	-7.667049E-01	-5.152121E-01	1.062882E+00	-2.190353E-01	
5.700000E+02	-6.643612E-01	-6.200687E-01	8.994754E-01	-3.849544E-01	
5.710000E+02	-5.594126E-01	-7.161450E-01	7.433712E-01	-5.321865E-01	
5.720000E+02	-4.550490E-01	-8.003281E-01	6.034383E-01	-6.519389E-01	
5.730000E+02	-3.543518E-01	-8.700832E-01	4.873123E-01	-7.371227E-01	
5.740000E+02	-2.601135E-01	-9.236027E-01	4.009203E-01	-7.827959E-01	
5.750000E+02	-1.746759E-01	-9.599090E-01	3.481133E-01	-7.864716E-01	
5.760000E+02	-9.979788E-02	-9.789081E-01	3.304300E-01	-7.482760E-01	
5.770000E+02	-3.655834E-02	-9.813855E-01	3.470071E-01	-6.709368E-01	
5.780000E+02	1.469813E-02	-9.689495E-01	3.946425E-01	-5.596089E-01	
5.790000E+02	5.436812E-02	-9.439233E-01	4.680033E-01	-4.215519E-01	
5.800000E+02	8.355025E-02	-9.091931E-01	5.599711E-01	-2.656718E-01	
5.810000E+02	1.039625E-01	-8.680217E-01	6.620986E-01	-1.019606E-01	
5.820000E+02	1.178199E-01	-8.238394E-01	7.651505E-01	5.913094E-02	
5.830000E+02	1.276822E-01	-7.800254E-01	8.596950E-01	2.073517E-01	
5.840000E+02	1.362799E-01	-7.396922E-01	9.367087E-01	3.332964E-01	
5.850000E+02	1.463292E-01	-7.054895E-01	9.881549E-01	4.289947E-01	
5.860000E+02	1.603493E-01	-6.794368E-01	1.007502E+00	4.884145E-01	
5.870000E+02	1.804912E-01	-6.627976E-01	9.901454E-01	5.078389E-01	
5.880000E+02	2.083901E-01	-6.560023E-01	9.337106E-01	4.860984E-01	
5.890000E+02	2.450528E-01	-6.586222E-01	8.382164E-01	4.246471E-01	
5.900000E+02	2.907838E-01	-6.693999E-01	7.060882E-01	3.274722E-01	
5.910000E+02	3.451551E-01	-6.863334E-01	5.420182E-01	2.008399E-01	
5.920000E+02	4.070224E-01	-7.068091E-01	3.526839E-01	5.289724E-02	
5.930000E+02	4.745915E-01	-7.277681E-01	1.463457E-01	-1.068309E-01	
5.940000E+02	5.455218E-01	-7.459070E-01	-6.765868E-02	-2.680439E-01	
5.950000E+02	6.170637E-01	-7.578959E-01	-2.794893E-01	-4.203215E-01	
5.960000E+02	6.862267E-01	-7.605944E-01	-4.794061E-01	-5.537738E-01	
5.970000E+02	7.499628E-01	-7.512567E-01	-6.583658E-01	-6.596597E-01	
5.980000E+02	8.053511E-01	-7.277171E-01	-8.085784E-01	-7.309444E-01	
5.990000E+02	8.497773E-01	-6.885362E-01	-9.239826E-01	-7.627415E-01	
6.000000E+02	8.810952E-01	-6.331032E-01	-1.000613E+00	-7.526214E-01	
6.010000E+02	8.977594E-01	-5.616856E-01	-1.036838E+00	-7.007643E-01	
6.020000E+02	8.989212E-01	-4.754256E-01	-1.033446E+00	-6.099502E-01	
6.030000E+02	8.844805E-01	-3.762813E-01	-9.935868E-01	-4.853877E-01	
6.040000E+02	8.550930E-01	-2.669183E-01	-9.225630E-01	-3.343884E-01	
6.050000E+02	8.121297E-01	-1.505555E-01	-8.274836E-01	-1.659094E-01	
6.060000E+02	7.575930E-01	-3.077792E-02	-7.168081E-01	1.000698E-02	
6.070000E+02	6.939937E-01	8.867408E-02	-5.998054E-01	1.828624E-01	
6.080000E+02	6.241973E-01	2.041248E-01	-4.859617E-01	3.423603E-01	
6.090000E+02	5.512482E-01	3.121788E-01	-3.843767E-01	4.790503E-01	
6.100000E+02	4.781844E-01	4.099193E-01	-3.031840E-01	5.849197E-01	
6.110000E+02	4.078522E-01	4.950753E-01	-2.490330E-01	6.538945E-01	
6.120000E+02	3.427352E-01	5.661501E-01	-2.266656E-01	6.822197E-01	
6.130000E+02	2.848059E-01	6.224996E-01	-2.386120E-01	6.686935E-01	
6.140000E+02	2.354102E-01	6.643575E-01	-2.850284E-01	6.147393E-01	
6.150000E+02	1.951901E-01	6.928041E-01	-3.636846E-01	5.243096E-01	
6.160000E+02	1.640566E-01	7.096861E-01	-4.700997E-01	4.036431E-01	
6.170000E+02	1.412046E-01	7.174861E-01	-5.978215E-01	2.608693E-01	
6.180000E+02	1.251732E-01	7.191506E-01	-7.388332E-01	1.054906E-01	
6.190000E+02	1.139507E-01	7.178927E-01	-8.840559E-01	-5.221250E-02	
6.200000E+02	1.051123E-01	7.169767E-01	-1.023920E+00	-2.018312E-01	
6.210000E+02	9.598500E-02	7.194999E-01	-1.148969E+00	-3.334846E-01	
6.220000E+02	8.382884E-02	7.281866E-01	-1.250457E+00	-4.384411E-01	
6.230000E+02	6.602187E-02	7.452050E-01	-1.320897E+00	-5.096704E-01	
6.240000E+02	4.023869E-02	7.720203E-01	-1.354545E+00	-5.422859E-01	
6.250000E+02	4.610654E-03	8.092930E-01	-1.347756E+00	-5.338527E-01	
6.260000E+02	-4.214355E-02	8.568274E-01	-1.299228E+00	-4.845439E-01	
6.270000E+02	-1.006226E-01	9.135757E-01	-1.210083E+00	-3.971298E-01	
6.280000E+02	-1.706921E-01	9.776952E-01	-1.083811E+00	-2.768079E-01	
6.290000E+02	-2.514771E-01	1.046659E+00	-9.260550E-01	-1.308731E-01	
6.300000E+02	-3.414030E-01	1.117408E+00	-7.442652E-01	3.173993E-02	
6.310000E+02	-4.382834E-01	1.186537E+00	-5.472444E-01	2.010092E-01	
6.320000E+02	-5.394399E-01	1.250506E+00	-3.446014E-01	3.664644E-01	
6.330000E+02	-6.418587E-01	1.305858E+00	-1.461601E-01	5.178391E-01	
6.340000E+02	-7.423674E-01	1.349435E+00	3.864530E-02	6.457124E-01	
6.350000E+02	-8.378191E-01	1.378574E+00	2.013537E-01	7.421086E-01	
6.360000E+02	-9.252791E-01	1.391276E+00	3.349939E-01	8.009911E-01	
6.370000E+02	-1.002197E+00	1.386330E+00	4.345103E-01	8.186440E-01	
6.380000E+02	-1.066553E+00	1.363392E+00	4.970681E-01	7.939069E-01	
6.390000E+02	-1.116978E+00	1.323007E+00	5.222170E-01	7.282465E-01	
6.400000E+02	-1.152824E+00	1.266583E+00	5.119055E-01	6.256643E-01	
6.410000E+02	-1.174198E+00	1.196299E+00	4.703450E-01	4.924466E-01	
6.420000E+02	-1.181944E+00	1.114984E+00	4.037316E-01	3.367715E-01	
6.430000E+02	-1.177582E+00	1.025934E+00	3.198408E-01	1.681925E-01	
6.440000E+02	-1.163206E+00	9.327217E-01	2.275264E-01	-2.958146E-03	
6.450000E+02	-1.141341E+00	8.389736E-01	1.361489E-01	-1.662188E-01	
6.460000E+02	-1.114782E+00	7.481536E-01	5.497393E-02	-3.116542E-01	
6.470000E+02	-1.086408E+00	6.633547E-01	-7.424509E-03	-4.304783E-01	
6.480000E+02	-1.059003E+00	5.871142E-01	-4.371605E-02	-5.156053E-01	
6.490000E+02	-1.035071E+00	5.212649E-01	-4.828924E-02	-5.620955E-01	
6.500000E+02	-1.016677E+00	4.668326E-01	-1.761612E-02	-5.674609E-01	
6.510000E+02	-1.005315E+00	4.239847E-01	4.951435E-02	-5.318161E-01	
6.520000E+02	-1.001813E+00	3.920302E-01	1.519050E-01	-4.578779E-01	
6.530000E+02	-1.006282E+00	3.694763E-01	2.860140E-01	-3.507913E-01	
6.540000E+02	-1.018105E+00	3.541380E-01	4.461679E-01	-2.177992E-01	
6.550000E+02	-1.035982E+00	3.432891E-01	6.249064E-01	-6.778596E-02	
6.560000E+02	-1.058008E+00	3.338467E-01	8.134398E-01	8.927834E-02	
6.570000E+02	-1.081803E+00	3.225798E-01	1.002192E+00	2.429682E-01	
6.580000E+02	-1.104659E+00	3.063293E-01	1.181393E+00	3.830640E-01	
6.590000E+02	-1.123715E+00	2.822199E-01	1.341687E+00	5.001926E-01	
6.600000E+02	-1.136147E+00	2.478561E-01	1.474709E+00	5.864178E-01	
6.610000E+02	-1.139349E+00	2.014893E-01	1.573605E+00	6.357448E-01	
6.620000E+02	-1.131102E+00	1.421417E-01	1.633456E+00	6.444960E-01	
6.630000E+02	-1.109723E+00	6.968330E-02	1.651585E+00	6.115446E-01	
6.640000E+02	-1.074182E+00	-1.514441E-02	1.627715E+00	5.383884E-01	
6.650000E+02	-1.024171E+00	-1.107600E-01	1.563990E+00	4.290589E-01	
6.660000E+02	-9.601335E-01	-2.148259E-01	1.464832E+00	2.898726E-01	
6.670000E+02	-8.832525E-01	-3.243832E-01	1.336664E+00	1.290286E-01	
6.680000E+02	-7.953827E-01	-4.360225E-01	1.187505E+00	-4.390003E-02	
6.690000E+02	-6.989461E-01	-5.460829E-01	1.026467E+00	-2.185624E-01	
6.700000E+02	-5.967927E-01	-6.508706E-01	8.631802E-01	-3.844830E-01	
6.710000E+02	-4.920338E-01	-7.468782E-01	7.071956E-01	-5.317164E-01	
6.720000E+02	-3.878593E-01	-8.309927E-01	5.673819E-01	-6.514701E-01	
6.730000E+02	-2.873507E-01	-9.006794E-01	4.513748E-01	-7.366554E-01	
6.740000E+02	-1.933005E-01	-9.541307E-01	3.651012E-01	-7.823299E-01	
6.750000E+02	-1.080504E-01	-9.903689E-01	3.124124E-01	-7.860070E-01	
6.760000E+02	-3.335944E-02	-1.009300E+00	2.948467E-01	-7.478128E-01	
6.770000E+02	2.969365E-02	-1.011710E+00	3.115411E-01	-6.704749E-01	
6.780000E+02	8.076418E-02	-9.992061E-01	3.592934E-01	-5.591485E-01	
6.790000E+02	1.202487E-01	-9.741123E-01	4.327709E-01	-4.210927E-01	
6.800000E+02	1.492459E-01	-9.393148E-01	5.248549E-01	-2.652140E-01	
6.810000E+02	1.694738E-01	-8.980762E-01	6.270982E-01	-1.015042E-01	
6.820000E+02	1.831474E-01	-8.538269E-01	7.302655E-01	5.958602E-02	
6.830000E+02	1.928264E-01	-8.099460E-01	8.249251E-01	2.078055E-01	
6.840000E+02	2.012413E-01	-7.695460E-01	9.020535E-01	3.337488E-01	
6.850000E+02	2.111083E-01	-7.352767E-01	9.536142E-01	4.294458E-01	
6.860000E+02	2.249467E-01	-7.091576E-01	9.730751E-01	4.888643E-01	
6.870000E+02	2.449073E-01	-6.924521E-01	9.558322E-01	5.082874E-01	
6.880000E+02	2.726255E-01	-6.855907E-01	8.995107E-01	4.865456E-01	
6.890000E+02	3.091079E-01	-6.881446E-01	8.041295E-01	4.250928E-01	
6.900000E+02	3.546593E-01	-6.988563E-01	6.721138E-01	3.279168E-01	
6.910000E+02	4.088514E-01	-7.157243E-01	5.081559E-01	2.012831E-01	
6.920000E+02	4.705400E-01	-7.361343E-01	3.189334E-01	5.333912E-02	
6.930000E+02	5.379309E-01	-7.570278E-01	1.127067E-01	-1.063902E-01	
6.940000E+02	6.086835E-01	-7.751015E-01	-1.011866E-01	-2.676046E-01	
6.950000E+02	6.800482E-01	-7.870254E-01	-3.129064E-01	-4.198835E-01	
6.960000E+02	7.490346E-01	-7.896588E-01	-5.127128E-01	-5.533371E-01	
6.970000E+02	8.125946E-01	-7.802563E-01	-6.915624E-01	-6.592241E-01	
6.980000E+02	8.678072E-01	-7.566520E-01	-8.416654E-01	-7.305102E-01	
6.990000E+02	9.120582E-01	-7.174066E-01	-9.569602E-01	-7.623087E-01	
7.000000E+02	9.432015E-01	-6.619092E-01	-1.033482E+00	-7.521898E-01	
7.010000E+02	9.596914E-01	-5.904274E-01	-1.069598E+00	-7.003341E-01	
7.020000E+02	9.606796E-01	-5.041032E-01	-1.066097E+00	-6.095210E-01	
7.030000E+02	9.460657E-01	-4.048950E-01	-1.026131E+00	-4.849599E-01	
7.040000E+02	9.165055E-01	-2.954682E-01	-9.549991E-01	-3.339618E-01	
7.050000E+02	8.733701E-01	-1.790416E-01	-8.598125E-01	-1.654840E-01	
7.060000E+02	8.186616E-01	-5.920048E-02	-7.490301E-01	1.043110E-02	
7.070000E+02	7.548911E-01	6.031491E-02	-6.319208E-01	1.832852E-01	
7.080000E+02	6.849239E-01	1.758289E-01	-5.179708E-01	3.427819E-01	
7.090000E+02	6.118046E-01	2.839460E-01	-4.162800E-01	4.794706E-01	
7.100000E+02	5.385710E-01	3.817494E-01	-3.349817E-01	5.853387E-01	
7.110000E+02	4.680696E-01	4.669683E-01	-2.807255E-01	6.543124E-01	
7.120000E+02	4.027837E-01	5.381058E-01	-2.582532E-01	6.826363E-01	
7.130000E+02	3.446861E-01	5.945179E-01	-2.700951E-01	6.691089E-01	
7.140000E+02	2.951225E-01	6.364382E-01	-3.164072E-01	6.151535E-01	
7.150000E+02	2.547352E-01	6.649472E-01	-3.949596E-01	5.247227E-01	
7.160000E+02	2.234347E-01	6.818913E-01	-5.012711E-01	4.040548E-01	
7.170000E+02	2.004163E-01	6.897533E-01	-6.288897E-01	2.612798E-01	
7.180000E+02	1.842190E-01	6.914796E-01	-7.697985E-01	1.059000E-01	
7.190000E+02	1.728309E-01	6.902834E-01	-9.149187E-01	-5.180437E-02	
7.200000E+02	1.638275E-01	6.894290E-01	-1.054681E+00	-2.014242E-01	
7.210000E+02	1.545357E-01	6.920136E-01	-1.179628E+00	-3.330789E-01	
7.220000E+02	1.422154E-01	7.007617E-01	-1.281014E+00	-4.380365E-01	
7.230000E+02	1.242449E-01	7.178413E-01	-1.351353E+00	-5.092669E-01	
7.240000E+02	9.829850E-02	7.447176E-01	-1.384900E+00	-5.418837E-01	
7.250000E+02	6.250780E-02	7.820512E-01	-1.378011E+00	-5.334516E-01	
7.260000E+02	1.559139E-02	8.296464E-01	-1.329382E+00	-4.841441E-01	
7.270000E+02	-4.304943E-02	8.864553E-01	-1.240137E+00	-3.967311E-01	
7.280000E+02	-1.132802E-01	9.506353E-01	-1.113765E+00	-2.764104E-01	
7.290000E+02	-1.942260E-01	1.019659E+00	-9.559101E-01	-1.304767E-01	
7.300000E+02	-2.843124E-01	1.090469E+00	-7.740214E-01	3.213509E-02	
7.310000E+02	-3.813527E-01	1.159658E+00	-5.769019E-01	2.014032E-01	
7.320000E+02	-4.826687E-01	1.223687E+00	-3.741606E-01	3.668572E-01	
7.330000E+02	-5.852465E-01	1.279099E+00	-1.756211E-01	5.182310E-01	
7.340000E+02	-6.859138E-01	1.322735E+00	9.281924E-03	6.461029E-01	
7.350000E+02	-7.815236E-01	1.351934E+00	1.720878E-01	7.424979E-01	
7.360000E+02	-8.691413E-01	1.364696E+00	3.058250E-01	8.013793E-01	
7.370000E+02	-9.462161E-01	1.359809E+00	4.054383E-01	8.190311E-01	
7.380000E+02	-1.010729E+00	1.336930E+00	4.680926E-01	7.942929E-01	
7.390000E+02	-1.061310E+00	1.296604E+00	4.933376E-01	7.286314E-01	
7.400000E+02	-1.097312E+00	1.240238E+00	4.831220E-01	6.260481E-01	
7.410000E+02	-1.118842E+00	1.170014E+00	4.416571E-01	4.928292E-01	
7.420000E+02	-1.126743E+00	1.088757E+00	3.751389E-01	3.371530E-01	
7.430000E+02	-1.122536E+00	9.997657E-01	2.913431E-01	1.685729E-01	
7.440000E+02	-1.108314E+00	9.066117E-01	1.991233E-01	-2.578886E-03	
7.450000E+02	-1.086603E+00	8.129217E-01	1.078401E-01	-1.658408E-01	
7.460000E+02	-1.060196E+00	7.221600E-01	2.675915E-02	-3.112771E-01	
7.470000E+02	-1.031976E+00	6.374190E-01	-3.554555E-02	-4.301024E-01	
7.480000E+02	-1.004723E+00	5.612364E-01	-7.174366E-02	-5.152305E-01	
7.490000E+02	-9.809430E-01	4.954449E-01	-7.622371E-02	-5.617218E-01	
7.500000E+02	-9.627007E-01	4.410701E-01	-4.545777E-02	-5.670883E-01	
7.510000E+02	-9.514896E-01	3.982797E-01	2.176524E-02	-5.314447E-01	
7.520000E+02	-9.481382E-01	3.663825E-01	1.242481E-01	-4.575075E-01	
7.530000E+02	-9.527570E-01	3.438858E-01	2.584491E-01	-3.504221E-01	
7.540000E+02	-9.647302E-01	3.286047E-01	4.186947E-01	-2.174309E-01	
7.550000E+02	-9.827560E-01	3.178128E-01	5.975245E-01	-6.741870E-02	
7.560000E+02	-1.004932E+00	3.084271E-01	7.861489E-01	8.964438E-02	
7.570000E+02	-1.028875E+00	2.972170E-01	9.749916E-01	2.433332E-01	
7.580000E+02	-1.051879E+00	2.810231E-01	1.154284E+00	3.834280E-01	
7.590000E+02	-1.071083E+00	2.569701E-01	1.314668E+00	5.005554E-01	
7.600000E+02	-1.083663E+00	2.226627E-01	1.447780E+00	5.867796E-01	
7.610000E+02	-1.087011E+00	1.763520E-01	1.546765E+00	6.361055E-01	
7.620000E+02	-1.078910E+00	1.170604E-01	1.606705E+00	6.448555E-01	
7.630000E+02	-1.057678E+00	4.465810E-02	1.624923E+00	6.119032E-01	
7.640000E+02	-1.022283E+00	-4.011381E-02	1.601142E+00	5.387460E-01	
7.650000E+02	-9.724162E-01	-1.356737E-01	1.537505E+00	4.294154E-01	
7.660000E+02	-9.085236E-01	-2.396840E-01	1.438436E+00	2.902281E-01	
7.670000E+02	-8.317870E-01	-3.491859E-01	1.310356E+00	1.293830E-01	
7.680000E+02	-7.440613E-01	-4.607698E-01	1.161284E+00	-4.354669E-02	
7.690000E+02	-6.477682E-01	-5.707749E-01	1.000333E+00	-2.182101E-01	
7.700000E+02	-5.457580E-01	-6.755076E-01	8.371339E-01	-3.841317E-01	
7.710000E+02	-4.411418E-01	-7.714603E-01	6.812360E-01	-5.313661E-01	
7.720000E+02	-3.371098E-01	-8.555199E-01	5.415088E-01	-6.511209E-01	
7.730000E+02	-2.367431E-01	-9.251519E-01	4.255879E-01	-7.363072E-01	
7.740000E+02	-1.428344E-01	-9.785486E-01	3.394002E-01	-7.819828E-01	
7.750000E+02	-5.772547E-02	-1.014732E+00	2.867970E-01	-7.856608E-01	
7.760000E+02	1.682475E-02	-1.033609E+00	2.693168E-01	-7.474676E-01	
7.770000E+02	7.973748E-02	-1.035964E+00	2.860963E-01	-6.701307E-01	
7.780000E+02	1.306680E-01	-1.023407E+00	3.339334E-01	-5.588053E-01	
7.790000E+02	1.700131E-01	-9.982590E-01	4.074954E-01	-4.207505E-01	
7.800000E+02	1.988711E-01	-9.634077E-01	4.996637E-01	-2.648729E-01	
7.810000E+02	2.189602E-01	-9.221153E-01	6.019911E-01	-1.011641E-01	
7.820000E+02	2.324954E-01	-8.778124E-01	7.052421E-01	5.992514E-02	
7.830000E+02	2.420364E-01	-8.338780E-01	7.999852E-01	2.081437E-01	
7.840000E+02	2.503137E-01	-7.934246E-01	8.771968E-01	3.340859E-01	
7.850000E+02	2.600436E-01	-7.591020E-01	9.288404E-01	4.297819E-01	
7.860000E+02	2.737451E-01	-7.329297E-01	9.483840E-01	4.891994E-01	
7.870000E+02	2.935692E-01	-7.161712E-01	9.312235E-01	5.086215E-01	
7.880000E+02	3.211514E-01	-7.092568E-01	8.749842E-01	4.868787E-01	
7.890000E+02	3.574983E-01	-7.117579E-01	7.796848E-01	4.254251E-01	
7.900000E+02	4.029143E-01	-7.224170E-01	6.477508E-01	3.282481E-01	
7.910000E+02	4.569715E-01	-7.392324E-01	4.838742E-01	2.016133E-01	
7.920000E+02	5.185256E-01	-7.595900E-01	2.947328E-01	5.366843E-02	
7.930000E+02	5.857824E-01	-7.804312E-01	8.858685E-02	-1.060620E-01	
7.940000E+02	6.564013E-01	-7.984526E-01	-1.252258E-01	-2.672771E-01	
7.950000E+02	7.276326E-01	-8.103244E-01	-3.368653E-01	-4.195571E-01	
7.960000E+02	7.964860E-01	-8.129059E-01	-5.365917E-01	-5.530116E-01	
7.970000E+02	8.599133E-01	-8.034515E-01	-7.153615E-01	-6.588997E-01	
7.980000E+02	9.149938E-01	-7.797954E-01	-8.653849E-01	-7.301866E-01	
7.990000E+02	9.591129E-01	-7.404984E-01	-9.806005E-01	-7.619860E-01	
8.000000E+02	9.901247E-01	-6.849494E-01	-1.057043E+00	-7.518681E-01	
8.010000E+02	1.006484E+00	-6.134163E-01	-1.093081E+00	-7.000134E-01	
8.020000E+02	1.007341E+00	-5.270408E-01	-1.089501E+00	-6.092013E-01	
8.030000E+02	9.925966E-01	-4.277814E-01	-1.049456E+00	-4.846410E-01	
8.040000E+02	9.629065E-01	-3.183035E-01	-9.782469E-01	-3.336439E-01	
8.050000E+02	9.196414E-01	-2.018260E-01	-8.829824E-01	-1.651671E-01	
8.060000E+02	8.648037E-01	-8.193401E-02	-7.721225E-01	1.074720E-02	
8.070000E+02	8.009042E-01	3.763209E-02	-6.549360E-01	1.836003E-01	
8.080000E+02	7.308085E-01	1.531967E-01	-5.409091E-01	3.430961E-01	
8.090000E+02	6.575610E-01	2.613643E-01	-4.391415E-01	4.797839E-01	
8.100000E+02	5.841996E-01	3.592181E-01	-3.577666E-01	5.856511E-01	
8.110000E+02	5.135707E-01	4.444873E-01	-3.034341E-01	6.546239E-01	
8.120000E+02	4.481578E-01	5.156749E-01	-2.808858E-01	6.829469E-01	
8.130000E+02	3.899335E-01	5.721371E-01	-2.926520E-01	6.694185E-01	
8.140000E+02	3.402435E-01	6.141073E-01	-3.388885E-01	6.154623E-01	
8.150000E+02	2.997301E-01	6.426660E-01	-4.173657E-01	5.250304E-01	
8.160000E+02	2.683040E-01	6.596599E-01	-5.236022E-01	4.043617E-01	
8.170000E+02	2.451603E-01	6.675715E-01	-6.511459E-01	2.615859E-01	
8.180000E+02	2.288380E-01	6.693474E-01	-7.919802E-01	1.062051E-01	
8.190000E+02	2.173254E-01	6.682006E-01	-9.370261E-01	-5.150018E-02	
8.200000E+02	2.081977E-01	6.673954E-01	-1.076714E+00	-2.011209E-01	
8.210000E+02	1.987820E-01	6.700292E-01	-1.201588E+00	-3.327764E-01	
8.220000E+02	1.863382E-01	6.788263E-01	-1.302899E+00	-4.377350E-01	
8.230000E+02	1.682444E-01	6.959547E-01	-1.373166E+00	-5.089664E-01	
8.240000E+02	1.421753E-01	7.228800E-01	-1.406639E+00	-5.415839E-01	
8.250000E+02	1.062620E-01	7.602623E-01	-1.399677E+00	-5.331527E-01	
8.260000E+02	5.922348E-02	8.079061E-01	-1.350976E+00	-4.838461E-01	
8.270000E+02	4.608582E-04	8.647635E-01	-1.261658E+00	-3.964340E-01	
8.280000E+02	-6.989139E-02	9.289919E-01	-1.135215E+00	-2.761141E-01	
8.290000E+02	-1.509583E-01	9.980643E-01	-9.772873E-01	-1.301814E-01	
8.300000E+02	-2.411655E-01	1.068922E+00	-7.953269E-01	3.242961E-02	
8.310000E+02	-3.383262E-01	1.138159E+00	-5.981359E-01	2.016969E-01	
8.320000E+02	-4.397623E-01	1.202236E+00	-3.953233E-01	3.671501E-01	
8.330000E+02	-5.424598E-01	1.257695E+00	-1.967130E-01	5.185227E-01	
8.340000E+02	-6.432466E-01	1.301380E+00	-1.173900E-02	6.463940E-01	
8.350000E+02	-7.389754E-01	1.330626E+00	1.511374E-01	7.427882E-01	
8.360000E+02	-8.267119E-01	1.343436E+00	2.849450E-01	8.016687E-01	
8.370000E+02	-9.039051E-01	1.338596E+00	3.846284E-01	8.193196E-01	
8.380000E+02	-9.685364E-01	1.315764E+00	4.473525E-01	7.945805E-01	
8.390000E+02	-1.019235E+00	1.275486E+00	4.726672E-01	7.289182E-01	
8.400000E+02	-1.055354E+00	1.219167E+00	4.625210E-01	6.263341E-01	
8.410000E+02	-1.077001E+00	1.148990E+00	4.211253E-01	4.931143E-01	
8.420000E+02	-1.085019E+00	1.067780E+00	3.546761E-01	3.374373E-01	
8.430000E+02	-1.080928E+00	9.788355E-01	2.709491E-01	1.688564E-01	
8.440000E+02	-1.066822E+00	8.857282E-01	1.787978E-01	-2.296261E-03	
8.450000E+02	-1.045227E+00	7.920849E-01	8.758300E-02	-1.655589E-01	
8.460000E+02	-1.018936E+00	7.013696E-01	6.570157E-03	-3.109961E-01	
8.470000E+02	-9.908306E-01	6.166750E-01	-5.566666E-02	-4.298222E-01	
8.480000E+02	-9.636927E-01	5.405387E-01	-9.179712E-02	-5.149512E-01	
8.490000E+02	-9.400269E-01	4.747933E-01	-9.620962E-02	-5.614432E-01	
8.500000E+02	-9.218987E-01	4.204646E-01	-6.537656E-02	-5.668107E-01	
8.510000E+02	-9.108014E-01	3.777202E-01	1.913463E-03	-5.311677E-01	
8.520000E+02	-9.075635E-01	3.458689E-01	1.044631E-01	-4.572315E-01	
8.530000E+02	-9.122956E-01	3.234181E-01	2.387307E-01	-3.501468E-01	
8.540000E+02	-9.243815E-01	3.081825E-01	3.990426E-01	-2.171564E-01	
8.550000E+02	-9.425199E-01	2.974362E-01	5.779385E-01	-6.714513E-02	
8.560000E+02	-9.648076E-01	2.880960E-01	7.666289E-01	8.991731E-02	
8.570000E+02	-9.888632E-01	2.769313E-01	9.555373E-01	2.436053E-01	
8.580000E+02	-1.011978E+00	2.607826E-01	1.134895E+00	3.836993E-01	
8.590000E+02	-1.031293E+00	2.367748E-01	1.295345E+00	5.008259E-01	
8.600000E+02	-1.043984E+00	2.025124E-01	1.428521E+00	5.870492E-01	
8.610000E+02	-1.047444E+00	1.562467E-01	1.527571E+00	6.363744E-01	
8.620000E+02	-1.039453E+00	9.700007E-02	1.587577E+00	6.451238E-01	
8.630000E+02	-1.018331E+00	2.464241E-02	1.605859E+00	6.121705E-01	
8.640000E+02	-9.830449E-01	-6.008481E-02	1.582142E+00	5.390125E-01	
8.650000E+02	-9.332879E-01	-1.556001E-01	1.518569E+00	4.296812E-01	
8.660000E+02	-8.695044E-01	-2.595660E-01	1.419563E+00	2.904931E-01	
8.670000E+02	-7.928766E-01	-3.690235E-01	1.291547E+00	1.296472E-01	
8.680000E+02	-7.052593E-01	-4.805632E-01	1.142539E+00	-4.328327E-02	
8.690000E+02	-6.090744E-01	-5.905241E-01	9.816511E-01	-2.179474E-01	
8.700000E+02	-5.071720E-01	-6.952127E-01	8.185148E-01	-3.838698E-01	
8.710000E+02	-4.026634E-01	-7.911214E-01	6.626797E-01	-5.311051E-01	
8.720000E+02	-2.987385E-01	-8.751371E-01	5.230151E-01	-6.508605E-01	
8.730000E+02	-1.984788E-01	-9.447254E-01	4.071567E-01	-7.360475E-01	
8.740000E+02	-1.046767E-01	-9.980784E-01	3.210312E-01	-7.817239E-01	
8.750000E+02	-1.967412E-02	-1.034219E+00	2.684899E-01	-7.854027E-01	
8.760000E+02	5.477008E-02	-1.053052E+00	2.510715E-01	-7.472103E-01	
8.770000E+02	1.175771E-01	-1.055364E+00	2.679126E-01	-6.698742E-01	
8.780000E+02	1.684022E-01	-1.042763E+00	3.158111E-01	-5.585495E-01	
8.790000E+02	2.076421E-01	-1.017572E+00	3.894343E-01	-4.204956E-01	
8.800000E+02	2.363953E-01	-9.826774E-01	4.816636E-01	-2.646186E-01	
8.810000E+02	2.563798E-01	-9.413421E-01	5.840517E-01	-1.009105E-01	
8.820000E+02	2.698108E-01	-8.969963E-01	6.873634E-01	6.017796E-02	
8.830000E+02	2.792479E-01	-8.530190E-01	7.821668E-01	2.083957E-01	
8.840000E+02	2.874215E-01	-8.125229E-01	8.594387E-01	3.343373E-01	
8.850000E+02	2.970480E-01	-7.781577E-01	9.111422E-01	4.300325E-01	
8.860000E+02	3.106465E-01	-7.519429E-01	9.307457E-01	4.894493E-01	
8.870000E+02	3.303679E-01	-7.351420E-01	9.136448E-01	5.088707E-01	
8.880000E+02	3.578475E-01	-7.281853E-01	8.574649E-01	4.871271E-01	
8.890000E+02	3.940922E-01	-7.306441E-01	7.622247E-01	4.256727E-01	
8.900000E+02	4.394063E-01	-7.412611E-01	6.303497E-01	3.284949E-01	
8.910000E+02	4.933619E-01	-7.580344E-01	4.665321E-01	2.018596E-01	
8.920000E+02	5.548147E-01	-7.783500E-01	2.774493E-01	5.391391E-02	
8.930000E+02	6.219704E-01	-7.991494E-01	7.136185E-02	-1.058171E-01	
8.940000E+02	6.924885E-01	-8.171290E-01	-1.423925E-01	-2.670331E-01	
8.950000E+02	7.636193E-01	-8.289591E-01	-3.539740E-01	-4.193138E-01	
8.960000E+02	8.323725E-01	-8.314990E-01	-5.536424E-01	-5.527690E-01	
8.970000E+02	8.957000E-01	-8.220031E-01	-7.323546E-01	-6.586577E-01	
8.980000E+02	9.506807E-01	-7.983057E-01	-8.823205E-01	-7.299454E-01	
8.990000E+02	9.947005E-01	-7.589673E-01	-9.974787E-01	-7.617455E-01	
9.000000E+02	1.025613E+00	-7.033772E-01	-1.073864E+00	-7.516283E-01	
9.010000E+02	1.041873E+00	-6.318029E-01	-1.109845E+00	-6.997743E-01	
9.020000E+02	1.042632E+00	-5.453863E-01	-1.106209E+00	-6.089629E-01	
9.030000E+02	1.027790E+00	-4.460860E-01	-1.066107E+00	-4.844033E-01	
9.040000E+02	9.980015E-01	-3.365673E-01	-9.948412E-01	-3.334069E-01	
9.050000E+02	9.546387E-01	-2.200490E-01	-8.995205E-01	-1.649308E-01	
9.060000E+02	8.997037E-01	-1.001164E-01	-7.886045E-01	1.098278E-02	
9.070000E+02	8.357071E-01	1.949030E-02	-6.713621E-01	1.838353E-01	
9.080000E+02	7.655145E-01	1.350954E-01	-5.572795E-01	3.433303E-01	
9.090000E+02	6.921704E-01	2.433034E-01	-4.554564E-01	4.800174E-01	
9.100000E+02	6.187127E-01	3.411974E-01	-3.740263E-01	5.858839E-01	
9.110000E+02	5.479878E-01	4.265069E-01	-3.196386E-01	6.548561E-01	
9.120000E+02	4.824790E-01	4.977347E-01	-2.970353E-01	6.831784E-01	
9.130000E+02	4.241592E-01	5.542368E-01	-3.087467E-01	6.696494E-01	
9.140000E+02	3.743740E-01	5.962471E-01	-3.549287E-01	6.156923E-01	
9.150000E+02	3.337657E-01	6.248456E-01	-4.333514E-01	5.252599E-01	
9.160000E+02	3.022449E-01	6.418793E-01	-5.395336E-01	4.045905E-01	
9.170000E+02	2.790067E-01	6.498305E-01	-6.670232E-01	2.618139E-01	
9.180000E+02	2.625903E-01	6.516460E-01	-8.078036E-01	1.064326E-01	
9.190000E+02	2.509838E-01	6.505387E-01	-9.527958E-01	-5.127340E-02	
9.200000E+02	2.417625E-01	6.497729E-01	-1.092430E+00	-2.008948E-01	
9.210000E+02	2.322534E-01	6.524460E-01	-1.217250E+00	-3.325509E-01	
9.220000E+02	2.197165E-01	6.612824E-01	-1.318509E+00	-4.375102E-01	
9.230000E+02	2.015299E-01	6.784500E-01	-1.388722E+00	-5.087422E-01	
9.240000E+02	1.753682E-01	7.054143E-01	-1.422143E+00	-5.413605E-01	
9.250000E+02	1.393626E-01	7.428356E-01	-1.415128E+00	-5.329299E-01	
9.260000E+02	9.223199E-02	7.905183E-01	-1.366374E+00	-4.836239E-01	
9.270000E+02	3.337757E-02	8.474145E-01	-1.277005E+00	-3.962125E-01	
9.280000E+02	-3.706621E-02	9.116816E-01	-1.150509E+00	-2.758933E-01	
9.290000E+02	-1.182244E-01	9.807926E-01	-9.925294E-01	-1.299612E-01	
9.300000E+02	-2.085226E-01	1.051689E+00	-8.105171E-01	3.264921E-02	
9.310000E+02	-3.057741E-01	1.120964E+00	-6.132744E-01	2.019158E-01	
9.320000E+02	-4.073007E-01	1.185079E+00	-4.104103E-01	3.673683E-01	
9.330000E+02	-5.100885E-01	1.240577E+00	-2.117487E-01	5.187404E-01	
9.340000E+02	-6.109652E-01	1.284300E+00	-2.672353E-02	6.466111E-01	
9.350000E+02	-7.067838E-01	1.313585E+00	1.362039E-01	7.430046E-01	
9.360000E+02	-7.946098E-01	1.326432E+00	2.700623E-01	8.018844E-01	
9.370000E+02	-8.718922E-01	1.321631E+00	3.697963E-01	8.195348E-01	
9.380000E+02	-9.366126E-01	1.298837E+00	4.325710E-01	7.947950E-01	
9.390000E+02	-9.874001E-01	1.258596E+00	4.579360E-01	7.291321E-01	
9.400000E+02	-1.023608E+00	1.202315E+00	4.478400E-01	6.265473E-01	
9.410000E+02	-1.045343E+00	1.132175E+00	4.064943E-01	4.933269E-01	
9.420000E+02	-1.053448E+00	1.051003E+00	3.400950E-01	3.376493E-01	
9.430000E+02	-1.049446E+00	9.620957E-01	2.564176E-01	1.690677E-01	
9.440000E+02	-1.035427E+00	8.690258E-01	1.643158E-01	-2.085506E-03	
9.450000E+02	-1.013919E+00	7.754197E-01	7.315031E-02	-1.653488E-01	
9.460000E+02	-9.877149E-01	6.847416E-01	-7.813282E-03	-3.107866E-01	
9.470000E+02	-9.596964E-01	6.000842E-01	-7.000107E-02	-4.296133E-01	
9.480000E+02	-9.326451E-01	5.239848E-01	-1.060827E-01	-5.147429E-01	
9.490000E+02	-9.090655E-01	4.582765E-01	-1.104465E-01	-5.612356E-01	
9.500000E+02	-8.910234E-01	4.039846E-01	-7.956482E-02	-5.666036E-01	
9.510000E+02	-8.800119E-01	3.612770E-01	-1.222640E-02	-5.309613E-01	
9.520000E+02	-8.768595E-01	3.294624E-01	9.037149E-02	-4.570256E-01	
9.530000E+02	-8.816767E-01	3.070481E-01	2.246871E-01	-3.499415E-01	
9.540000E+02	-8.938479E-01	2.918491E-01	3.850470E-01	-2.169518E-01	
9.550000E+02	-9.120710E-01	2.811393E-01	5.639907E-01	-6.694101E-02	
9.560000E+02	-9.344434E-01	2.718355E-01	7.527287E-01	9.012071E-02	
9.570000E+02	-9.585833E-01	2.607070E-01	9.416845E-01	2.438081E-01	
9.580000E+02	-9.817824E-01	2.445946E-01	1.121089E+00	3.839015E-01	
9.590000E+02	-1.001182E+00	2.206229E-01	1.281586E+00	5.010276E-01	
9.600000E+02	-1.013956E+00	1.863965E-01	1.414810E+00	5.872503E-01	
9.610000E+02	-1.017499E+00	1.401668E-01	1.513907E+00	6.365749E-01	
9.620000E+02	-1.009591E+00	8.095602E-02	1.573959E+00	6.453236E-01	
9.630000E+02	-9.885519E-01	8.634199E-03	1.592287E+00	6.123698E-01	
9.640000E+02	-9.533488E-01	-7.605730E-02	1.568617E+00	5.392112E-01	
9.650000E+02	-9.036743E-01	-1.715370E-01	1.505091E+00	4.298793E-01	
9.660000E+02	-8.399730E-01	-2.754672E-01	1.406131E+00	2.906907E-01	
9.670000E+02	-7.634271E-01	-3.848893E-01	1.278161E+00	1.298442E-01	
9.680000E+02	-6.758916E-01	-4.963936E-01	1.129198E+00	-4.308687E-02	
9.690000E+02	-5.797883E-01	-6.063191E-01	9.683558E-01	-2.177516E-01	
9.700000E+02	-4.779672E-01	-7.109725E-01	8.052650E-01	-3.836746E-01	
9.710000E+02	-3.735396E-01	-8.068460E-01	6.494753E-01	-5.309103E-01	
9.720000E+02	-2.696956E-01	-8.908267E-01	5.098559E-01	-6.506664E-01	
9.730000E+02	-1.695165E-01	-9.603799E-01	3.940424E-01	-7.358540E-01	
9.740000E+02	-7.579488E-02	-1.013698E+00	3.079619E-01	-7.815310E-01	
9.750000E+02	9.127567E-03	-1.049803E+00	2.554654E-01	-7.852103E-01	
9.760000E+02	8.349182E-02	-1.068602E+00	2.380915E-01	-7.470185E-01	
9.770000E+02	1.462191E-01	-1.070879E+00	2.549771E-01	-6.696829E-01	
9.780000E+02	1.969647E-01	-1.058243E+00	3.029199E-01	-5.583588E-01	
9.790000E+02	2.361253E-01	-1.033018E+00	3.765872E-01	-4.203054E-01	
9.800000E+02	2.647995E-01	-9.980890E-01	4.688606E-01	-2.644289E-01	
9.810000E+02	2.847052E-01	-9.567192E-01	5.712926E-01	-1.007215E-01	
9.820000E+02	2.980576E-01	-9.123391E-01	6.746480E-01	6.036644E-02	
9.830000E+02	3.074163E-01	-8.683276E-01	7.694950E-01	2.085837E-01	
9.840000E+02	3.155118E-01	-8.277974E-01	8.468103E-01	3.345246E-01	
9.850000E+02	3.250603E-01	-7.933980E-01	8.985571E-01	4.302194E-01	
9.860000E+02	3.385811E-01	-7.671492E-01	9.182037E-01	4.896356E-01	
9.870000E+02	3.582250E-01	-7.503144E-01	9.011459E-01	5.090565E-01	
9.880000E+02	3.856273E-01	-7.433238E-01	8.450089E-01	4.873124E-01	
9.890000E+02	4.217949E-01	-7.457489E-01	7.498114E-01	4.258574E-01	
9.900000E+02	4.670322E-01	-7.563321E-01	6.179790E-01	3.286791E-01	
9.910000E+02	5.209111E-01	-7.730718E-01	4.542038E-01	2.020431E-01	
9.920000E+02	5.822875E-01	-7.933539E-01	2.651634E-01	5.409697E-02	
9.930000E+02	6.493670E-01	-8.141197E-01	5.911811E-02	-1.056346E-01	
9.940000E+02	7.198091E-01	-8.320660E-01	-1.545942E-01	-2.668511E-01	
9.950000E+02	7.908641E-01	-8.438627E-01	-3.661338E-01	-4.191323E-01	
9.960000E+02	8.595417E-01	-8.463695E-01	-5.657605E-01	-5.525882E-01	
9.970000E+02	9.227939E-01	-8.368402E-01	-7.444310E-01	-6.584773E-01	
9.980000E+02	9.776995E-01	-8.131097E-01	-8.943554E-01	-7.297656E-01	
9.990000E+02	1.021644E+00	-7.737383E-01	-1.009472E+00	-7.615662E-01	
1.000000E+03	1.052482E+00	-7.181152E-01	-1.085817E+00	-7.514495E-01	
