0.000000E+00	2.940333E+00	-3.528387E-01	5.695074E-03	
5.555550E-06	2.975308E+00	-3.412282E-01	4.239991E-03	
1.111110E-05	3.029155E+00	-3.442864E-01	1.691223E-02	
1.666665E-05	3.067572E+00	-3.364098E-01	-1.086576E-02	
2.222220E-05	3.051122E+00	-3.105732E-01	-4.470021E-02	
2.777775E-05	2.978997E+00	-2.601286E-01	-9.924315E-03	
3.333330E-05	2.946210E+00	-2.608571E-01	-1.638833E-02	
3.888885E-05	2.898170E+00	-2.497025E-01	-1.776050E-02	
4.444440E-05	2.874786E+00	-2.622015E-01	-1.529545E-02	
4.999995E-05	2.828324E+00	-2.491335E-01	-1.527156E-02	
5.555550E-05	2.804950E+00	-2.607479E-01	-1.302910E-02	
6.111105E-05	2.770669E+00	-2.607687E-01	-2.080593E-02	
6.666660E-05	2.694871E+00	-1.517829E-01	-6.327671E-02	
7.222215E-05	2.645263E+00	-8.007264E-02	-6.285039E-02	
7.777770E-05	2.618124E+00	2.397611E-02	4.710864E-04	
8.333325E-05	2.665017E+00	1.822152E-02	9.142176E-03	
8.888880E-05	2.736206E+00	-1.078938E-02	5.616144E-03	
9.444435E-05	2.777271E+00	-7.199670E-03	6.760541E-03	
9.999990E-05	2.845681E+00	-3.709121E-02	1.605566E-04	
1.055554E-04	2.830581E+00	-6.204799E-02	-1.664980E-02	
1.111110E-04	2.793270E+00	-6.295378E-02	-2.582367E-02	
1.166666E-04	2.763253E+00	-6.559875E-02	-1.450146E-02	
1.222221E-04	2.732396E+00	-6.675213E-02	-2.071037E-02	
1.277776E-04	2.692352E+00	-6.048756E-02	-1.892581E-02	
1.333332E-04	2.727886E+00	-4.934060E-02	3.295663E-03	
1.388888E-04	2.796871E+00	-7.425501E-02	4.125950E-03	
1.444443E-04	2.840576E+00	-7.432983E-02	6.405929E-03	
1.499999E-04	2.914833E+00	-1.103116E-01	-6.030496E-04	
1.555554E-04	2.866257E+00	-4.389879E-02	-6.948252E-02	
1.611109E-04	2.810748E+00	2.878691E-02	-7.059596E-02	
1.666665E-04	2.712930E+00	1.216080E-01	-1.519513E-02	
1.722221E-04	2.694601E+00	1.203120E-01	-1.489743E-02	
1.777776E-04	2.644261E+00	1.156781E-01	-1.432186E-02	
1.833331E-04	2.626526E+00	1.138091E-01	-1.415107E-02	
1.888887E-04	2.567657E+00	1.218302E-01	-2.398967E-02	
1.944443E-04	2.560371E+00	1.054977E-01	-1.406080E-02	
1.999998E-04	2.513155E+00	1.127382E-01	-1.912879E-02	
2.055554E-04	2.458545E+00	1.879856E-01	-6.558634E-02	
2.111109E-04	2.427977E+00	2.572225E-01	-5.667033E-02	
2.166664E-04	2.372771E+00	3.719161E-01	1.416971E-03	
2.222220E-04	2.405458E+00	3.627420E-01	1.501004E-03	
2.277776E-04	2.498653E+00	3.350083E-01	1.873425E-03	
2.333331E-04	2.532609E+00	3.245203E-01	1.992587E-03	
2.388886E-04	2.616079E+00	2.867304E-01	-1.932577E-03	
2.444442E-04	2.616962E+00	2.579075E-01	-1.299541E-02	
2.499998E-04	2.561563E+00	2.598888E-01	-2.666118E-02	
2.555553E-04	2.555479E+00	2.414086E-01	-1.596140E-02	
2.611108E-04	2.504870E+00	2.374432E-01	-3.275922E-02	
2.666664E-04	2.487102E+00	2.361771E-01	-2.233983E-02	
2.722220E-04	2.507408E+00	2.456968E-01	-7.549383E-03	
2.777775E-04	2.597595E+00	2.256774E-01	1.822686E-03	
2.833331E-04	2.633772E+00	2.134221E-01	2.009245E-03	
2.888886E-04	2.729388E+00	1.707714E-01	-9.237814E-05	
2.944442E-04	2.689470E+00	2.238532E-01	-6.280479E-02	
2.999997E-04	2.585384E+00	3.462972E-01	-3.219553E-02	
3.055553E-04	2.541015E+00	3.813114E-01	-1.750365E-02	
3.111108E-04	2.488992E+00	3.772039E-01	-3.515814E-02	
3.166663E-04	2.478096E+00	3.647949E-01	-1.754395E-02	
3.222219E-04	2.461718E+00	3.609530E-01	-1.824803E-02	
3.277775E-04	2.414733E+00	3.520709E-01	-1.852765E-02	
3.333330E-04	2.398009E+00	3.489751E-01	-1.847414E-02	
3.388886E-04	2.347286E+00	3.549048E-01	-2.585282E-02	
3.444441E-04	2.299436E+00	4.182081E-01	-6.507887E-02	
3.499997E-04	2.204051E+00	5.417132E-01	-2.734973E-02	
3.555552E-04	2.122398E+00	6.533178E-01	-5.889352E-02	
3.611108E-04	2.166363E+00	6.889022E-01	-1.974097E-03	
3.666663E-04	2.195738E+00	6.855975E-01	2.627194E-03	
3.722218E-04	2.234262E+00	6.691657E-01	2.614322E-03	
3.777774E-04	2.261852E+00	6.052561E-01	-1.932230E-02	
3.833329E-04	2.245316E+00	6.011611E-01	-1.933332E-02	
3.888885E-04	2.188241E+00	6.054593E-01	-3.066761E-02	
3.944441E-04	2.183493E+00	5.850579E-01	-1.925812E-02	
3.999996E-04	2.127210E+00	5.888074E-01	-3.067251E-02	
4.055552E-04	2.119926E+00	5.721121E-01	-2.202857E-02	
4.111107E-04	2.183670E+00	5.777232E-01	1.413763E-02	
4.166663E-04	2.233018E+00	5.469899E-01	2.216975E-03	
4.222218E-04	2.273794E+00	5.288362E-01	2.191602E-03	
4.277773E-04	2.364919E+00	4.999931E-01	-1.861275E-02	
4.333329E-04	2.352523E+00	5.115794E-01	-5.657428E-02	
4.388884E-04	2.266214E+00	6.168483E-01	-3.148304E-02	
4.444440E-04	2.183215E+00	7.280747E-01	-6.398946E-02	
4.499996E-04	2.090268E+00	7.886728E-01	-3.209379E-02	
4.555551E-04	2.086616E+00	7.653439E-01	-1.949318E-02	
4.611107E-04	2.034689E+00	7.596879E-01	-3.750100E-02	
4.666662E-04	2.026117E+00	7.436794E-01	-1.968300E-02	
4.722218E-04	2.010447E+00	7.378489E-01	-1.971068E-02	
4.777773E-04	1.948339E+00	7.514401E-01	-3.994523E-02	
4.833328E-04	1.919210E+00	7.833262E-01	-6.031701E-02	
4.888884E-04	1.827582E+00	8.917010E-01	-3.202544E-02	
4.944440E-04	1.746779E+00	9.988850E-01	-6.426698E-02	
4.999995E-04	1.778299E+00	1.047513E+00	2.518468E-03	
5.055551E-04	1.820734E+00	1.028213E+00	2.156003E-03	
5.111106E-04	1.878300E+00	1.007925E+00	9.067356E-03	
5.166662E-04	1.913462E+00	9.301934E-01	-2.143721E-02	
5.222217E-04	1.898396E+00	9.235926E-01	-2.147863E-02	
5.277773E-04	1.856420E+00	9.052882E-01	-2.165952E-02	
5.333328E-04	1.841852E+00	8.987351E-01	-2.164167E-02	
5.388884E-04	1.786717E+00	8.984906E-01	-3.499565E-02	
5.444439E-04	1.782854E+00	8.775384E-01	-2.386585E-02	
5.499995E-04	1.855319E+00	8.683075E-01	2.276526E-03	
5.555550E-04	1.901211E+00	8.472606E-01	2.032531E-03	
5.611105E-04	2.005147E+00	8.252498E-01	3.052900E-02	
5.666661E-04	2.069779E+00	7.790548E-01	-9.913156E-03	
5.722216E-04	2.061252E+00	7.844363E-01	-4.879521E-02	
5.777772E-04	1.952509E+00	9.196024E-01	-7.118943E-02	
5.833327E-04	1.905975E+00	9.790546E-01	-7.073396E-02	
5.888883E-04	1.818625E+00	1.038915E+00	-3.573328E-02	
5.944439E-04	1.817921E+00	1.012026E+00	-2.240874E-02	
5.999994E-04	1.765721E+00	1.011256E+00	-3.535538E-02	
6.055550E-04	1.764308E+00	9.871909E-01	-2.265947E-02	
6.111105E-04	1.718194E+00	9.807460E-01	-3.868066E-02	
6.166661E-04	1.697398E+00	9.848892E-01	-3.772972E-02	
6.222216E-04	1.671797E+00	1.015559E+00	-5.713841E-02	
6.277772E-04	1.558161E+00	1.161365E+00	-6.747906E-02	
6.333327E-04	1.513944E+00	1.218796E+00	-6.702489E-02	
6.388883E-04	1.547681E+00	1.268797E+00	4.139241E-03	
6.444438E-04	1.599477E+00	1.241995E+00	5.950587E-03	
6.499994E-04	1.711594E+00	1.170798E+00	-1.185714E-02	
6.555549E-04	1.727577E+00	1.122252E+00	-2.278807E-02	
6.611105E-04	1.682382E+00	1.114949E+00	-3.874522E-02	
6.666660E-04	1.678978E+00	1.094612E+00	-2.206187E-02	
6.722215E-04	1.666683E+00	1.087162E+00	-2.188574E-02	
6.777771E-04	1.633059E+00	1.065804E+00	-2.144985E-02	
6.833326E-04	1.621363E+00	1.057995E+00	-2.131724E-02	
6.888882E-04	1.693048E+00	1.045455E+00	3.568885E-03	
6.944437E-04	1.747843E+00	1.015211E+00	5.999609E-03	
6.999993E-04	1.873616E+00	9.390177E-01	-9.202202E-03	
7.055548E-04	1.848794E+00	9.684377E-01	-7.029982E-02	
7.111104E-04	1.797052E+00	1.025370E+00	-7.399662E-02	
7.166660E-04	1.680160E+00	1.185241E+00	-6.897573E-02	
7.222215E-04	1.636682E+00	1.241323E+00	-6.857780E-02	
7.277771E-04	1.564005E+00	1.289572E+00	-2.165850E-02	
7.333326E-04	1.552773E+00	1.280707E+00	-2.150258E-02	
7.388882E-04	1.508682E+00	1.274506E+00	-3.502921E-02	
7.444437E-04	1.511648E+00	1.246028E+00	-2.142126E-02	
7.499993E-04	1.468770E+00	1.239053E+00	-3.511133E-02	
7.555548E-04	1.462091E+00	1.224501E+00	-3.152588E-02	
7.611104E-04	1.429529E+00	1.250436E+00	-5.531122E-02	
7.666659E-04	1.335107E+00	1.378004E+00	-6.817084E-02	
7.722215E-04	1.292565E+00	1.432401E+00	-6.783151E-02	
7.777770E-04	1.315980E+00	1.492492E+00	5.243586E-03	
7.833325E-04	1.370220E+00	1.465124E+00	5.238152E-03	
7.888881E-04	1.501909E+00	1.389680E+00	-7.252606E-03	
7.944436E-04	1.519884E+00	1.339889E+00	-1.881042E-02	
7.999992E-04	1.482261E+00	1.325918E+00	-3.684804E-02	
8.055547E-04	1.486627E+00	1.296004E+00	-2.285060E-02	
8.111103E-04	1.447321E+00	1.285789E+00	-3.777700E-02	
8.166658E-04	1.451345E+00	1.256754E+00	-2.272061E-02	
8.222214E-04	1.441734E+00	1.246800E+00	-2.362325E-02	
8.277769E-04	1.418978E+00	1.228588E+00	-2.365491E-02	
8.333325E-04	1.455777E+00	1.228453E+00	-3.249772E-03	
8.388881E-04	1.591749E+00	1.160472E+00	-5.137666E-03	
8.444436E-04	1.574278E+00	1.180452E+00	-6.119947E-02	
8.499992E-04	1.501601E+00	1.270234E+00	-3.715695E-02	
8.555547E-04	1.430940E+00	1.365667E+00	-6.793103E-02	
8.611103E-04	1.375120E+00	1.416687E+00	-7.600041E-02	
8.666658E-04	1.322545E+00	1.467418E+00	-2.270911E-02	
8.722214E-04	1.314051E+00	1.455823E+00	-2.242065E-02	
8.777769E-04	1.288669E+00	1.425773E+00	-2.412797E-02	
8.833325E-04	1.279223E+00	1.415994E+00	-2.405424E-02	
8.888880E-04	1.245147E+00	1.407583E+00	-3.488655E-02	
8.944435E-04	1.213946E+00	1.447284E+00	-6.356604E-02	
8.999991E-04	1.140802E+00	1.539022E+00	-3.622489E-02	
9.055546E-04	1.073260E+00	1.630520E+00	-6.550617E-02	
9.111102E-04	1.031598E+00	1.679078E+00	-6.776317E-02	
9.166657E-04	9.447472E-01	1.798410E+00	-5.461645E-02	
9.222213E-04	9.684348E-01	1.821033E+00	-1.560862E-02	
9.277768E-04	1.116087E+00	1.754020E+00	7.545177E-03	
9.333324E-04	1.129511E+00	1.711411E+00	-1.461981E-02	
9.388879E-04	1.099871E+00	1.687578E+00	-3.833430E-02	
9.444435E-04	1.106164E+00	1.655380E+00	-2.372717E-02	
9.499991E-04	1.068722E+00	1.643838E+00	-3.846453E-02	
9.555546E-04	1.075340E+00	1.611611E+00	-2.388468E-02	
9.611102E-04	1.038538E+00	1.599886E+00	-3.837580E-02	
9.666657E-04	1.042196E+00	1.572065E+00	-2.774191E-02	
9.722213E-04	1.085448E+00	1.568985E+00	-5.561125E-03	
9.777768E-04	1.233466E+00	1.510733E+00	-1.019956E-02	
9.833323E-04	1.237545E+00	1.500199E+00	-5.001902E-02	
9.888879E-04	1.181184E+00	1.568390E+00	-3.793919E-02	
9.944435E-04	1.116495E+00	1.655860E+00	-6.635773E-02	
9.999990E-04	1.037695E+00	1.745884E+00	-4.164444E-02	
1.005555E-03	1.014124E+00	1.756240E+00	-2.309575E-02	
1.011110E-03	9.778130E-01	1.743446E+00	-3.751158E-02	
1.016666E-03	9.873251E-01	1.707185E+00	-2.274041E-02	
1.022221E-03	9.805370E-01	1.694097E+00	-2.268817E-02	
1.027777E-03	9.460254E-01	1.683954E+00	-4.011171E-02	
1.033332E-03	9.297601E-01	1.704192E+00	-5.687693E-02	
1.038888E-03	8.705428E-01	1.778907E+00	-3.596454E-02	
1.044443E-03	8.111817E-01	1.860650E+00	-6.251540E-02	
1.049999E-03	7.491134E-01	1.945734E+00	-3.342642E-02	
1.055555E-03	6.978800E-01	2.018431E+00	-5.277348E-02	
1.061110E-03	7.942661E-01	2.038252E+00	1.993324E-02	
1.066666E-03	8.834691E-01	1.974602E+00	1.605871E-02	
1.072221E-03	9.008537E-01	1.927119E+00	-7.285603E-03	
1.077777E-03	8.989589E-01	1.866460E+00	-2.123740E-02	
1.083332E-03	8.935791E-01	1.851800E+00	-2.115415E-02	
1.088888E-03	8.620642E-01	1.833883E+00	-3.767003E-02	
1.094443E-03	8.732968E-01	1.794584E+00	-2.081605E-02	
1.099999E-03	8.419694E-01	1.777940E+00	-3.706858E-02	
1.105554E-03	8.488089E-01	1.747129E+00	-2.432358E-02	
1.111110E-03	9.285223E-01	1.743678E+00	1.509819E-02	
1.116666E-03	9.348223E-01	1.734396E+00	-6.285272E-02	
1.122221E-03	9.050646E-01	1.777696E+00	-6.219762E-02	
1.127777E-03	8.255901E-01	1.897749E+00	-5.959700E-02	
1.133332E-03	7.982756E-01	1.940162E+00	-5.858348E-02	
1.138888E-03	7.444831E-01	2.018837E+00	-3.211572E-02	
1.144443E-03	7.226785E-01	2.030027E+00	-1.866636E-02	
1.149999E-03	6.943373E-01	2.013542E+00	-3.174681E-02	
1.155554E-03	7.066919E-01	1.975863E+00	-1.631806E-02	
1.161110E-03	6.777400E-01	1.961490E+00	-2.883751E-02	
1.166665E-03	6.784549E-01	1.941018E+00	-3.050385E-02	
1.172221E-03	6.680907E-01	1.959734E+00	-4.576904E-02	
1.177777E-03	6.076181E-01	2.057589E+00	-5.437982E-02	
1.183332E-03	5.835221E-01	2.096705E+00	-5.400777E-02	
1.188888E-03	5.437565E-01	2.168232E+00	-2.709070E-02	
1.194443E-03	4.977935E-01	2.239176E+00	-4.972377E-02	
1.199999E-03	5.734545E-01	2.245527E+00	-4.013646E-03	
1.205554E-03	6.053060E-01	2.181290E+00	-1.547524E-02	
1.211110E-03	5.778819E-01	2.164951E+00	-2.865725E-02	
1.216665E-03	5.948631E-01	2.121502E+00	-1.670184E-02	
1.222221E-03	5.921916E-01	2.106186E+00	-1.666114E-02	
1.227777E-03	5.853764E-01	2.063188E+00	-1.656411E-02	
1.233332E-03	5.834132E-01	2.047712E+00	-1.644032E-02	
1.238888E-03	5.630207E-01	2.026385E+00	-3.184488E-02	
1.244443E-03	5.756507E-01	1.990893E+00	-1.769622E-02	
1.249999E-03	6.864884E-01	1.954432E+00	4.234572E-04	
1.255554E-03	6.860247E-01	1.960972E+00	-5.268042E-02	
1.261110E-03	6.723269E-01	1.997066E+00	-4.840346E-02	
1.266665E-03	6.039978E-01	2.098577E+00	-5.324279E-02	
1.272221E-03	5.814298E-01	2.136021E+00	-5.283540E-02	
1.277777E-03	5.348715E-01	2.214112E+00	-3.516398E-02	
1.283332E-03	5.190545E-01	2.218342E+00	-2.054648E-02	
1.288888E-03	4.939874E-01	2.204082E+00	-3.028859E-02	
1.294443E-03	5.091223E-01	2.165258E+00	-1.416164E-02	
1.299999E-03	4.914694E-01	2.142135E+00	-2.985883E-02	
1.305554E-03	4.979064E-01	2.116076E+00	-2.294072E-02	
1.311110E-03	4.993623E-01	2.131413E+00	-3.322997E-02	
1.316665E-03	4.479502E-01	2.212848E+00	-4.848333E-02	
1.322221E-03	4.284621E-01	2.247349E+00	-4.951974E-02	
1.327776E-03	3.725925E-01	2.346994E+00	-4.960323E-02	
1.333332E-03	3.530849E-01	2.382703E+00	-4.927661E-02	
1.338888E-03	3.181763E-01	2.446300E+00	-2.696177E-02	
1.344443E-03	3.021484E-01	2.451571E+00	-1.495918E-02	
1.349999E-03	2.839788E-01	2.429943E+00	-2.858721E-02	
1.355554E-03	3.009824E-01	2.389306E+00	-1.208821E-02	
1.361110E-03	2.811990E-01	2.371859E+00	-2.230260E-02	
1.366665E-03	3.045994E-01	2.322718E+00	-1.163098E-02	
1.372221E-03	3.062285E-01	2.304820E+00	-1.119245E-02	
1.377776E-03	3.073851E-01	2.256431E+00	-1.315467E-02	
1.383332E-03	3.067151E-01	2.240490E+00	-1.304103E-02	
1.388887E-03	2.973032E-01	2.217489E+00	-2.478431E-02	
1.394443E-03	2.870547E-01	2.241488E+00	-4.404660E-02	
1.399999E-03	2.672295E-01	2.297143E+00	-2.183911E-02	
1.405554E-03	2.271514E-01	2.364075E+00	-4.552951E-02	
1.411110E-03	2.255022E-01	2.396583E+00	-3.834411E-02	
1.416665E-03	1.832145E-01	2.467574E+00	-3.096849E-02	
1.422221E-03	1.719248E-01	2.467525E+00	-1.788466E-02	
1.427776E-03	1.695889E-01	2.426527E+00	-9.792089E-03	
1.433332E-03	1.706807E-01	2.407966E+00	-1.088508E-02	
1.438887E-03	1.555564E-01	2.382552E+00	-2.733755E-02	
1.444443E-03	1.678646E-01	2.348752E+00	-1.543893E-02	
1.449999E-03	1.691255E-01	2.368843E+00	-1.991868E-02	
1.455554E-03	1.319603E-01	2.433750E+00	-4.310624E-02	
1.461110E-03	1.355091E-01	2.465052E+00	-3.437162E-02	
1.466665E-03	8.345943E-02	2.552189E+00	-4.151354E-02	
1.472221E-03	7.198097E-02	2.582903E+00	-4.093060E-02	
1.477776E-03	5.515597E-02	2.642115E+00	-2.376576E-02	
1.483332E-03	4.557840E-02	2.639472E+00	-1.143114E-02	
1.488887E-03	2.949590E-02	2.616317E+00	-2.526835E-02	
1.494443E-03	4.792235E-02	2.574039E+00	-8.396456E-03	
1.499999E-03	3.605656E-02	2.546010E+00	-2.520931E-02	
1.505554E-03	5.490323E-02	2.503496E+00	-8.289144E-03	
1.511110E-03	3.705985E-02	2.484877E+00	-1.823712E-02	
1.516665E-03	6.287553E-02	2.432894E+00	-8.422105E-03	
1.522221E-03	6.524704E-02	2.414319E+00	-8.422120E-03	
1.527776E-03	-5.002787E-02	2.434805E+00	-6.854459E-02	
1.533332E-03	-8.085376E-02	2.494501E+00	-4.585497E-02	
1.538887E-03	-9.077518E-02	2.552419E+00	-1.357249E-02	
1.544443E-03	-1.215939E-01	2.611759E+00	-3.646764E-02	
1.549998E-03	-1.226705E-01	2.658531E+00	-1.299745E-02	
1.555554E-03	-1.447573E-01	2.706454E+00	-2.662134E-02	
1.561110E-03	-1.679168E-01	2.702267E+00	-2.278768E-02	
1.566665E-03	-1.480880E-01	2.658795E+00	-3.712060E-03	
1.572221E-03	-1.445644E-01	2.638579E+00	-3.678671E-03	
1.577776E-03	-1.344660E-01	2.581961E+00	-3.720439E-03	
1.583332E-03	-1.306798E-01	2.561701E+00	-3.746293E-03	
1.588887E-03	-1.152357E-01	2.570039E+00	-1.186180E-02	
1.594443E-03	-1.422801E-01	2.625915E+00	-3.309914E-02	
1.599998E-03	-1.363164E-01	2.667061E+00	-1.167299E-02	
1.605554E-03	-1.654283E-01	2.726392E+00	-3.428579E-02	
1.611109E-03	-1.992034E-01	2.753662E+00	-4.816756E-02	
1.616665E-03	-2.736961E-01	2.784863E+00	-5.321390E-02	
1.622221E-03	-3.014319E-01	2.809029E+00	-2.131256E-02	
1.627776E-03	-3.080638E-01	2.776916E+00	-2.197071E-03	
1.633332E-03	-3.033841E-01	2.755711E+00	-2.188471E-03	
1.638887E-03	-3.079188E-01	2.721846E+00	-2.027862E-02	
1.644443E-03	-2.848311E-01	2.675050E+00	-2.196961E-03	
1.649998E-03	-2.891975E-01	2.640074E+00	-2.050441E-02	
1.655554E-03	-2.672993E-01	2.594182E+00	-3.888517E-03	
1.661109E-03	-3.160268E-01	2.574752E+00	-2.995499E-02	
1.666665E-03	-3.671063E-01	2.573244E+00	-6.667783E-02	
1.672221E-03	-3.918422E-01	2.629515E+00	-4.522164E-02	
1.677776E-03	-4.134304E-01	2.721521E+00	-3.204386E-02	
1.683332E-03	-4.160663E-01	2.748025E+00	-3.189869E-02	
1.688887E-03	-3.980269E-01	2.788021E+00	-7.316134E-03	
1.694443E-03	-4.190262E-01	2.841985E+00	-2.653119E-02	
1.699998E-03	-4.312840E-01	2.836219E+00	-1.873954E-02	
1.705554E-03	-4.076785E-01	2.788972E+00	-5.348180E-04	
1.711109E-03	-4.209253E-01	2.767777E+00	-1.025185E-02	
1.716665E-03	-3.907183E-01	2.711079E+00	-1.812105E-03	
1.722221E-03	-3.862092E-01	2.691297E+00	-1.756849E-03	
1.727776E-03	-3.837841E-01	2.725609E+00	-3.086816E-02	
1.733332E-03	-3.844923E-01	2.751855E+00	-3.066530E-02	
1.738887E-03	-3.599817E-01	2.790019E+00	-5.360737E-03	
1.744443E-03	-3.842009E-01	2.851241E+00	-2.997635E-02	
1.749998E-03	-3.981027E-01	2.888365E+00	-2.544505E-02	
1.755554E-03	-4.609804E-01	2.905119E+00	-5.427938E-02	
1.761109E-03	-5.950707E-01	2.940748E+00	-8.308557E-02	
1.766665E-03	-6.460218E-01	2.998984E+00	6.373174E-05	
1.772220E-03	-6.407447E-01	2.978093E+00	-2.891971E-05	
1.777776E-03	-6.257711E-01	2.920155E+00	-3.267982E-04	
1.783332E-03	-6.201774E-01	2.899527E+00	-3.303975E-04	
1.788887E-03	-6.211508E-01	2.866002E+00	-1.742340E-02	
1.794443E-03	-5.982555E-01	2.821477E+00	-4.897412E-04	
1.799998E-03	-6.232397E-01	2.787880E+00	-2.989937E-02	
1.805554E-03	-6.617947E-01	2.771022E+00	-5.356226E-02	
1.811109E-03	-7.705893E-01	2.805523E+00	-7.039460E-02	
1.816665E-03	-8.466705E-01	2.941561E+00	-2.662280E-02	
1.822220E-03	-8.442148E-01	2.964925E+00	-2.738837E-02	
1.827776E-03	-8.382949E-01	3.033356E+00	-2.744785E-02	
1.833331E-03	-8.356018E-01	3.058057E+00	-2.724783E-02	
1.838887E-03	-8.380280E-01	3.051491E+00	-1.603307E-02	
1.844443E-03	-8.144430E-01	3.006014E+00	1.336181E-03	
1.849998E-03	-8.131613E-01	2.971329E+00	-1.572725E-02	
1.855554E-03	-7.893101E-01	2.926312E+00	1.341175E-03	
1.861109E-03	-7.734701E-01	2.905474E+00	5.826548E-03	
1.866665E-03	-7.674860E-01	2.926666E+00	-2.576654E-02	
1.872220E-03	-7.615126E-01	2.950039E+00	-2.513577E-02	
1.877776E-03	-7.477136E-01	3.015591E+00	-2.632800E-02	
1.883331E-03	-7.435298E-01	3.040264E+00	-2.606144E-02	
1.888887E-03	-7.346683E-01	3.073242E+00	-1.486716E-02	
1.894443E-03	-7.980855E-01	3.090037E+00	-4.620932E-02	
1.899998E-03	-9.782885E-01	3.179010E+00	-3.931672E-02	
1.905554E-03	-9.884757E-01	3.181957E+00	3.151595E-03	
1.911109E-03	-9.947756E-01	3.160016E+00	-3.819606E-03	
1.916665E-03	-9.593975E-01	3.099329E+00	2.643832E-03	
1.922220E-03	-9.514763E-01	3.077680E+00	2.555034E-03	
1.927776E-03	-9.277753E-01	3.016851E+00	2.782287E-03	
1.933331E-03	-9.203335E-01	2.994942E+00	1.622501E-03	
1.938887E-03	-9.348257E-01	2.960799E+00	-2.351696E-02	
1.944443E-03	-9.693799E-01	2.939721E+00	-4.385132E-02	
1.949998E-03	-1.123557E+00	3.024139E+00	-2.925062E-02	
1.955554E-03	-1.153775E+00	3.099106E+00	-2.370976E-02	
1.961109E-03	-1.104720E+00	3.122173E+00	-2.352116E-03	
1.966665E-03	-1.126398E+00	3.186384E+00	-2.296368E-02	
1.972220E-03	-1.118123E+00	3.209366E+00	-2.270775E-02	
1.977776E-03	-1.091913E+00	3.181182E+00	5.136724E-03	
1.983331E-03	-1.082189E+00	3.158722E+00	5.507330E-03	
1.988887E-03	-1.075177E+00	3.120332E+00	-1.291431E-02	
1.994442E-03	-1.050670E+00	3.075304E+00	3.925603E-03	
1.999998E-03	-1.045482E+00	3.039567E+00	-1.276923E-02	
2.005554E-03	-1.030064E+00	3.007814E+00	-5.303981E-03	
2.011109E-03	-9.748337E-01	3.019517E+00	6.614406E-03	
2.016665E-03	-9.877935E-01	3.073822E+00	-2.176328E-02	
2.022220E-03	-9.776984E-01	3.096439E+00	-2.158458E-02	
2.027776E-03	-1.065252E+00	3.110724E+00	-4.532576E-02	
2.033331E-03	-1.134632E+00	3.139756E+00	-4.512075E-02	
2.038887E-03	-1.313744E+00	3.224773E+00	-3.963577E-02	
2.044442E-03	-1.321428E+00	3.225838E+00	4.144921E-05	
2.049998E-03	-1.318997E+00	3.195581E+00	-1.167342E-02	
2.055554E-03	-1.292775E+00	3.149088E+00	5.522345E-03	
2.061109E-03	-1.295171E+00	3.126843E+00	-2.065146E-04	
2.066665E-03	-1.257652E+00	3.064798E+00	5.604469E-03	
2.072220E-03	-1.248238E+00	3.042657E+00	5.613411E-03	
2.077776E-03	-1.333568E+00	3.022456E+00	-4.279312E-02	
2.083331E-03	-1.399648E+00	3.049830E+00	-4.226261E-02	
2.088887E-03	-1.556232E+00	3.130733E+00	-3.037239E-02	
2.094442E-03	-1.575818E+00	3.195794E+00	-2.158083E-02	
2.099998E-03	-1.521164E+00	3.223903E+00	7.141515E-03	
2.105553E-03	-1.535227E+00	3.281899E+00	-1.836852E-02	
2.111109E-03	-1.500586E+00	3.303447E+00	-6.971019E-03	
2.116665E-03	-1.489025E+00	3.278613E+00	8.806592E-03	
2.122220E-03	-1.478205E+00	3.254935E+00	8.896743E-03	
2.127776E-03	-1.447768E+00	3.188897E+00	8.942901E-03	
2.133331E-03	-1.436770E+00	3.165353E+00	8.981342E-03	
2.138887E-03	-1.423332E+00	3.124339E+00	-8.379452E-03	
2.144442E-03	-1.399462E+00	3.082937E+00	4.359913E-03	
2.149998E-03	-1.331406E+00	3.082377E+00	9.900120E-03	
2.155553E-03	-1.342650E+00	3.139669E+00	-1.719772E-02	
2.161109E-03	-1.335244E+00	3.161549E+00	-2.073677E-02	
2.166664E-03	-1.385403E+00	3.166454E+00	-3.842197E-02	
2.172220E-03	-1.448993E+00	3.191401E+00	-3.813287E-02	
2.177776E-03	-1.612369E+00	3.253067E+00	-2.792769E-02	
2.183331E-03	-1.628127E+00	3.267782E+00	-6.814211E-04	
2.188887E-03	-1.623773E+00	3.241113E+00	-7.404687E-03	
2.194442E-03	-1.594811E+00	3.193081E+00	9.813234E-03	
2.199998E-03	-1.579497E+00	3.151754E+00	-7.426463E-03	
2.205553E-03	-1.550724E+00	3.103326E+00	9.966593E-03	
2.211109E-03	-1.581301E+00	3.080124E+00	-1.139857E-02	
2.216664E-03	-1.603053E+00	3.047118E+00	-3.748110E-02	
2.222220E-03	-1.665537E+00	3.072100E+00	-3.727718E-02	
2.227776E-03	-1.839354E+00	3.142287E+00	-3.710375E-02	
2.233331E-03	-1.900895E+00	3.167305E+00	-3.689802E-02	
2.238887E-03	-1.916278E+00	3.250726E+00	1.274554E-02	
2.244442E-03	-1.927996E+00	3.313202E+00	-1.524984E-02	
2.249998E-03	-1.873000E+00	3.334969E+00	3.183549E-03	
2.255553E-03	-1.865283E+00	3.318578E+00	1.209591E-02	
2.261109E-03	-1.860826E+00	3.294377E+00	8.108015E-03	
2.266664E-03	-1.818674E+00	3.227977E+00	1.109601E-02	
2.272220E-03	-1.807200E+00	3.205146E+00	1.102982E-02	
2.277776E-03	-1.774990E+00	3.142170E+00	1.072292E-02	
2.283331E-03	-1.763272E+00	3.119878E+00	1.069518E-02	
2.288887E-03	-1.690305E+00	3.121235E+00	1.585177E-02	
2.294442E-03	-1.701542E+00	3.187486E+00	-1.434995E-02	
2.299998E-03	-1.663818E+00	3.209883E+00	-6.467704E-03	
2.305553E-03	-1.711471E+00	3.215785E+00	-3.370178E-02	
2.311109E-03	-1.848414E+00	3.239159E+00	-7.229440E-02	
2.316664E-03	-1.933393E+00	3.298629E+00	-2.939925E-02	
2.322220E-03	-1.947222E+00	3.312368E+00	-3.431808E-03	
2.327775E-03	-1.928161E+00	3.270326E+00	1.167565E-02	
2.333331E-03	-1.915570E+00	3.247601E+00	1.156400E-02	
2.338887E-03	-1.895489E+00	3.206912E+00	-4.100245E-03	
2.344442E-03	-1.867213E+00	3.163058E+00	1.125195E-02	
2.349998E-03	-1.868795E+00	3.123068E+00	-1.526581E-02	
2.355553E-03	-1.892445E+00	3.099277E+00	-3.289691E-02	
2.361109E-03	-2.021380E+00	3.122053E+00	-6.898056E-02	
2.366664E-03	-2.106384E+00	3.185481E+00	-3.239948E-02	
2.372220E-03	-2.161778E+00	3.208049E+00	-3.201359E-02	
2.377775E-03	-2.208693E+00	3.328322E+00	-1.332158E-02	
2.383331E-03	-2.189484E+00	3.351167E+00	-1.310338E-02	
2.388887E-03	-2.119755E+00	3.372612E+00	1.023408E-02	
2.394442E-03	-2.117733E+00	3.366477E+00	1.206544E-02	
2.399998E-03	-2.095659E+00	3.326695E+00	-1.916949E-03	
2.405553E-03	-2.066277E+00	3.282352E+00	1.343726E-02	
2.411109E-03	-2.055301E+00	3.259759E+00	1.185272E-02	
2.416664E-03	-2.012573E+00	3.196942E+00	1.331908E-02	
2.422220E-03	-1.998370E+00	3.174627E+00	1.326144E-02	
2.427775E-03	-1.948267E+00	3.209354E+00	-1.132083E-02	
2.433331E-03	-1.927108E+00	3.231324E+00	-1.196009E-02	
2.438886E-03	-1.867859E+00	3.252162E+00	4.361942E-03	
2.444442E-03	-1.917291E+00	3.264135E+00	-2.660447E-02	
2.449998E-03	-2.073377E+00	3.326788E+00	-3.409640E-02	
2.455553E-03	-2.122657E+00	3.340818E+00	-2.773687E-02	
2.461109E-03	-2.143483E+00	3.354212E+00	-7.139136E-03	
2.466664E-03	-2.120053E+00	3.319486E+00	1.429856E-02	
2.472220E-03	-2.105018E+00	3.296860E+00	1.430567E-02	
2.477775E-03	-2.062839E+00	3.233865E+00	1.438341E-02	
2.483331E-03	-2.047233E+00	3.211396E+00	1.465749E-02	
2.488886E-03	-2.036639E+00	3.168974E+00	-8.650085E-03	
2.494442E-03	-2.057904E+00	3.143673E+00	-2.472885E-02	
2.499998E-03	-2.208246E+00	3.203619E+00	-3.250436E-02	
2.505553E-03	-2.258612E+00	3.221009E+00	-2.883579E-02	
2.511109E-03	-2.363680E+00	3.309303E+00	1.582803E-02	
2.516664E-03	-2.397360E+00	3.414931E+00	2.170571E-02	
2.522220E-03	-2.372334E+00	3.438079E+00	2.045003E-02	
2.527775E-03	-2.318758E+00	3.408739E+00	5.131222E-02	
2.533331E-03	-2.296392E+00	3.376976E+00	4.519642E-02	
2.538886E-03	-2.273406E+00	3.344823E+00	3.897498E-02	
2.544442E-03	-2.236954E+00	3.291648E+00	4.646852E-02	
2.549997E-03	-2.217973E+00	3.260832E+00	3.941498E-02	
2.555553E-03	-2.182972E+00	3.210128E+00	4.791862E-02	
2.561109E-03	-2.128957E+00	3.180022E+00	5.875217E-02	
2.566664E-03	-2.116451E+00	3.222527E+00	2.263534E-02	
2.572220E-03	-2.089823E+00	3.245913E+00	2.109458E-02	
2.577775E-03	-2.123639E+00	3.240373E+00	-4.964249E-04	
2.583331E-03	-2.186241E+00	3.278287E+00	1.188778E-02	
2.588886E-03	-2.312766E+00	3.316794E+00	-7.411903E-03	
2.594442E-03	-2.371538E+00	3.350157E+00	7.640865E-03	
2.599997E-03	-2.476375E+00	3.387916E+00	-2.053362E-03	
2.605553E-03	-2.486401E+00	3.402022E+00	4.492597E-02	
2.611108E-03	-2.464186E+00	3.371509E+00	3.976564E-02	
2.616664E-03	-2.425499E+00	3.317272E+00	4.634276E-02	
2.622220E-03	-2.403481E+00	3.286820E+00	4.097018E-02	
2.627775E-03	-2.375753E+00	3.240157E+00	3.925516E-02	
2.633331E-03	-2.394598E+00	3.218941E+00	1.023424E-02	
2.638886E-03	-2.515744E+00	3.256984E+00	-7.245537E-03	
2.644442E-03	-2.570371E+00	3.286737E+00	5.007920E-03	
2.649997E-03	-2.643313E+00	3.325429E+00	1.297715E-02	
2.655553E-03	-2.666023E+00	3.422123E+00	1.510369E-02	
2.661108E-03	-2.590574E+00	3.448654E+00	3.848717E-02	
2.666664E-03	-2.575012E+00	3.428148E+00	4.662768E-02	
2.672220E-03	-2.551342E+00	3.396252E+00	4.083841E-02	
2.677775E-03	-2.508136E+00	3.340179E+00	4.803930E-02	
2.683331E-03	-2.484159E+00	3.308310E+00	4.227523E-02	
2.688886E-03	-2.454728E+00	3.272845E+00	3.525760E-02	
2.694442E-03	-2.416553E+00	3.221234E+00	4.350711E-02	
2.699997E-03	-2.358284E+00	3.186067E+00	5.076903E-02	
2.705553E-03	-2.337733E+00	3.226487E+00	1.766559E-02	
2.711108E-03	-2.283975E+00	3.251010E+00	2.626644E-02	
2.716664E-03	-2.319138E+00	3.253999E+00	1.091843E-03	
2.722220E-03	-2.374309E+00	3.285858E+00	1.015892E-02	
2.727775E-03	-2.489607E+00	3.320521E+00	-3.583531E-03	
2.733331E-03	-2.544092E+00	3.352317E+00	5.105304E-03	
2.738886E-03	-2.645513E+00	3.390619E+00	-3.288091E-03	
2.744442E-03	-2.650297E+00	3.400874E+00	3.812281E-02	
2.749997E-03	-2.617598E+00	3.365280E+00	3.242243E-02	
2.755553E-03	-2.577566E+00	3.312695E+00	4.045410E-02	
2.761108E-03	-2.546921E+00	3.279368E+00	3.705834E-02	
2.766664E-03	-2.508455E+00	3.227499E+00	3.665269E-02	
2.772219E-03	-2.524354E+00	3.206143E+00	7.597629E-03	
2.777775E-03	-2.634889E+00	3.240972E+00	-8.652617E-03	
2.783331E-03	-2.688328E+00	3.274406E+00	4.258781E-04	
2.788886E-03	-2.796784E+00	3.314651E+00	-1.186438E-02	
2.794442E-03	-2.854631E+00	3.357871E+00	-8.565139E-03	
2.799997E-03	-2.823237E+00	3.427635E+00	3.454171E-02	
2.805553E-03	-2.815490E+00	3.422493E+00	3.597862E-02	
2.811108E-03	-2.781051E+00	3.391120E+00	3.382597E-02	
2.816664E-03	-2.738822E+00	3.337598E+00	3.771503E-02	
2.822219E-03	-2.712757E+00	3.305459E+00	3.072128E-02	
2.827775E-03	-2.666454E+00	3.253759E+00	3.762603E-02	
2.833331E-03	-2.641529E+00	3.223640E+00	3.171499E-02	
2.838886E-03	-2.607263E+00	3.190270E+00	2.671148E-02	
2.844442E-03	-2.576689E+00	3.152671E+00	2.675222E-02	
2.849997E-03	-2.509346E+00	3.163907E+00	2.471811E-02	
2.855553E-03	-2.551461E+00	3.186229E+00	-7.289619E-03	
2.861108E-03	-2.647291E+00	3.221264E+00	-2.119281E-02	
2.866664E-03	-2.704553E+00	3.266871E+00	-1.102937E-02	
2.872219E-03	-2.754336E+00	3.302282E+00	-1.944118E-03	
2.877775E-03	-2.844702E+00	3.337586E+00	-4.901394E-03	
2.883330E-03	-2.857441E+00	3.361342E+00	2.737674E-02	
2.888886E-03	-2.823008E+00	3.329531E+00	2.414767E-02	
2.894442E-03	-2.785565E+00	3.282970E+00	3.002192E-02	
2.899997E-03	-2.748678E+00	3.249526E+00	2.579017E-02	
2.905553E-03	-2.714780E+00	3.208497E+00	2.804309E-02	
2.911108E-03	-2.763164E+00	3.190319E+00	-1.895674E-02	
2.916664E-03	-2.815941E+00	3.231403E+00	-1.240190E-02	
2.922219E-03	-2.863796E+00	3.266114E+00	-3.586416E-03	
2.927775E-03	-2.959658E+00	3.311744E+00	-1.480440E-02	
2.933330E-03	-3.007571E+00	3.345102E+00	-6.861548E-03	
2.938886E-03	-2.979026E+00	3.415398E+00	3.331225E-02	
2.944441E-03	-2.979718E+00	3.423392E+00	2.859949E-02	
2.949997E-03	-2.941524E+00	3.389711E+00	2.480307E-02	
2.955553E-03	-2.903601E+00	3.343661E+00	3.000286E-02	
2.961108E-03	-2.866888E+00	3.313876E+00	2.899652E-02	
2.966664E-03	-2.826851E+00	3.265304E+00	3.116346E-02	
2.972219E-03	-2.800294E+00	3.235906E+00	2.513849E-02	
2.977775E-03	-2.749926E+00	3.188271E+00	3.221090E-02	
2.983330E-03	-2.722762E+00	3.159502E+00	2.640982E-02	
2.988886E-03	-2.756286E+00	3.140342E+00	-1.476943E-02	
2.994441E-03	-2.806998E+00	3.179887E+00	-1.027065E-02	
2.999997E-03	-2.897862E+00	3.220010E+00	-1.799172E-02	
3.005553E-03	-2.949130E+00	3.261523E+00	-1.404662E-02	
3.011108E-03	-3.034140E+00	3.296813E+00	-2.461250E-02	
3.016664E-03	-3.084273E+00	3.337754E+00	-1.201879E-02	
3.022219E-03	-3.093834E+00	3.360673E+00	1.913131E-02	
3.027775E-03	-3.042920E+00	3.315531E+00	2.876764E-02	
3.033330E-03	-3.014979E+00	3.285773E+00	2.253292E-02	
3.038886E-03	-2.971155E+00	3.252352E+00	2.003815E-02	
3.044441E-03	-2.935327E+00	3.209343E+00	2.168446E-02	
3.049997E-03	-2.971775E+00	3.193165E+00	-1.964398E-02	
3.055552E-03	-3.023290E+00	3.237017E+00	-1.659348E-02	
3.061108E-03	-3.104447E+00	3.272878E+00	-2.590214E-02	
3.066664E-03	-3.159781E+00	3.323457E+00	-1.975166E-02	
3.072219E-03	-3.204398E+00	3.359396E+00	-1.129522E-02	
3.077775E-03	-3.214157E+00	3.373304E+00	2.698495E-02	
3.083330E-03	-3.185109E+00	3.343034E+00	2.075883E-02	
3.088886E-03	-3.138986E+00	3.308603E+00	1.859121E-02	
3.094441E-03	-3.099045E+00	3.264062E+00	2.257592E-02	
3.099997E-03	-3.055282E+00	3.228563E+00	1.886658E-02	
3.105552E-03	-3.016818E+00	3.183316E+00	2.341736E-02	
3.111108E-03	-2.976936E+00	3.153345E+00	2.323123E-02	
3.116664E-03	-2.936049E+00	3.105157E+00	2.456008E-02	
3.122219E-03	-2.908357E+00	3.075744E+00	1.843142E-02	
3.127775E-03	-2.931208E+00	3.065261E+00	-2.249429E-02	
3.133330E-03	-2.973042E+00	3.099863E+00	-1.494599E-02	
3.138886E-03	-3.048028E+00	3.140483E+00	-1.801488E-02	
3.144441E-03	-3.097943E+00	3.187902E+00	-1.845916E-02	
3.149997E-03	-3.172007E+00	3.228819E+00	-2.143114E-02	
3.155552E-03	-3.217629E+00	3.269955E+00	-1.844697E-02	
3.161108E-03	-3.216973E+00	3.292246E+00	1.689214E-02	
3.166664E-03	-3.177752E+00	3.247687E+00	2.078819E-02	
3.172219E-03	-3.148393E+00	3.217293E+00	1.439708E-02	
3.177775E-03	-3.092080E+00	3.169146E+00	2.223868E-02	
3.183330E-03	-3.062790E+00	3.139159E+00	1.592332E-02	
3.188886E-03	-3.079589E+00	3.123106E+00	-1.960151E-02	
3.194441E-03	-3.129705E+00	3.173160E+00	-2.108357E-02	
3.199997E-03	-3.199456E+00	3.215246E+00	-2.242766E-02	
3.205552E-03	-3.248812E+00	3.265557E+00	-2.396377E-02	
3.211108E-03	-3.349794E+00	3.301307E+00	-4.728614E-02	
3.216663E-03	-3.382218E+00	3.265489E+00	-2.091210E-03	
3.222219E-03	-3.370087E+00	3.261089E+00	1.045630E-02	
3.227775E-03	-3.311055E+00	3.213424E+00	2.004338E-02	
3.233330E-03	-3.279853E+00	3.182234E+00	1.339992E-02	
3.238886E-03	-3.228921E+00	3.146867E+00	1.206076E-02	
3.244441E-03	-3.188116E+00	3.102386E+00	1.485199E-02	
3.249997E-03	-3.136934E+00	3.067374E+00	1.371257E-02	
3.255552E-03	-3.096471E+00	3.023558E+00	1.641942E-02	
3.261108E-03	-3.098829E+00	2.992627E+00	-6.711681E-03	
3.266663E-03	-3.087765E+00	2.898525E+00	-8.074206E-03	
3.272219E-03	-3.108034E+00	2.909239E+00	-1.822730E-02	
3.277775E-03	-3.181223E+00	2.963697E+00	-3.006772E-02	
3.283330E-03	-3.219060E+00	3.000054E+00	-2.260985E-02	
3.288886E-03	-3.281830E+00	3.042141E+00	-2.217329E-02	
3.294441E-03	-3.329905E+00	3.094027E+00	-2.438914E-02	
3.299997E-03	-3.325928E+00	3.116320E+00	1.144257E-02	
3.305552E-03	-3.284500E+00	3.072229E+00	1.347158E-02	
3.311108E-03	-3.233343E+00	3.041352E+00	1.614190E-02	
3.316663E-03	-3.188158E+00	2.992906E+00	1.612452E-02	
3.322219E-03	-3.156522E+00	2.960683E+00	8.112632E-03	
3.327774E-03	-3.172568E+00	2.960993E+00	-3.492534E-02	
3.333330E-03	-3.212384E+00	3.001207E+00	-2.700621E-02	
3.338886E-03	-3.298191E+00	3.078334E+00	-3.453670E-03	
3.344441E-03	-3.357113E+00	3.146132E+00	-5.205692E-03	
3.349997E-03	-3.442648E+00	3.188832E+00	-1.907884E-02	
3.355552E-03	-3.452282E+00	3.127424E+00	-3.400071E-04	
3.361108E-03	-3.411911E+00	3.094850E+00	-5.069750E-03	
3.366663E-03	-3.371261E+00	3.052497E+00	-3.074680E-03	
3.372219E-03	-3.335510E+00	3.017221E+00	-1.287645E-02	
3.377774E-03	-3.278034E+00	2.974723E+00	-1.339709E-03	
3.383330E-03	-3.245135E+00	2.941467E+00	-1.035104E-02	
3.388885E-03	-3.198396E+00	2.912504E+00	-8.331335E-03	
3.394441E-03	-3.154793E+00	2.864223E+00	-3.754011E-03	
3.399997E-03	-3.250310E+00	2.829302E+00	-3.792049E-02	
3.405552E-03	-3.244881E+00	2.749725E+00	-5.972787E-03	
3.411108E-03	-3.310023E+00	2.794496E+00	-7.965172E-03	
3.416663E-03	-3.364797E+00	2.859694E+00	-1.557708E-02	
3.422219E-03	-3.407533E+00	2.908336E+00	-3.472516E-03	
3.427774E-03	-3.478228E+00	2.975498E+00	-1.895729E-02	
3.433330E-03	-3.520004E+00	3.021685E+00	-8.903360E-03	
3.438885E-03	-3.481846E+00	2.992067E+00	-1.205201E-02	
3.444441E-03	-3.439743E+00	2.947276E+00	-1.311305E-02	
3.449997E-03	-3.390244E+00	2.918496E+00	-1.007910E-02	
3.455552E-03	-3.351957E+00	2.879114E+00	-8.684993E-03	
3.461108E-03	-3.314798E+00	2.848024E+00	-1.472559E-02	
3.466663E-03	-3.365095E+00	2.908734E+00	-1.796898E-02	
3.472219E-03	-3.407809E+00	2.958917E+00	-5.706075E-03	
3.477774E-03	-3.477569E+00	3.029994E+00	-2.205846E-02	
3.483330E-03	-3.518405E+00	3.079390E+00	-1.112910E-02	
3.488885E-03	-3.606466E+00	3.041192E+00	-4.324036E-02	
3.494441E-03	-3.586348E+00	2.941340E+00	-1.989188E-03	
3.499996E-03	-3.559942E+00	2.912276E+00	-1.067676E-02	
3.505552E-03	-3.527437E+00	2.881616E+00	-2.837649E-03	
3.511108E-03	-3.465779E+00	2.837795E+00	-1.011112E-02	
3.516663E-03	-3.434004E+00	2.808444E+00	-2.923666E-03	
3.522219E-03	-3.392440E+00	2.765329E+00	-2.007541E-02	
3.527774E-03	-3.341555E+00	2.737076E+00	-3.499967E-03	
3.533330E-03	-3.305854E+00	2.702039E+00	-1.534383E-02	
3.538885E-03	-3.379759E+00	2.666558E+00	-4.117918E-02	
3.544441E-03	-3.375093E+00	2.590317E+00	6.487238E-03	
3.549996E-03	-3.433823E+00	2.622492E+00	-8.363180E-03	
3.555552E-03	-3.481462E+00	2.680639E+00	-2.653995E-02	
3.561108E-03	-3.545340E+00	2.747195E+00	-8.454143E-03	
3.566663E-03	-3.593869E+00	2.807715E+00	-2.754848E-02	
3.572219E-03	-3.638652E+00	2.863140E+00	-1.280487E-02	
3.577774E-03	-3.602479E+00	2.838954E+00	-5.619248E-03	
3.583330E-03	-3.559969E+00	2.795692E+00	-2.304675E-02	
3.588885E-03	-3.513472E+00	2.777107E+00	-1.239926E-02	
3.594441E-03	-3.464639E+00	2.726019E+00	-2.331362E-02	
3.599996E-03	-3.430653E+00	2.707175E+00	-1.834140E-02	
3.605552E-03	-3.471021E+00	2.756550E+00	-2.897222E-02	
3.611108E-03	-3.534639E+00	2.826023E+00	-9.342413E-03	
3.616663E-03	-3.585808E+00	2.891452E+00	-3.051883E-02	
3.622219E-03	-3.635076E+00	2.954601E+00	-1.204460E-02	
3.627774E-03	-3.669997E+00	2.863858E+00	2.340864E-04	
3.633330E-03	-3.683904E+00	2.816708E+00	-7.545487E-03	
3.638885E-03	-3.670926E+00	2.797973E+00	-1.404147E-02	
3.644441E-03	-3.621436E+00	2.745943E+00	-2.580764E-02	
3.649996E-03	-3.572288E+00	2.727687E+00	-1.447051E-02	
3.655552E-03	-3.541157E+00	2.699991E+00	-8.207467E-03	
3.661107E-03	-3.478227E+00	2.657164E+00	-1.484646E-02	
3.666663E-03	-3.447022E+00	2.629578E+00	-8.424390E-03	
3.672219E-03	-3.408443E+00	2.591636E+00	-2.223321E-02	
3.677774E-03	-3.424797E+00	2.498138E+00	-4.672849E-04	
3.683330E-03	-3.441962E+00	2.458014E+00	-2.915128E-03	
3.688885E-03	-3.526007E+00	2.422502E+00	-3.512208E-02	
3.694441E-03	-3.569001E+00	2.479341E+00	-7.630932E-03	
3.699996E-03	-3.601673E+00	2.516234E+00	-9.947683E-03	
3.705552E-03	-3.646146E+00	2.576490E+00	-2.658245E-02	
3.711107E-03	-3.601865E+00	2.559215E+00	-1.590844E-02	
3.716663E-03	-3.570188E+00	2.532237E+00	-9.962273E-03	
3.722219E-03	-3.527265E+00	2.489397E+00	-2.736946E-02	
3.727774E-03	-3.473206E+00	2.463059E+00	-1.022243E-02	
3.733330E-03	-3.430472E+00	2.420641E+00	-2.747004E-02	
3.738885E-03	-3.387781E+00	2.402712E+00	-1.889561E-02	
3.744441E-03	-3.447007E+00	2.484128E+00	-9.634147E-03	
3.749996E-03	-3.478251E+00	2.522658E+00	-1.123773E-02	
3.755552E-03	-3.531640E+00	2.596554E+00	-3.611958E-02	
3.761107E-03	-3.616540E+00	2.666035E+00	-3.243087E-02	
3.766663E-03	-3.605759E+00	2.588488E+00	-3.781871E-03	
3.772218E-03	-3.619037E+00	2.545933E+00	-7.243664E-03	
3.777774E-03	-3.676030E+00	2.472307E+00	-1.406357E-02	
3.783330E-03	-3.633854E+00	2.432573E+00	-2.899763E-02	
3.788885E-03	-3.581604E+00	2.414098E+00	-1.650663E-02	
3.794441E-03	-3.531490E+00	2.362939E+00	-2.926726E-02	
3.799996E-03	-3.479562E+00	2.344796E+00	-1.680182E-02	
3.805552E-03	-3.447851E+00	2.319752E+00	-1.188500E-02	
3.811107E-03	-3.422424E+00	2.278738E+00	-3.714911E-02	
3.816663E-03	-3.402523E+00	2.194553E+00	-4.044496E-03	
3.822218E-03	-3.412819E+00	2.151406E+00	-8.927207E-03	
3.827774E-03	-3.481811E+00	2.099651E+00	-3.014438E-02	
3.833329E-03	-3.529525E+00	2.166349E+00	-1.171993E-02	
3.838885E-03	-3.559576E+00	2.207278E+00	-1.240628E-02	
3.844441E-03	-3.619330E+00	2.291254E+00	-2.876090E-02	
3.849996E-03	-3.572468E+00	2.273592E+00	-1.885080E-02	
3.855552E-03	-3.540957E+00	2.249502E+00	-1.431142E-02	
3.861107E-03	-3.470779E+00	2.207159E+00	-1.914910E-02	
3.866663E-03	-3.439851E+00	2.183576E+00	-1.457060E-02	
3.872218E-03	-3.394928E+00	2.140497E+00	-3.216535E-02	
3.877774E-03	-3.356961E+00	2.136732E+00	-3.055015E-02	
3.883329E-03	-3.405524E+00	2.204988E+00	-1.307707E-02	
3.888885E-03	-3.437550E+00	2.249054E+00	-1.363973E-02	
3.894441E-03	-3.526376E+00	2.374516E+00	-1.407224E-02	
3.899996E-03	-3.582435E+00	2.420206E+00	-2.625431E-02	
3.905552E-03	-3.580462E+00	2.360446E+00	-8.840252E-03	
3.911107E-03	-3.662936E+00	2.319495E+00	-4.875932E-02	
3.916663E-03	-3.650148E+00	2.245733E+00	-2.078612E-02	
3.922218E-03	-3.610423E+00	2.211003E+00	-3.364238E-02	
3.927774E-03	-3.551902E+00	2.187941E+00	-1.596125E-02	
3.933329E-03	-3.509139E+00	2.147202E+00	-3.290132E-02	
3.938885E-03	-3.458591E+00	2.130788E+00	-2.027413E-02	
3.944441E-03	-3.412982E+00	2.085911E+00	-3.225557E-02	
3.949996E-03	-3.394914E+00	2.070233E+00	-3.556435E-02	
3.955552E-03	-3.383025E+00	1.998128E+00	-8.048702E-03	
3.961107E-03	-3.464548E+00	1.960380E+00	-4.599614E-02	
3.966663E-03	-3.465153E+00	1.906965E+00	-3.102597E-02	
3.972218E-03	-3.515252E+00	1.979596E+00	-1.270390E-02	
3.977774E-03	-3.576861E+00	2.072867E+00	-4.361915E-02	
3.983329E-03	-3.624120E+00	2.142007E+00	-2.993800E-02	
3.988885E-03	-3.580350E+00	2.126180E+00	-2.075325E-02	
3.994440E-03	-3.535212E+00	2.082669E+00	-3.314020E-02	
3.999996E-03	-3.484494E+00	2.067472E+00	-2.021201E-02	
4.005552E-03	-3.456654E+00	2.048196E+00	-1.704002E-02	
4.011107E-03	-3.390780E+00	2.011488E+00	-1.983332E-02	
4.016663E-03	-3.375599E+00	2.010199E+00	-2.902299E-02	
4.022218E-03	-3.422499E+00	2.079837E+00	-1.432434E-02	
4.027774E-03	-3.484612E+00	2.177740E+00	-4.656759E-02	
4.033329E-03	-3.536871E+00	2.255571E+00	-2.834097E-02	
4.038885E-03	-3.593601E+00	2.222781E+00	-4.908705E-02	
4.044440E-03	-3.566037E+00	2.129818E+00	-1.391778E-02	
4.049996E-03	-3.649278E+00	2.097430E+00	-4.793838E-02	
4.055552E-03	-3.634609E+00	2.023809E+00	-1.839711E-02	
4.061107E-03	-3.581956E+00	1.994733E+00	-2.033010E-02	
4.066663E-03	-3.554863E+00	1.977876E+00	-1.833586E-02	
4.072218E-03	-3.514526E+00	1.942158E+00	-3.399700E-02	
4.077774E-03	-3.460943E+00	1.926267E+00	-1.877702E-02	
4.083329E-03	-3.421016E+00	1.891217E+00	-3.421270E-02	
4.088885E-03	-3.389273E+00	1.877995E+00	-3.065354E-02	
4.094440E-03	-3.377395E+00	1.811737E+00	-1.551376E-02	
4.099996E-03	-3.455854E+00	1.779869E+00	-4.770032E-02	
4.105551E-03	-3.448638E+00	1.718602E+00	-2.650938E-02	
4.111107E-03	-3.502399E+00	1.791278E+00	-1.322017E-02	
4.116663E-03	-3.570454E+00	1.890213E+00	-4.732010E-02	
4.122218E-03	-3.626989E+00	1.972523E+00	-2.637311E-02	
4.127774E-03	-3.588196E+00	1.963307E+00	-2.089342E-02	
4.133329E-03	-3.548258E+00	1.928854E+00	-3.622707E-02	
4.138885E-03	-3.495738E+00	1.916182E+00	-2.229164E-02	
4.144440E-03	-3.455550E+00	1.881329E+00	-3.638580E-02	
4.149996E-03	-3.403237E+00	1.869372E+00	-2.252661E-02	
4.155551E-03	-3.378006E+00	1.854128E+00	-2.117165E-02	
4.161107E-03	-3.328566E+00	1.827597E+00	-2.269349E-02	
4.166662E-03	-3.391715E+00	1.919941E+00	-5.025612E-02	
4.172218E-03	-3.453452E+00	2.010466E+00	-2.525893E-02	
4.177774E-03	-3.474260E+00	1.942966E+00	-1.508705E-02	
4.183329E-03	-3.485345E+00	1.909413E+00	-1.795394E-02	
4.188885E-03	-3.561499E+00	1.880352E+00	-4.893972E-02	
4.194440E-03	-3.537196E+00	1.797461E+00	-2.721528E-02	
4.199996E-03	-3.502879E+00	1.785382E+00	-2.249096E-02	
4.205551E-03	-3.477535E+00	1.773324E+00	-2.224832E-02	
4.211107E-03	-3.410684E+00	1.739415E+00	-2.344745E-02	
4.216662E-03	-3.385710E+00	1.725548E+00	-2.243673E-02	
4.222218E-03	-3.350030E+00	1.696541E+00	-3.434987E-02	
4.227774E-03	-3.355472E+00	1.626170E+00	-1.534155E-02	
4.233329E-03	-3.366289E+00	1.594298E+00	-1.775326E-02	
4.238885E-03	-3.439570E+00	1.566985E+00	-4.758405E-02	
4.244440E-03	-3.419434E+00	1.491971E+00	-1.831876E-02	
4.249996E-03	-3.470711E+00	1.465432E+00	-3.704721E-02	
4.255551E-03	-3.524588E+00	1.546092E+00	-5.284445E-02	
4.261107E-03	-3.576249E+00	1.648014E+00	-1.447910E-02	
4.266662E-03	-3.560263E+00	1.648480E+00	-2.328542E-02	
4.272218E-03	-3.520614E+00	1.615556E+00	-3.829537E-02	
4.277774E-03	-3.466787E+00	1.603962E+00	-2.377563E-02	
4.283329E-03	-3.427848E+00	1.571816E+00	-3.852635E-02	
4.288885E-03	-3.374401E+00	1.560536E+00	-2.400268E-02	
4.294440E-03	-3.336047E+00	1.529392E+00	-3.889000E-02	
4.299996E-03	-3.289992E+00	1.518475E+00	-2.803530E-02	
4.305551E-03	-3.356314E+00	1.617689E+00	-5.523304E-02	
4.311107E-03	-3.449304E+00	1.725363E+00	-3.300858E-02	
4.316662E-03	-3.446129E+00	1.677477E+00	-1.779398E-02	
4.322218E-03	-3.456657E+00	1.647064E+00	-2.044502E-02	
4.327773E-03	-3.496150E+00	1.577214E+00	-1.833779E-02	
4.333329E-03	-3.503015E+00	1.542514E+00	-2.463803E-02	
4.338885E-03	-3.475943E+00	1.531595E+00	-2.348887E-02	
4.344440E-03	-3.437384E+00	1.501518E+00	-3.891611E-02	
4.349996E-03	-3.381409E+00	1.490937E+00	-2.333289E-02	
4.355551E-03	-3.357931E+00	1.482247E+00	-2.456493E-02	
4.361107E-03	-3.327197E+00	1.453794E+00	-4.080636E-02	
4.366662E-03	-3.317827E+00	1.397978E+00	-1.836663E-02	
4.372218E-03	-3.327310E+00	1.370809E+00	-1.988570E-02	
4.377773E-03	-3.365031E+00	1.305920E+00	-1.736686E-02	
4.383329E-03	-3.378207E+00	1.281990E+00	-1.739950E-02	
4.388885E-03	-3.433445E+00	1.259866E+00	-3.702579E-02	
4.394440E-03	-3.520645E+00	1.388109E+00	-1.563139E-02	
4.399996E-03	-3.548128E+00	1.453896E+00	-8.397200E-03	
4.405551E-03	-3.538956E+00	1.466814E+00	-2.453247E-02	
4.411107E-03	-3.466414E+00	1.436849E+00	-2.243733E-02	
4.416662E-03	-3.443756E+00	1.430718E+00	-2.470434E-02	
4.422218E-03	-3.404775E+00	1.401366E+00	-3.900374E-02	
4.427773E-03	-3.346783E+00	1.394224E+00	-2.405521E-02	
4.433329E-03	-3.308977E+00	1.364868E+00	-3.785335E-02	
4.438884E-03	-3.260318E+00	1.355492E+00	-2.517342E-02	
4.444440E-03	-3.337838E+00	1.469747E+00	-2.711090E-02	
4.449996E-03	-3.393538E+00	1.447713E+00	-4.738733E-02	
4.455551E-03	-3.381937E+00	1.388371E+00	-1.974651E-02	
4.461107E-03	-3.454842E+00	1.371223E+00	-4.472345E-02	
4.466662E-03	-3.445905E+00	1.315714E+00	-1.795245E-02	
4.472218E-03	-3.462806E+00	1.297035E+00	-1.795901E-02	
4.477773E-03	-3.445765E+00	1.290582E+00	-2.103941E-02	
4.483329E-03	-3.409252E+00	1.265188E+00	-3.378688E-02	
4.488884E-03	-3.354428E+00	1.257285E+00	-1.788512E-02	
4.494440E-03	-3.322310E+00	1.236187E+00	-3.346644E-02	
4.499995E-03	-3.297415E+00	1.228868E+00	-3.220775E-02	
4.505551E-03	-3.300629E+00	1.191123E+00	-1.760934E-02	
4.511107E-03	-3.374054E+00	1.178719E+00	-4.121934E-02	
4.516662E-03	-3.368863E+00	1.130267E+00	-1.792665E-02	
4.522218E-03	-3.390608E+00	1.119953E+00	-1.434537E-02	
4.527773E-03	-3.462616E+00	1.115799E+00	-4.467478E-02	
4.533329E-03	-3.526603E+00	1.207875E+00	-2.911589E-02	
4.538884E-03	-3.481697E+00	1.202012E+00	-1.810494E-02	
4.544440E-03	-3.450323E+00	1.182873E+00	-3.461357E-02	
4.549995E-03	-3.395896E+00	1.176001E+00	-1.872706E-02	
4.555551E-03	-3.377390E+00	1.174726E+00	-2.252546E-02	
4.561107E-03	-3.311841E+00	1.151505E+00	-1.874640E-02	
4.566662E-03	-3.294235E+00	1.151384E+00	-2.282118E-02	
4.572218E-03	-3.261478E+00	1.129660E+00	-3.422168E-02	
4.577773E-03	-3.234842E+00	1.156344E+00	-4.281811E-02	
4.583329E-03	-3.301188E+00	1.252166E+00	-2.487199E-02	
4.588884E-03	-3.351143E+00	1.238203E+00	-4.070332E-02	
4.594440E-03	-3.351572E+00	1.200446E+00	-1.574910E-02	
4.599995E-03	-3.419207E+00	1.185260E+00	-4.074251E-02	
4.605551E-03	-3.414897E+00	1.139545E+00	-1.851613E-02	
4.611107E-03	-3.449150E+00	1.128711E+00	-2.315484E-02	
4.616662E-03	-3.425837E+00	1.121254E+00	-2.167527E-02	
4.622218E-03	-3.392959E+00	1.100067E+00	-3.288243E-02	
4.627773E-03	-3.344559E+00	1.101987E+00	-2.169245E-02	
4.633329E-03	-3.312671E+00	1.081847E+00	-3.261814E-02	
4.638884E-03	-3.278079E+00	1.077297E+00	-2.571632E-02	
4.644440E-03	-3.291847E+00	1.058223E+00	-1.357054E-02	
4.649995E-03	-3.360426E+00	1.047797E+00	-3.799886E-02	
4.655551E-03	-3.359195E+00	1.006662E+00	-1.793147E-02	
4.661106E-03	-3.433004E+00	1.000920E+00	-3.822114E-02	
4.666662E-03	-3.432545E+00	9.609641E-01	-1.811768E-02	
4.672218E-03	-3.454368E+00	9.526369E-01	-1.602623E-02	
4.677773E-03	-3.439904E+00	9.525798E-01	-2.106146E-02	
4.683329E-03	-3.407985E+00	9.334290E-01	-3.178140E-02	
4.688884E-03	-3.354243E+00	9.297197E-01	-1.534317E-02	
4.694440E-03	-3.329228E+00	9.200285E-01	-3.151711E-02	
4.699995E-03	-3.275788E+00	9.167369E-01	-1.499310E-02	
4.705551E-03	-3.261508E+00	9.228326E-01	-2.103555E-02	
4.711106E-03	-3.198774E+00	9.031313E-01	-1.574972E-02	
4.716662E-03	-3.183025E+00	9.054047E-01	-2.063361E-02	
4.722218E-03	-3.155605E+00	8.912238E-01	-2.757746E-02	
4.727773E-03	-3.172649E+00	8.593256E-01	-1.812041E-02	
4.733329E-03	-3.199296E+00	8.589920E-01	-1.180445E-02	
4.738884E-03	-3.267835E+00	8.503180E-01	-3.574999E-02	
4.744440E-03	-3.278149E+00	8.274868E-01	-1.150564E-02	
4.749995E-03	-3.319586E+00	8.198797E-01	-2.161677E-02	
4.755551E-03	-3.297795E+00	8.155931E-01	-2.051830E-02	
4.761106E-03	-3.233477E+00	7.992554E-01	-1.389653E-02	
4.766662E-03	-3.218344E+00	8.033780E-01	-1.983194E-02	
4.772217E-03	-3.186848E+00	7.843648E-01	-3.044418E-02	
4.777773E-03	-3.138406E+00	7.747392E-01	-1.442489E-02	
4.783329E-03	-3.163347E+00	7.726874E-01	-1.071875E-02	
4.788884E-03	-3.232169E+00	7.661036E-01	-3.406701E-02	
4.794440E-03	-3.246373E+00	7.491208E-01	-9.491949E-03	
4.799995E-03	-3.316140E+00	7.437440E-01	-3.289891E-02	
4.805551E-03	-3.324251E+00	7.180955E-01	-1.764766E-02	
4.811106E-03	-3.365954E+00	7.243765E-01	-1.568407E-02	
4.816662E-03	-3.347313E+00	7.261954E-01	-1.843099E-02	
4.822217E-03	-3.315994E+00	7.084116E-01	-2.892722E-02	
4.827773E-03	-3.268127E+00	7.149939E-01	-1.880211E-02	
4.833328E-03	-3.237224E+00	6.979192E-01	-2.898719E-02	
4.838884E-03	-3.182809E+00	6.953665E-01	-1.210470E-02	
4.844440E-03	-3.159344E+00	6.886309E-01	-2.898799E-02	
4.849995E-03	-3.105672E+00	6.863563E-01	-1.230172E-02	
4.855551E-03	-3.079350E+00	6.753533E-01	-6.013584E-03	
4.861106E-03	-3.023575E+00	5.622332E-01	-3.886739E-02	
4.866662E-03	-3.025604E+00	5.294419E-01	-1.696963E-02	
4.872217E-03	-3.058533E+00	5.418429E-01	-6.797581E-03	
4.877773E-03	-3.114288E+00	5.210586E-01	-1.617426E-02	
4.883328E-03	-3.148691E+00	5.335301E-01	-5.801094E-03	
4.888884E-03	-3.201091E+00	5.320391E-01	-1.966205E-02	
4.894440E-03	-3.171320E+00	5.179850E-01	-2.590519E-02	
4.899995E-03	-3.115012E+00	5.165478E-01	-8.162865E-03	
4.905551E-03	-3.102487E+00	5.266854E-01	-1.625635E-02	
4.911106E-03	-3.037080E+00	5.119422E-01	-8.264910E-03	
4.916662E-03	-3.018646E+00	5.135866E-01	-1.018082E-02	
4.922217E-03	-3.047929E+00	5.201296E-01	-5.814564E-03	
4.927773E-03	-3.104674E+00	5.056191E-01	-1.658566E-02	
4.933328E-03	-3.140914E+00	5.212728E-01	-5.194758E-03	
4.938884E-03	-3.212021E+00	5.214061E-01	-2.794140E-02	
4.944440E-03	-3.209089E+00	4.805838E-01	-2.651817E-02	
4.949995E-03	-3.156644E+00	4.051343E-01	-2.602799E-02	
4.955551E-03	-3.125672E+00	3.897814E-01	-1.578702E-02	
4.961106E-03	-3.059420E+00	3.760096E-01	-7.119708E-03	
4.966662E-03	-3.047996E+00	3.883631E-01	-1.610076E-02	
4.972217E-03	-3.018689E+00	3.753078E-01	-2.530194E-02	
4.977773E-03	-2.971735E+00	3.883735E-01	-1.645709E-02	
4.983328E-03	-2.941511E+00	3.752634E-01	-2.579689E-02	
4.988884E-03	-2.886152E+00	3.738561E-01	-8.183293E-03	
4.994439E-03	-2.841851E+00	3.379657E-01	-3.577890E-02	
4.999995E-03	-2.798469E+00	2.630746E-01	-3.976186E-02	
5.005551E-03	-2.803570E+00	2.337569E-01	-1.693346E-02	
5.011106E-03	-2.893530E+00	2.568334E-01	-2.661996E-02	
5.016662E-03	-2.913388E+00	2.472296E-01	-1.703169E-02	
5.022217E-03	-2.958198E+00	2.726498E-01	-2.121652E-03	
5.027773E-03	-3.026856E+00	2.764023E-01	-2.060082E-02	
5.033328E-03	-3.003843E+00	2.721607E-01	-2.390916E-02	
5.038884E-03	-2.947700E+00	2.727190E-01	-5.842469E-03	
5.044439E-03	-2.927576E+00	2.716481E-01	-2.362486E-02	
5.049995E-03	-2.873729E+00	2.711484E-01	-6.419679E-03	
5.055550E-03	-2.859246E+00	2.773016E-01	-1.083292E-02	
5.061106E-03	-2.934387E+00	2.891826E-01	-2.593887E-02	
5.066662E-03	-2.957326E+00	2.830408E-01	-1.738065E-02	
5.072217E-03	-3.005894E+00	3.129783E-01	-7.731200E-04	
5.077773E-03	-3.080608E+00	3.090779E-01	-1.766004E-02	
5.083328E-03	-3.110414E+00	3.117712E-01	-2.116240E-02	
5.088884E-03	-3.074638E+00	2.397164E-01	-2.879233E-02	
5.094439E-03	-2.955197E+00	7.139664E-02	-1.842397E-02	
5.099995E-03	-2.908516E+00	7.166601E-02	-5.009418E-03	
5.105550E-03	-2.898495E+00	8.494061E-02	-1.418806E-02	
5.111106E-03	-2.836862E+00	7.370404E-02	-5.383072E-03	
5.116662E-03	-2.827511E+00	8.746185E-02	-1.457459E-02	
5.122217E-03	-2.801372E+00	7.726995E-02	-2.257153E-02	
5.127773E-03	-2.758738E+00	9.155175E-02	-1.490245E-02	
5.133328E-03	-2.720808E+00	6.438573E-02	-3.504970E-02	
5.138884E-03	-2.657145E+00	-6.552026E-03	-2.861205E-02	
5.144439E-03	-2.549006E+00	-1.580576E-01	-5.355182E-03	
5.149995E-03	-2.618428E+00	-1.482660E-01	-2.347905E-02	
5.155550E-03	-2.644075E+00	-1.498201E-01	-1.677552E-02	
5.161106E-03	-2.743058E+00	-1.167935E-01	-2.365733E-02	
5.166662E-03	-2.775474E+00	-1.096631E-01	-2.220646E-02	
5.172217E-03	-2.757840E+00	-1.072069E-01	-2.131018E-02	
5.177773E-03	-2.714705E+00	-9.207740E-02	-1.366294E-02	
5.183328E-03	-2.689403E+00	-1.008982E-01	-2.112906E-02	
5.188884E-03	-2.637903E+00	-9.890231E-02	-4.074502E-03	
5.194439E-03	-2.633281E+00	-7.897467E-02	-7.709243E-03	
5.199995E-03	-2.697874E+00	-6.835074E-02	-2.280457E-02	
5.205550E-03	-2.728698E+00	-6.310762E-02	-1.757052E-02	
5.211106E-03	-2.832962E+00	-2.546957E-02	-2.288100E-02	
5.216661E-03	-2.862573E+00	-2.318471E-02	-1.684064E-02	
5.222217E-03	-2.903695E+00	-4.938988E-03	-1.167895E-02	
5.227773E-03	-2.831171E+00	-1.321951E-01	1.808395E-02	
5.233328E-03	-2.745688E+00	-2.494121E-01	-1.498184E-02	
5.238884E-03	-2.702966E+00	-2.469663E-01	-2.654471E-03	
5.244439E-03	-2.688972E+00	-2.392767E-01	-2.018303E-02	
5.249995E-03	-2.637891E+00	-2.363339E-01	-3.224861E-03	
5.255550E-03	-2.631869E+00	-2.181310E-01	-1.403715E-02	
5.261106E-03	-2.575613E+00	-2.228545E-01	-3.543425E-03	
5.266661E-03	-2.568209E+00	-2.073639E-01	-1.337511E-02	
5.272217E-03	-2.535790E+00	-2.273030E-01	-2.873261E-02	
5.277773E-03	-2.430969E+00	-3.482342E-01	1.698136E-02	
5.283328E-03	-2.358011E+00	-4.483195E-01	-5.611879E-03	
5.288884E-03	-2.425772E+00	-4.357640E-01	-2.121011E-02	
5.294439E-03	-2.479585E+00	-3.987032E-01	4.121518E-03	
5.299995E-03	-2.567249E+00	-3.849059E-01	-2.083772E-02	
5.305550E-03	-2.605430E+00	-3.709334E-01	-2.034334E-02	
5.311106E-03	-2.570156E+00	-3.576763E-01	-1.101478E-03	
5.316661E-03	-2.565499E+00	-3.369233E-01	-1.226071E-02	
5.322217E-03	-2.542330E+00	-3.431422E-01	-1.860360E-02	
5.327772E-03	-2.502257E+00	-3.257584E-01	-1.205286E-02	
5.333328E-03	-2.479342E+00	-3.318512E-01	-1.851494E-02	
5.338884E-03	-2.448125E+00	-3.286613E-01	-1.107735E-02	
5.344439E-03	-2.509280E+00	-2.818843E-01	5.270335E-03	
5.349995E-03	-2.599967E+00	-2.661026E-01	-2.019018E-02	
5.355550E-03	-2.629332E+00	-2.654129E-01	-9.029784E-03	
5.361106E-03	-2.563143E+00	-3.521110E-01	-2.267268E-02	
5.366661E-03	-2.472059E+00	-4.751241E-01	1.749243E-02	
5.372217E-03	-2.385833E+00	-5.902133E-01	-1.765883E-02	
5.377772E-03	-2.351763E+00	-5.784299E-01	-1.178689E-02	
5.383328E-03	-2.329316E+00	-5.831044E-01	-1.786762E-02	
5.388883E-03	-2.278771E+00	-5.790400E-01	-6.935230E-04	
5.394439E-03	-2.268110E+00	-5.671847E-01	-1.767342E-02	
5.399995E-03	-2.218305E+00	-5.628345E-01	-6.700292E-04	
5.405550E-03	-2.202823E+00	-5.581610E-01	-8.221061E-04	
5.411106E-03	-2.115689E+00	-6.591967E-01	-2.109150E-02	
5.416661E-03	-2.028382E+00	-7.762517E-01	1.719106E-02	
5.422217E-03	-1.953543E+00	-8.758603E-01	-9.518167E-03	
5.427772E-03	-2.011497E+00	-8.652296E-01	-1.590935E-02	
5.433328E-03	-2.076125E+00	-8.139781E-01	8.157164E-03	
5.438883E-03	-2.168788E+00	-7.961022E-01	-1.751926E-02	
5.444439E-03	-2.221934E+00	-7.616970E-01	-6.392267E-03	
5.449995E-03	-2.189460E+00	-7.562175E-01	1.941084E-03	
5.455550E-03	-2.185986E+00	-7.331676E-01	-1.039385E-02	
5.461106E-03	-2.129859E+00	-7.349126E-01	2.034071E-03	
5.466661E-03	-2.126808E+00	-7.116324E-01	-1.032889E-02	
5.472217E-03	-2.106537E+00	-7.128551E-01	-1.531769E-02	
5.477772E-03	-2.073409E+00	-6.964036E-01	-9.981763E-03	
5.483328E-03	-2.135680E+00	-6.477411E-01	9.294084E-03	
5.488883E-03	-2.232350E+00	-6.273829E-01	-1.694744E-02	
5.494439E-03	-2.269682E+00	-6.176756E-01	-1.616523E-02	
5.499995E-03	-2.223685E+00	-6.796293E-01	-1.791112E-02	
5.505550E-03	-2.138251E+00	-7.925158E-01	1.876711E-02	
5.511106E-03	-2.031773E+00	-9.056357E-01	-7.727178E-03	
5.516661E-03	-2.018725E+00	-8.964853E-01	-9.859943E-03	
5.522217E-03	-1.999239E+00	-8.966557E-01	-1.455510E-02	
5.527772E-03	-1.962785E+00	-8.722604E-01	-9.960996E-03	
5.533328E-03	-1.943968E+00	-8.721211E-01	-1.450486E-02	
5.538883E-03	-1.893980E+00	-8.658903E-01	2.810458E-03	
5.544439E-03	-1.865391E+00	-8.801136E-01	-2.482431E-02	
5.549994E-03	-1.802853E+00	-9.405387E-01	-1.728436E-02	
5.555550E-03	-1.719551E+00	-1.051353E+00	1.872643E-02	
5.561106E-03	-1.624936E+00	-1.167281E+00	-1.711901E-02	
5.566661E-03	-1.555122E+00	-1.259702E+00	6.564789E-03	
5.572217E-03	-1.608060E+00	-1.228835E+00	1.273477E-02	
5.577772E-03	-1.713414E+00	-1.204910E+00	-1.593500E-02	
5.583328E-03	-1.781155E+00	-1.154625E+00	2.780317E-03	
5.588883E-03	-1.764199E+00	-1.146868E+00	4.688017E-03	
5.594439E-03	-1.759223E+00	-1.126424E+00	-1.270263E-02	
5.599994E-03	-1.711397E+00	-1.120011E+00	4.138703E-03	
5.605550E-03	-1.710007E+00	-1.095965E+00	-8.338225E-03	
5.611106E-03	-1.660326E+00	-1.094942E+00	3.823850E-03	
5.616661E-03	-1.655933E+00	-1.075998E+00	-4.727007E-03	
5.622217E-03	-1.726174E+00	-1.022949E+00	1.527687E-02	
5.627772E-03	-1.840410E+00	-9.955884E-01	-1.588210E-02	
5.633328E-03	-1.902584E+00	-9.568060E-01	-7.130432E-03	
5.638883E-03	-1.871447E+00	-1.014526E+00	-1.457553E-02	
5.644439E-03	-1.752980E+00	-1.174883E+00	-1.901622E-02	
5.649994E-03	-1.690348E+00	-1.231907E+00	-1.051379E-02	
5.655550E-03	-1.674649E+00	-1.228243E+00	-8.096349E-03	
5.661105E-03	-1.626359E+00	-1.225558E+00	4.436367E-03	
5.666661E-03	-1.626966E+00	-1.199672E+00	-8.501878E-03	
5.672217E-03	-1.612333E+00	-1.195711E+00	-1.127344E-02	
5.677772E-03	-1.583151E+00	-1.169457E+00	-8.701094E-03	
5.683328E-03	-1.558628E+00	-1.180538E+00	-2.236467E-02	
5.688883E-03	-1.500704E+00	-1.234966E+00	-1.462645E-02	
5.694439E-03	-1.389335E+00	-1.386495E+00	-1.815483E-02	
5.699994E-03	-1.339398E+00	-1.440411E+00	-1.432155E-02	
5.705550E-03	-1.273156E+00	-1.528154E+00	1.038515E-02	
5.711105E-03	-1.378328E+00	-1.500261E+00	-1.397927E-02	
5.716661E-03	-1.431600E+00	-1.472464E+00	-1.507788E-02	
5.722216E-03	-1.509015E+00	-1.411488E+00	9.519984E-03	
5.727772E-03	-1.520108E+00	-1.385447E+00	-7.497509E-03	
5.733328E-03	-1.507424E+00	-1.379120E+00	-9.445545E-03	
5.738883E-03	-1.466260E+00	-1.369857E+00	5.885235E-03	
5.744439E-03	-1.467941E+00	-1.343617E+00	-9.230314E-03	
5.749994E-03	-1.427870E+00	-1.334174E+00	5.774658E-03	
5.755550E-03	-1.429184E+00	-1.308880E+00	-5.402329E-03	
5.761105E-03	-1.554705E+00	-1.253693E+00	-1.306135E-02	
5.766661E-03	-1.610553E+00	-1.223534E+00	-1.493041E-02	
5.772216E-03	-1.683927E+00	-1.169851E+00	3.363977E-03	
5.777772E-03	-1.636080E+00	-1.264335E+00	1.979627E-02	
5.783328E-03	-1.558155E+00	-1.368752E+00	-1.606607E-02	
5.788883E-03	-1.504474E+00	-1.421874E+00	-9.847259E-03	
5.794439E-03	-1.483295E+00	-1.428087E+00	-8.432319E-03	
5.799994E-03	-1.443924E+00	-1.417902E+00	6.521266E-03	
5.805550E-03	-1.448613E+00	-1.387977E+00	-7.367381E-03	
5.811105E-03	-1.409344E+00	-1.378708E+00	6.625202E-03	
5.816661E-03	-1.414701E+00	-1.348077E+00	-7.166316E-03	
5.822216E-03	-1.395774E+00	-1.351669E+00	-1.582419E-02	
5.827772E-03	-1.310492E+00	-1.442011E+00	1.961357E-02	
5.833328E-03	-1.235215E+00	-1.543082E+00	-1.492607E-02	
5.838883E-03	-1.141535E+00	-1.660844E+00	3.543835E-02	
5.844439E-03	-1.086624E+00	-1.733403E+00	4.591523E-02	
5.849994E-03	-1.199263E+00	-1.700463E+00	1.890932E-02	
5.855550E-03	-1.261482E+00	-1.666730E+00	1.726702E-02	
5.861105E-03	-1.256965E+00	-1.623329E+00	3.701565E-02	
5.866661E-03	-1.255078E+00	-1.602817E+00	3.063293E-02	
5.872216E-03	-1.253599E+00	-1.581758E+00	2.417768E-02	
5.877772E-03	-1.221058E+00	-1.563168E+00	3.272823E-02	
5.883327E-03	-1.216991E+00	-1.546116E+00	2.592448E-02	
5.888883E-03	-1.185173E+00	-1.527756E+00	3.448880E-02	
5.894439E-03	-1.199370E+00	-1.485304E+00	4.508756E-02	
5.899994E-03	-1.311418E+00	-1.450564E+00	1.933731E-02	
5.905550E-03	-1.375985E+00	-1.415373E+00	1.777543E-02	
5.911105E-03	-1.327387E+00	-1.482416E+00	2.809311E-02	
5.916661E-03	-1.277230E+00	-1.548439E+00	4.072025E-02	
5.922216E-03	-1.196367E+00	-1.658389E+00	2.076626E-02	
5.927772E-03	-1.141665E+00	-1.722943E+00	3.572148E-02	
5.933327E-03	-1.071491E+00	-1.818431E+00	2.645762E-02	
5.938883E-03	-1.047953E+00	-1.799332E+00	3.137555E-02	
5.944438E-03	-1.048164E+00	-1.776294E+00	2.376336E-02	
5.949994E-03	-1.017128E+00	-1.756860E+00	3.274601E-02	
5.955550E-03	-1.017502E+00	-1.733835E+00	2.490368E-02	
5.961105E-03	-9.944602E-01	-1.718433E+00	2.571507E-02	
5.966661E-03	-9.463447E-01	-1.782370E+00	3.854719E-02	
5.972216E-03	-8.714583E-01	-1.884402E+00	1.785596E-02	
5.977772E-03	-8.175744E-01	-1.949275E+00	3.410876E-02	
5.983327E-03	-7.675140E-01	-2.015181E+00	3.686423E-02	
5.988883E-03	-8.819220E-01	-1.979400E+00	1.261880E-02	
5.994438E-03	-9.749847E-01	-1.907922E+00	3.499628E-02	
5.999994E-03	-9.678898E-01	-1.886683E+00	3.215294E-02	
6.005550E-03	-9.693721E-01	-1.861692E+00	2.369225E-02	
6.011105E-03	-9.405701E-01	-1.838658E+00	3.350438E-02	
6.016661E-03	-9.423772E-01	-1.813404E+00	2.511507E-02	
6.022216E-03	-9.432300E-01	-1.789760E+00	2.068156E-02	
6.027772E-03	-9.173020E-01	-1.764313E+00	2.633000E-02	
6.033327E-03	-9.330425E-01	-1.720149E+00	3.622896E-02	
6.038883E-03	-1.048678E+00	-1.678630E+00	1.285533E-02	
6.044438E-03	-1.131779E+00	-1.623768E+00	2.299252E-02	
6.049994E-03	-1.102080E+00	-1.681002E+00	2.509059E-02	
6.055550E-03	-1.054820E+00	-1.743796E+00	3.827842E-02	
6.061105E-03	-9.787128E-01	-1.841324E+00	2.006051E-02	
6.066661E-03	-9.325577E-01	-1.903476E+00	3.307455E-02	
6.072216E-03	-8.700418E-01	-1.989521E+00	2.044273E-02	
6.077772E-03	-8.556573E-01	-1.963286E+00	2.078052E-02	
6.083327E-03	-8.590212E-01	-1.936345E+00	1.710077E-02	
6.088883E-03	-8.318927E-01	-1.912758E+00	2.517703E-02	
6.094438E-03	-8.378004E-01	-1.880900E+00	1.803710E-02	
6.099994E-03	-8.175995E-01	-1.859409E+00	2.233058E-02	
6.105549E-03	-7.748748E-01	-1.917644E+00	3.330164E-02	
6.111105E-03	-7.060518E-01	-2.012040E+00	1.521350E-02	
6.116661E-03	-6.627163E-01	-2.072849E+00	2.854936E-02	
6.122216E-03	-5.997216E-01	-2.162984E+00	1.194524E-02	
6.127772E-03	-5.736408E-01	-2.219101E+00	1.750891E-02	
6.133327E-03	-6.627393E-01	-2.159022E+00	3.237874E-02	
6.138883E-03	-6.770480E-01	-2.134528E+00	2.072138E-02	
6.144438E-03	-6.873582E-01	-2.100305E+00	1.571589E-02	
6.149994E-03	-6.656882E-01	-2.075007E+00	2.199517E-02	
6.155549E-03	-6.705732E-01	-2.048233E+00	1.342687E-02	
6.161105E-03	-6.513498E-01	-2.020823E+00	2.308903E-02	
6.166661E-03	-6.565611E-01	-1.994260E+00	1.472387E-02	
6.172216E-03	-6.629121E-01	-1.966538E+00	1.241314E-02	
6.177772E-03	-6.560897E-01	-1.941288E+00	1.088814E-02	
6.183327E-03	-7.428484E-01	-1.885953E+00	2.319006E-02	
6.188883E-03	-7.411416E-01	-1.937362E+00	1.594893E-02	
6.194438E-03	-6.813121E-01	-2.026421E+00	6.321211E-03	
6.199994E-03	-6.551252E-01	-2.077006E+00	1.225769E-02	
6.205549E-03	-6.189876E-01	-2.133186E+00	2.544639E-02	
6.211105E-03	-5.580267E-01	-2.212645E+00	1.864182E-02	
6.216660E-03	-5.624528E-01	-2.187363E+00	1.150728E-02	
6.222216E-03	-5.697951E-01	-2.158198E+00	9.459382E-03	
6.227772E-03	-5.527545E-01	-2.130604E+00	1.274798E-02	
6.233327E-03	-5.611826E-01	-2.100600E+00	1.115873E-02	
6.238883E-03	-5.493816E-01	-2.076502E+00	1.343091E-02	
6.244438E-03	-4.985488E-01	-2.153372E+00	4.826886E-03	
6.249994E-03	-4.748015E-01	-2.201998E+00	1.014335E-02	
6.255549E-03	-4.407928E-01	-2.255848E+00	2.287583E-02	
6.261105E-03	-3.988499E-01	-2.331696E+00	7.090827E-03	
6.266660E-03	-3.647669E-01	-2.384783E+00	1.855238E-02	
6.272216E-03	-4.533384E-01	-2.328368E+00	3.251140E-02	
6.277771E-03	-4.861107E-01	-2.300209E+00	1.117396E-02	
6.283327E-03	-4.954995E-01	-2.268805E+00	9.749003E-03	
6.288883E-03	-4.780351E-01	-2.243871E+00	1.503139E-02	
6.294438E-03	-4.911551E-01	-2.208042E+00	1.145008E-02	
6.299994E-03	-4.751714E-01	-2.183014E+00	1.629009E-02	
6.305549E-03	-4.836683E-01	-2.154219E+00	7.631093E-03	
6.311105E-03	-4.743577E-01	-2.121529E+00	1.740724E-02	
6.316660E-03	-4.822040E-01	-2.094677E+00	1.081704E-02	
6.322216E-03	-4.408312E-01	-2.158971E+00	7.195118E-03	
6.327771E-03	-4.155958E-01	-2.211764E+00	1.571463E-02	
6.333327E-03	-3.670744E-01	-2.287227E+00	4.186213E-03	
6.338883E-03	-3.483515E-01	-2.334151E+00	8.198508E-03	
6.344438E-03	-2.977601E-01	-2.413465E+00	1.503730E-03	
6.349994E-03	-2.709393E-01	-2.459561E+00	1.000447E-02	
6.355549E-03	-2.785569E-01	-2.432370E+00	3.210534E-03	
6.361105E-03	-2.713437E-01	-2.397216E+00	1.337547E-02	
6.366660E-03	-2.815501E-01	-2.366719E+00	4.395767E-03	
6.372216E-03	-2.963463E-01	-2.330195E+00	4.268352E-03	
6.377771E-03	-2.840766E-01	-2.306009E+00	7.277175E-03	
6.383327E-03	-2.439081E-01	-2.371213E+00	2.558186E-03	
6.388883E-03	-2.293812E-01	-2.416804E+00	5.417539E-03	
6.394438E-03	-1.824007E-01	-2.492802E+00	-9.387905E-07	
6.399994E-03	-1.707076E-01	-2.537392E+00	2.019538E-03	
6.405549E-03	-1.444649E-01	-2.584936E+00	1.274550E-02	
6.411105E-03	-1.318310E-01	-2.562614E+00	1.123470E-02	
6.416660E-03	-1.429954E-01	-2.530765E+00	2.031414E-03	
6.422216E-03	-1.584683E-01	-2.492933E+00	2.687436E-03	
6.427771E-03	-1.504966E-01	-2.459986E+00	3.478263E-03	
6.433327E-03	-1.631127E-01	-2.425105E+00	3.493618E-03	
6.438882E-03	-1.483913E-01	-2.398798E+00	8.030065E-03	
6.444438E-03	-1.641585E-01	-2.360025E+00	5.120102E-03	
6.449994E-03	-1.507448E-01	-2.333726E+00	9.348761E-03	
6.455549E-03	-1.595333E-01	-2.305401E+00	1.833965E-03	
6.461105E-03	-1.424261E-01	-2.355598E+00	-2.106537E-03	
6.466660E-03	-1.175821E-01	-2.402380E+00	9.481596E-03	
6.472216E-03	-8.246822E-02	-2.464270E+00	2.672900E-03	
6.477771E-03	-7.579754E-02	-2.510180E+00	5.838338E-03	
6.483327E-03	-4.240682E-02	-2.570602E+00	-1.217724E-03	
6.488882E-03	-3.055862E-02	-2.612606E+00	3.004120E-03	
6.494438E-03	-4.315973E-02	-2.578727E+00	1.124385E-03	
6.499994E-03	-3.136903E-02	-2.550769E+00	4.853681E-03	
6.505549E-03	-4.281483E-02	-2.518805E+00	-4.303971E-03	
6.511105E-03	-3.896109E-02	-2.480749E+00	6.428353E-03	
6.516660E-03	-4.852849E-02	-2.451862E+00	-4.741030E-04	
6.522216E-03	-2.389031E-02	-2.500971E+00	1.079125E-03	
6.527771E-03	-2.184465E-02	-2.545619E+00	3.156419E-03	
6.533327E-03	7.510004E-03	-2.602824E+00	-1.917422E-03	
6.538882E-03	4.081367E-03	-2.640732E+00	-4.025975E-03	
6.544438E-03	5.546034E-02	-2.728688E+00	-2.290550E-02	
6.549993E-03	1.862287E-01	-2.772978E+00	3.764309E-04	
6.555549E-03	1.744738E-01	-2.740604E+00	-7.967029E-03	
6.561105E-03	1.758172E-01	-2.699174E+00	3.374672E-03	
6.566660E-03	1.624219E-01	-2.664903E+00	-6.282261E-03	
6.572216E-03	1.434925E-01	-2.623006E+00	-4.646574E-03	
6.577771E-03	1.488368E-01	-2.588732E+00	-4.730062E-03	
6.583327E-03	1.295179E-01	-2.546711E+00	-2.831859E-03	
6.588882E-03	1.372871E-01	-2.516742E+00	-5.245854E-05	
6.594438E-03	1.401252E-01	-2.505475E+00	-2.682544E-02	
6.599993E-03	2.627423E-01	-2.547391E+00	-6.155248E-03	
6.605549E-03	2.797458E-01	-2.587517E+00	3.815379E-03	
6.611104E-03	2.836768E-01	-2.639773E+00	-1.041276E-02	
6.616660E-03	3.009138E-01	-2.681382E+00	7.745349E-04	
6.622216E-03	3.246886E-01	-2.733115E+00	-2.045648E-03	
6.627771E-03	3.179890E-01	-2.770647E+00	-3.524079E-03	
6.633327E-03	3.011573E-01	-2.732435E+00	-5.729130E-03	
6.638882E-03	3.072060E-01	-2.701262E+00	-3.468770E-03	
6.644438E-03	2.825099E-01	-2.652436E+00	-3.767077E-03	
6.649993E-03	2.882176E-01	-2.619797E+00	-1.514267E-03	
6.655549E-03	2.767364E-01	-2.588888E+00	-9.329913E-03	
6.661104E-03	2.956022E-01	-2.665569E+00	1.140217E-02	
6.666660E-03	3.080638E-01	-2.704159E+00	1.989252E-02	
6.672216E-03	3.341997E-01	-2.762804E+00	2.243718E-02	
6.677771E-03	3.174578E-01	-2.801663E+00	1.681186E-02	
6.683327E-03	3.295556E-01	-2.842047E+00	-1.817689E-02	
6.688882E-03	4.265937E-01	-2.853788E+00	-1.856371E-02	
6.694438E-03	4.109174E-01	-2.818007E+00	-2.175700E-02	
6.699993E-03	4.120923E-01	-2.782048E+00	-2.317711E-02	
6.705549E-03	4.003041E-01	-2.751620E+00	-2.902226E-02	
6.711104E-03	3.958736E-01	-2.705917E+00	-1.998082E-02	
6.716660E-03	3.851943E-01	-2.676938E+00	-2.617126E-02	
6.722216E-03	3.642891E-01	-2.634142E+00	-2.550629E-02	
6.727771E-03	3.941608E-01	-2.628339E+00	-3.148571E-03	
6.733327E-03	5.053838E-01	-2.714081E+00	-3.735519E-02	
6.738882E-03	6.677565E-01	-2.782893E+00	1.727809E-02	
6.744438E-03	6.890298E-01	-2.836862E+00	1.350089E-02	
6.749993E-03	6.693118E-01	-2.878834E+00	9.794371E-03	
6.755549E-03	6.771849E-01	-2.915566E+00	1.837664E-02	
6.761104E-03	6.610021E-01	-2.965361E+00	4.695145E-03	
6.766660E-03	6.311253E-01	-2.948655E+00	-2.527424E-02	
6.772215E-03	6.127298E-01	-2.909660E+00	-3.105998E-02	
6.777771E-03	6.169739E-01	-2.879734E+00	-2.908321E-02	
6.783327E-03	5.953703E-01	-2.836734E+00	-2.595192E-02	
6.788882E-03	5.963916E-01	-2.804194E+00	-2.649424E-02	
6.794438E-03	6.189018E-01	-2.824169E+00	6.995769E-03	
6.799993E-03	6.057599E-01	-2.865689E+00	7.748691E-03	
6.805549E-03	6.116167E-01	-2.901669E+00	1.616934E-02	
6.811104E-03	5.888742E-01	-2.949949E+00	2.373721E-03	
6.816660E-03	5.699345E-01	-2.952989E+00	-1.193751E-02	
6.822215E-03	6.777562E-01	-3.031391E+00	-4.531334E-02	
6.827771E-03	8.241093E-01	-3.044367E+00	-1.807539E-02	
6.833326E-03	8.204928E-01	-3.026627E+00	-2.033428E-02	
6.838882E-03	8.124001E-01	-2.981077E+00	-2.966297E-02	
6.844438E-03	7.958995E-01	-2.945908E+00	-1.968732E-02	
6.849993E-03	7.862353E-01	-2.900505E+00	-2.953933E-02	
6.855549E-03	7.790614E-01	-2.879344E+00	-2.953146E-02	
6.861104E-03	7.636856E-01	-2.827749E+00	-2.456551E-02	
6.866660E-03	7.649646E-01	-2.819031E+00	-1.607003E-02	
6.872215E-03	8.723297E-01	-2.901991E+00	-3.198503E-02	
6.877771E-03	1.036202E+00	-2.955143E+00	1.946861E-02	
6.883326E-03	1.047718E+00	-2.999136E+00	4.794549E-03	
6.888882E-03	1.031715E+00	-3.055773E+00	1.027607E-02	
6.894438E-03	1.032853E+00	-3.086438E+00	4.877349E-03	
6.899993E-03	1.005030E+00	-3.130593E+00	8.363807E-04	
6.905549E-03	9.763954E-01	-3.120746E+00	-2.255557E-02	
6.911104E-03	9.546348E-01	-3.069103E+00	-3.263810E-02	
6.916660E-03	9.462902E-01	-3.047115E+00	-3.266028E-02	
6.922215E-03	9.100276E-01	-2.985785E+00	-3.913291E-02	
6.927771E-03	9.132123E-01	-2.963613E+00	-3.265904E-02	
6.933326E-03	9.244140E-01	-2.968145E+00	-4.798906E-03	
6.938882E-03	9.223044E-01	-3.025732E+00	9.067733E-03	
6.944437E-03	9.210928E-01	-3.055446E+00	4.479871E-03	
6.949993E-03	8.912413E-01	-3.105175E+00	2.226136E-03	
6.955549E-03	8.683911E-01	-3.106746E+00	-1.325863E-02	
6.961104E-03	1.035185E+00	-3.164391E+00	-8.510163E-03	
6.966660E-03	1.098219E+00	-3.183941E+00	-1.736024E-02	
6.972215E-03	1.077794E+00	-3.145327E+00	-4.152256E-02	
6.977771E-03	1.080295E+00	-3.122443E+00	-3.567071E-02	
6.983326E-03	1.058744E+00	-3.083313E+00	-2.405625E-02	
6.988882E-03	1.046422E+00	-3.037487E+00	-3.485758E-02	
6.994437E-03	1.027953E+00	-3.001026E+00	-2.434879E-02	
6.999993E-03	1.018932E+00	-2.959862E+00	-3.170129E-02	
7.005549E-03	1.018584E+00	-2.949368E+00	-2.383574E-02	
7.011104E-03	1.184925E+00	-3.001948E+00	-4.485791E-03	
7.016660E-03	1.255050E+00	-3.032259E+00	-4.265934E-03	
7.022215E-03	1.391677E+00	-3.158279E+00	-5.150876E-04	
7.027771E-03	1.395340E+00	-3.179425E+00	5.925060E-03	
7.033326E-03	1.386977E+00	-3.203084E+00	3.527297E-03	
7.038882E-03	1.320764E+00	-3.191960E+00	-3.538200E-02	
7.044437E-03	1.301863E+00	-3.155545E+00	-2.566111E-02	
7.049993E-03	1.287279E+00	-3.108433E+00	-3.699749E-02	
7.055549E-03	1.277930E+00	-3.085929E+00	-3.699780E-02	
7.061104E-03	1.251473E+00	-3.022973E+00	-3.706242E-02	
7.066660E-03	1.241954E+00	-3.000494E+00	-3.701609E-02	
7.072215E-03	1.267074E+00	-3.027141E+00	1.496779E-02	
7.077771E-03	1.234208E+00	-3.047826E+00	4.211451E-03	
7.083326E-03	1.223370E+00	-3.070427E+00	2.785487E-03	
7.088882E-03	1.182688E+00	-3.121214E+00	-7.388187E-04	
7.094437E-03	1.170820E+00	-3.143517E+00	-3.453594E-02	
7.099993E-03	1.292454E+00	-3.166271E+00	-9.722070E-03	
7.105548E-03	1.360233E+00	-3.193843E+00	-9.454004E-03	
7.111104E-03	1.489526E+00	-3.235516E+00	-3.908913E-02	
7.116660E-03	1.478560E+00	-3.211350E+00	-3.910937E-02	
7.122215E-03	1.436978E+00	-3.144122E+00	-4.449846E-02	
7.127771E-03	1.436506E+00	-3.120189E+00	-3.924170E-02	
7.133326E-03	1.412797E+00	-3.078543E+00	-2.673640E-02	
7.138882E-03	1.395184E+00	-3.031530E+00	-3.814759E-02	
7.144437E-03	1.399133E+00	-3.029392E+00	-4.049316E-02	
7.149993E-03	1.523927E+00	-3.046798E+00	-1.154724E-02	
7.155548E-03	1.587859E+00	-3.072137E+00	-1.142672E-02	
7.161104E-03	1.741807E+00	-3.193358E+00	2.855483E-03	
7.166659E-03	1.728051E+00	-3.214154E+00	2.715600E-03	
7.172215E-03	1.721152E+00	-3.245474E+00	9.229796E-03	
7.177771E-03	1.635842E+00	-3.231736E+00	-3.865676E-02	
7.183326E-03	1.613995E+00	-3.193476E+00	-2.875459E-02	
7.188882E-03	1.593642E+00	-3.144413E+00	-4.178815E-02	
7.194437E-03	1.568899E+00	-3.102379E+00	-2.879935E-02	
7.199993E-03	1.548255E+00	-3.053196E+00	-4.224225E-02	
7.205548E-03	1.537359E+00	-3.029800E+00	-4.150134E-02	
7.211104E-03	1.539306E+00	-3.051454E+00	2.420887E-03	
7.216659E-03	1.524325E+00	-3.073601E+00	2.483260E-03	
7.222215E-03	1.537673E+00	-3.136679E+00	3.059242E-02	
7.227771E-03	1.464577E+00	-3.159347E+00	1.946390E-03	
7.233326E-03	1.441400E+00	-3.172789E+00	-2.862668E-02	
7.238882E-03	1.534789E+00	-3.191961E+00	-1.542719E-02	
7.244437E-03	1.632945E+00	-3.267529E+00	-5.102072E-02	
7.249993E-03	1.730021E+00	-3.263573E+00	-4.329381E-02	
7.255548E-03	1.716697E+00	-3.238914E+00	-4.353901E-02	
7.261104E-03	1.682122E+00	-3.171795E+00	-4.235915E-02	
7.266659E-03	1.670801E+00	-3.148869E+00	-4.215259E-02	
7.272215E-03	1.630769E+00	-3.085527E+00	-4.563634E-02	
7.277771E-03	1.627713E+00	-3.063078E+00	-4.121050E-02	
7.283326E-03	1.626491E+00	-3.055367E+00	-3.756125E-02	
7.288882E-03	1.738844E+00	-3.075547E+00	-1.331996E-02	
7.294437E-03	1.833983E+00	-3.149517E+00	-4.777167E-02	
7.299993E-03	1.959718E+00	-3.225523E+00	3.551258E-03	
7.305548E-03	1.941905E+00	-3.247886E+00	3.786715E-03	
7.311104E-03	1.871520E+00	-3.288462E+00	-1.271898E-02	
7.316659E-03	1.825474E+00	-3.274323E+00	-3.910825E-02	
7.322215E-03	1.788107E+00	-3.215704E+00	-4.595640E-02	
7.327770E-03	1.783223E+00	-3.192960E+00	-4.205822E-02	
7.333326E-03	1.758139E+00	-3.152274E+00	-2.902849E-02	
7.338882E-03	1.736372E+00	-3.107773E+00	-4.141928E-02	
7.344437E-03	1.711053E+00	-3.067418E+00	-2.844487E-02	
7.349993E-03	1.719909E+00	-3.101723E+00	2.397139E-03	
7.355548E-03	1.699779E+00	-3.123703E+00	2.451623E-03	
7.361104E-03	1.627080E+00	-3.169480E+00	-1.060135E-02	
7.366659E-03	1.585434E+00	-3.164670E+00	-3.034609E-02	
7.372215E-03	1.661978E+00	-3.213026E+00	-5.484384E-02	
7.377770E-03	1.799190E+00	-3.237315E+00	-1.584656E-02	
7.383326E-03	1.892237E+00	-3.309623E+00	-4.986040E-02	
7.388882E-03	1.992030E+00	-3.308833E+00	-3.767319E-02	
7.394437E-03	1.969824E+00	-3.273782E+00	-2.911754E-02	
7.399993E-03	1.944332E+00	-3.228781E+00	-4.258969E-02	
7.405548E-03	1.930251E+00	-3.205963E+00	-4.261750E-02	
7.411104E-03	1.890476E+00	-3.142237E+00	-4.270524E-02	
7.416659E-03	1.876191E+00	-3.119521E+00	-4.272081E-02	
7.422215E-03	1.859552E+00	-3.093636E+00	-3.780194E-02	
7.427770E-03	1.954413E+00	-3.115359E+00	-1.763001E-02	
7.433326E-03	2.043691E+00	-3.183890E+00	-4.971528E-02	
7.438881E-03	2.177346E+00	-3.256038E+00	6.474858E-03	
7.444437E-03	2.159125E+00	-3.282417E+00	4.299079E-03	
7.449993E-03	2.092267E+00	-3.336429E+00	-8.132911E-03	
7.455548E-03	2.044699E+00	-3.323052E+00	-3.497935E-02	
7.461104E-03	2.000684E+00	-3.266666E+00	-4.466468E-02	
7.466659E-03	1.985731E+00	-3.243764E+00	-4.465352E-02	
7.472215E-03	1.941819E+00	-3.180086E+00	-4.557958E-02	
7.477770E-03	1.928565E+00	-3.157411E+00	-4.466309E-02	
7.483326E-03	1.898696E+00	-3.114629E+00	-3.088183E-02	
7.488881E-03	1.878576E+00	-3.079232E+00	-3.898723E-02	
7.494437E-03	1.883565E+00	-3.083520E+00	-4.306954E-03	
7.499992E-03	1.832439E+00	-3.144106E+00	-6.283947E-03	
7.505548E-03	1.789399E+00	-3.140131E+00	-2.693540E-02	
7.511104E-03	1.911256E+00	-3.182069E+00	-1.967526E-02	
7.516659E-03	1.965341E+00	-3.204443E+00	-1.955338E-02	
7.522215E-03	2.041682E+00	-3.258836E+00	-5.881785E-02	
7.527770E-03	2.148055E+00	-3.271313E+00	-3.556733E-02	
7.533326E-03	2.127208E+00	-3.241296E+00	-3.086427E-02	
7.538881E-03	2.095849E+00	-3.196440E+00	-4.557906E-02	
7.544437E-03	2.067572E+00	-3.154556E+00	-3.166784E-02	
7.549992E-03	2.043212E+00	-3.115533E+00	-4.245866E-02	
7.555548E-03	2.035019E+00	-3.102593E+00	-3.596208E-02	
7.561104E-03	2.154867E+00	-3.135748E+00	-1.947527E-02	
7.566659E-03	2.206931E+00	-3.157329E+00	-1.918058E-02	
7.572215E-03	2.285289E+00	-3.217599E+00	-5.125082E-02	
7.577770E-03	2.399338E+00	-3.239165E+00	-1.954480E-02	
7.583326E-03	2.489333E+00	-3.316763E+00	-1.713235E-02	
7.588881E-03	2.463444E+00	-3.385411E+00	-2.691777E-03	
7.594437E-03	2.400960E+00	-3.359163E+00	-2.281623E-02	
7.599992E-03	2.352258E+00	-3.314761E+00	-4.654666E-02	
7.605548E-03	2.335916E+00	-3.291526E+00	-4.656527E-02	
7.611104E-03	2.290221E+00	-3.227040E+00	-4.660075E-02	
7.616659E-03	2.273891E+00	-3.204120E+00	-4.664339E-02	
7.622215E-03	2.228391E+00	-3.140107E+00	-4.657205E-02	
7.627770E-03	2.211194E+00	-3.117245E+00	-4.690340E-02	
7.633326E-03	2.212056E+00	-3.119220E+00	-7.452274E-03	
7.638881E-03	2.164208E+00	-3.191987E+00	-1.795599E-03	
7.644437E-03	2.125391E+00	-3.201511E+00	-3.467783E-02	
7.649992E-03	2.201095E+00	-3.217447E+00	-2.186850E-02	
7.655548E-03	2.250522E+00	-3.238084E+00	-2.189054E-02	
7.661103E-03	2.383353E+00	-3.290203E+00	-2.589867E-02	
7.666659E-03	2.424897E+00	-3.300930E+00	-3.277060E-02	
7.672215E-03	2.391762E+00	-3.255208E+00	-4.618254E-02	
7.677770E-03	2.372246E+00	-3.231576E+00	-4.700328E-02	
7.683326E-03	2.338799E+00	-3.185944E+00	-3.138521E-02	
7.688881E-03	2.305538E+00	-3.144217E+00	-4.541681E-02	
7.694437E-03	2.297774E+00	-3.135324E+00	-4.182478E-02	
7.699992E-03	2.386603E+00	-3.152076E+00	-2.156116E-02	
7.705548E-03	2.432173E+00	-3.171263E+00	-2.068652E-02	
7.711103E-03	2.563247E+00	-3.229010E+00	-1.830429E-02	
7.716659E-03	2.610368E+00	-3.250483E+00	-1.728157E-02	
7.722214E-03	2.732498E+00	-3.378625E+00	1.823071E-02	
7.727770E-03	2.681819E+00	-3.407420E+00	6.508361E-03	
7.733326E-03	2.615391E+00	-3.382506E+00	-1.648821E-02	
7.738881E-03	2.549410E+00	-3.337904E+00	-4.694036E-02	
7.744437E-03	2.513471E+00	-3.290459E+00	-3.035042E-02	
7.749992E-03	2.475120E+00	-3.246257E+00	-4.681084E-02	
7.755548E-03	2.455067E+00	-3.221652E+00	-4.731144E-02	
7.761103E-03	2.400592E+00	-3.153770E+00	-4.562816E-02	
7.766659E-03	2.383045E+00	-3.131168E+00	-4.532148E-02	
7.772214E-03	2.398996E+00	-3.156067E+00	1.347128E-02	
7.777770E-03	2.312786E+00	-3.153553E+00	-2.722924E-02	
7.783326E-03	2.379747E+00	-3.204535E+00	-4.695974E-02	
7.788881E-03	2.482462E+00	-3.229849E+00	-1.703724E-02	
7.794437E-03	2.555931E+00	-3.291842E+00	-4.338246E-02	
7.799992E-03	2.653231E+00	-3.314595E+00	-1.703555E-02	
7.805548E-03	2.689607E+00	-3.326051E+00	-2.490605E-02	
7.811103E-03	2.658632E+00	-3.288973E+00	-4.104922E-02	
7.816659E-03	2.638134E+00	-3.265740E+00	-4.095962E-02	
7.822214E-03	2.590851E+00	-3.203291E+00	-3.746292E-02	
7.827770E-03	2.566100E+00	-3.181392E+00	-4.036205E-02	
7.833326E-03	2.554216E+00	-3.169481E+00	-3.079685E-02	
7.838881E-03	2.629770E+00	-3.196769E+00	-1.324582E-02	
7.844437E-03	2.698868E+00	-3.257392E+00	-3.942876E-02	
7.849992E-03	2.790938E+00	-3.285612E+00	-1.251737E-02	
7.855548E-03	2.832984E+00	-3.309148E+00	-1.221145E-02	
7.861103E-03	2.920607E+00	-3.418759E+00	-4.564036E-03	
7.866659E-03	2.863142E+00	-3.408393E+00	-3.588800E-02	
7.872214E-03	2.818073E+00	-3.352037E+00	-3.761043E-02	
7.877770E-03	2.790374E+00	-3.329695E+00	-4.150432E-02	
7.883325E-03	2.754807E+00	-3.285101E+00	-2.550466E-02	
7.888881E-03	2.715691E+00	-3.246332E+00	-4.114716E-02	
7.894437E-03	2.680314E+00	-3.202470E+00	-2.523220E-02	
7.899992E-03	2.641061E+00	-3.164994E+00	-4.056912E-02	
7.905548E-03	2.621450E+00	-3.143920E+00	-4.043027E-02	
7.911103E-03	2.590992E+00	-3.171864E+00	-2.910373E-04	
7.916659E-03	2.541797E+00	-3.173794E+00	-2.277006E-02	
7.922214E-03	2.601534E+00	-3.224431E+00	-3.479055E-02	
7.927770E-03	2.682071E+00	-3.246066E+00	-1.401877E-02	
7.933325E-03	2.748104E+00	-3.304228E+00	-3.878159E-02	
7.938881E-03	2.835037E+00	-3.330174E+00	-1.418719E-02	
7.944436E-03	2.873565E+00	-3.350727E+00	-2.956272E-02	
7.949992E-03	2.844728E+00	-3.313151E+00	-3.926180E-02	
7.955548E-03	2.824446E+00	-3.291777E+00	-3.906284E-02	
7.961103E-03	2.767530E+00	-3.232572E+00	-3.871480E-02	
7.966659E-03	2.747201E+00	-3.211612E+00	-3.862294E-02	
7.972214E-03	2.732072E+00	-3.198128E+00	-1.958901E-02	
7.977770E-03	2.788038E+00	-3.221739E+00	-1.047768E-02	
7.983325E-03	2.849351E+00	-3.278898E+00	-3.553495E-02	
7.988881E-03	2.933693E+00	-3.308929E+00	-1.063151E-02	
7.994436E-03	2.998165E+00	-3.368032E+00	-3.533804E-02	
7.999992E-03	3.079379E+00	-3.394811E+00	-1.308715E-02	
8.005548E-03	3.108934E+00	-3.405699E+00	-2.217172E-02	
8.011103E-03	3.072800E+00	-3.371865E+00	-3.780246E-02	
8.016659E-03	3.051374E+00	-3.350569E+00	-3.767016E-02	
8.022214E-03	3.003279E+00	-3.291733E+00	-3.142004E-02	
8.027770E-03	2.970105E+00	-3.270852E+00	-3.720722E-02	
8.033325E-03	2.932341E+00	-3.226917E+00	-2.052933E-02	
8.038881E-03	2.886856E+00	-3.190390E+00	-3.757628E-02	
8.044436E-03	2.851311E+00	-3.147445E+00	-2.174838E-02	
8.049992E-03	2.814619E+00	-3.117016E+00	-3.347673E-02	
8.055548E-03	2.803639E+00	-3.109476E+00	-2.423953E-02	
8.061103E-03	2.885015E+00	-3.151257E+00	-8.345756E-03	
8.066659E-03	2.922083E+00	-3.175403E+00	-8.165217E-03	
8.072214E-03	2.989572E+00	-3.243267E+00	-2.507010E-02	
8.077770E-03	3.060404E+00	-3.267581E+00	-7.545363E-03	
8.083325E-03	3.096829E+00	-3.292661E+00	-2.727027E-02	
8.088881E-03	3.066562E+00	-3.257281E+00	-3.619133E-02	
8.094436E-03	3.025964E+00	-3.211466E+00	-1.994271E-02	
8.099992E-03	2.982507E+00	-3.175297E+00	-3.639007E-02	
8.105547E-03	2.961495E+00	-3.154348E+00	-3.625149E-02	
8.111103E-03	2.950414E+00	-3.135851E+00	-6.710040E-03	
8.116659E-03	2.986313E+00	-3.160665E+00	-6.338309E-03	
8.122214E-03	3.053901E+00	-3.230756E+00	-2.121291E-02	
8.127770E-03	3.121514E+00	-3.256075E+00	-4.695701E-03	
8.133325E-03	3.180570E+00	-3.315322E+00	-2.776078E-02	
8.138881E-03	3.252749E+00	-3.351596E+00	-5.122797E-03	
8.144436E-03	3.281818E+00	-3.369836E+00	-2.139405E-02	
8.149992E-03	3.241649E+00	-3.332829E+00	-3.466949E-02	
8.155547E-03	3.219252E+00	-3.311456E+00	-3.468014E-02	
8.161103E-03	3.156366E+00	-3.251936E+00	-3.466524E-02	
8.166659E-03	3.133802E+00	-3.230668E+00	-3.461699E-02	
8.172214E-03	3.084399E+00	-3.171564E+00	-2.762527E-02	
8.177770E-03	3.048087E+00	-3.150588E+00	-3.447473E-02	
8.183325E-03	3.008912E+00	-3.106139E+00	-1.773364E-02	
8.188881E-03	2.954036E+00	-3.021793E+00	-5.643148E-02	
8.194436E-03	3.031069E+00	-3.046955E+00	-3.320525E-02	
8.199992E-03	3.116907E+00	-3.086720E+00	-1.442939E-03	
8.205547E-03	3.148031E+00	-3.111691E+00	-1.213389E-03	
8.211103E-03	3.239797E+00	-3.184104E+00	-1.521872E-04	
8.216658E-03	3.272838E+00	-3.210542E+00	1.040804E-04	
8.222214E-03	3.300434E+00	-3.229865E+00	-3.270408E-02	
8.227770E-03	3.278864E+00	-3.208157E+00	-3.137485E-02	
8.233325E-03	3.236959E+00	-3.161450E+00	-1.356995E-02	
8.238881E-03	3.187022E+00	-3.126350E+00	-3.123407E-02	
8.244436E-03	3.145208E+00	-3.080047E+00	-1.355004E-02	
8.249992E-03	3.133175E+00	-3.081261E+00	4.802515E-04	
8.255547E-03	3.163784E+00	-3.107501E+00	4.328282E-04	
8.261103E-03	3.247801E+00	-3.179644E+00	9.675032E-04	
8.266658E-03	3.279719E+00	-3.206528E+00	1.235554E-03	
8.272214E-03	3.320602E+00	-3.246459E+00	-3.519088E-02	
8.277769E-03	3.350629E+00	-3.227760E+00	-5.274957E-02	
8.283325E-03	3.400079E+00	-3.220874E+00	-3.137948E-02	
8.288881E-03	3.386416E+00	-3.185922E+00	-3.046587E-02	
8.294436E-03	3.343167E+00	-3.138675E+00	-1.230280E-02	
8.299992E-03	3.291034E+00	-3.104273E+00	-3.035048E-02	
8.305547E-03	3.265994E+00	-3.082997E+00	-3.031760E-02	
8.311103E-03	3.194863E+00	-3.022710E+00	-3.102613E-02	
8.316658E-03	3.168536E+00	-3.000395E+00	-3.110413E-02	
8.322214E-03	3.101563E+00	-2.917802E+00	-3.944827E-02	
8.327769E-03	3.054320E+00	-2.867562E+00	-6.188781E-02	
8.333325E-03	3.120392E+00	-2.884977E+00	-3.225164E-02	
8.338881E-03	3.211532E+00	-2.933962E+00	4.815235E-03	
8.344436E-03	3.267207E+00	-2.997416E+00	-1.852732E-02	
8.349992E-03	3.333412E+00	-3.049020E+00	6.143558E-03	
8.355547E-03	3.365752E+00	-3.080115E+00	6.471408E-03	
8.361103E-03	3.402460E+00	-3.115223E+00	-2.874308E-02	
8.366658E-03	3.377255E+00	-3.094167E+00	-2.882714E-02	
8.372214E-03	3.324299E+00	-3.034248E+00	-1.997433E-02	
8.377769E-03	3.282943E+00	-3.013549E+00	-2.858122E-02	
8.383325E-03	3.242295E+00	-2.969050E+00	-1.116481E-02	
8.388881E-03	3.228010E+00	-2.974585E+00	2.504573E-03	
8.394436E-03	3.280143E+00	-3.034378E+00	-1.697803E-02	
8.399992E-03	3.346087E+00	-3.090085E+00	8.384075E-03	
8.405547E-03	3.378449E+00	-3.122942E+00	8.782683E-03	
8.411103E-03	3.447942E+00	-3.186407E+00	-1.147464E-02	
8.416658E-03	3.444893E+00	-3.170048E+00	-4.671366E-02	
8.422214E-03	3.448927E+00	-3.103824E+00	-8.329326E-02	
8.427769E-03	3.573097E+00	-3.096624E+00	-2.334232E-02	
8.433325E-03	3.534721E+00	-3.056778E+00	-9.773414E-03	
8.438880E-03	3.483737E+00	-3.024670E+00	-2.719364E-02	
8.444436E-03	3.442320E+00	-2.980356E+00	-9.902142E-03	
8.449992E-03	3.391965E+00	-2.949407E+00	-2.692208E-02	
8.455547E-03	3.367948E+00	-2.929929E+00	-2.688496E-02	
8.461103E-03	3.288413E+00	-2.858190E+00	-3.930337E-02	
8.466658E-03	3.243461E+00	-2.809233E+00	-6.034776E-02	
8.472214E-03	3.244339E+00	-2.740048E+00	-7.086355E-02	
8.477769E-03	3.383843E+00	-2.753550E+00	4.678999E-03	
8.483325E-03	3.430766E+00	-2.811150E+00	-1.395597E-02	
8.488880E-03	3.492476E+00	-2.868464E+00	1.039585E-02	
8.494436E-03	3.547926E+00	-2.936165E+00	-1.354384E-02	
8.499992E-03	3.568201E+00	-2.950543E+00	-2.572594E-02	
8.505547E-03	3.543725E+00	-2.930798E+00	-2.560221E-02	
8.511103E-03	3.475222E+00	-2.876317E+00	-2.530314E-02	
8.516658E-03	3.450930E+00	-2.857182E+00	-2.512831E-02	
8.522214E-03	3.414241E+00	-2.820573E+00	-3.525868E-03	
8.527769E-03	3.388257E+00	-2.822154E+00	2.775142E-03	
8.533325E-03	3.433964E+00	-2.878411E+00	-1.151733E-02	
8.538880E-03	3.492685E+00	-2.940114E+00	1.252425E-02	
8.544436E-03	3.549206E+00	-3.010299E+00	-1.202022E-02	
8.549991E-03	3.597714E+00	-3.052835E+00	-7.530476E-04	
8.555547E-03	3.592331E+00	-3.036317E+00	-3.750522E-02	
8.561103E-03	3.670976E+00	-2.965778E+00	-4.058798E-02	
8.566658E-03	3.714183E+00	-2.958213E+00	-1.907246E-02	
8.572214E-03	3.669452E+00	-2.911380E+00	-1.357014E-02	
8.577769E-03	3.623268E+00	-2.892302E+00	-2.396092E-02	
8.583325E-03	3.581309E+00	-2.849496E+00	-6.932535E-03	
8.588880E-03	3.529057E+00	-2.822472E+00	-2.369959E-02	
8.594436E-03	3.485961E+00	-2.779364E+00	-7.592549E-03	
8.599991E-03	3.427476E+00	-2.739045E+00	-3.271221E-02	
8.605547E-03	3.383075E+00	-2.691099E+00	-5.354389E-02	
8.611102E-03	3.447828E+00	-2.610684E+00	-3.028900E-02	
8.616658E-03	3.505248E+00	-2.625265E+00	5.773116E-03	
8.622214E-03	3.572302E+00	-2.713079E+00	1.150085E-02	
8.627769E-03	3.610912E+00	-2.749390E+00	1.601858E-02	
8.633325E-03	3.666347E+00	-2.821793E+00	-8.544030E-03	
8.638880E-03	3.688425E+00	-2.846262E+00	-1.718514E-02	
8.644436E-03	3.650597E+00	-2.810361E+00	-4.187352E-03	
8.649991E-03	3.595346E+00	-2.782449E+00	-2.233434E-02	
8.655547E-03	3.570971E+00	-2.763986E+00	-2.227783E-02	
8.661102E-03	3.502825E+00	-2.712778E+00	-2.211018E-02	
8.666658E-03	3.478558E+00	-2.694662E+00	-2.202154E-02	
8.672214E-03	3.482008E+00	-2.715889E+00	2.067183E-02	
8.677769E-03	3.506057E+00	-2.753706E+00	1.802456E-02	
8.683325E-03	3.561948E+00	-2.828321E+00	-7.145945E-03	
8.688880E-03	3.562784E+00	-2.794007E+00	-4.776741E-02	
8.694436E-03	3.581077E+00	-2.755995E+00	-4.719650E-02	
8.699991E-03	3.644708E+00	-2.668999E+00	-4.203684E-02	
8.705547E-03	3.682664E+00	-2.660668E+00	-2.115957E-02	
8.711102E-03	3.628327E+00	-2.617296E+00	-2.128202E-02	
8.716658E-03	3.603073E+00	-2.599041E+00	-2.120786E-02	
8.722214E-03	3.554919E+00	-2.548471E+00	-9.765710E-03	
8.727769E-03	3.507312E+00	-2.530498E+00	-2.085970E-02	
8.733325E-03	3.465220E+00	-2.488667E+00	-3.834174E-03	
8.738880E-03	3.393141E+00	-2.404953E+00	-5.066369E-02	
8.744436E-03	3.405200E+00	-2.360795E+00	-4.455369E-02	
8.749991E-03	3.472108E+00	-2.287366E+00	-3.251739E-02	
8.755547E-03	3.524671E+00	-2.302953E+00	3.679443E-03	
8.761102E-03	3.598438E+00	-2.391274E+00	2.138593E-02	
8.766658E-03	3.628139E+00	-2.430420E+00	2.167595E-02	
8.772213E-03	3.694753E+00	-2.522229E+00	7.449430E-03	
8.777769E-03	3.707394E+00	-2.538385E+00	-9.366152E-03	
8.783325E-03	3.672574E+00	-2.508518E+00	-1.026374E-03	
8.788880E-03	3.616021E+00	-2.483037E+00	-1.852833E-02	
8.794436E-03	3.571988E+00	-2.440237E+00	-8.059566E-04	
8.799991E-03	3.515847E+00	-2.415425E+00	-1.811522E-02	
8.805547E-03	3.489644E+00	-2.397911E+00	-1.800214E-02	
8.811102E-03	3.472395E+00	-2.414097E+00	2.384238E-02	
8.816658E-03	3.499732E+00	-2.454460E+00	2.396349E-02	
8.822213E-03	3.552766E+00	-2.528761E+00	-5.492388E-03	
8.827769E-03	3.553804E+00	-2.517312E+00	-3.952052E-02	
8.833325E-03	3.570645E+00	-2.483255E+00	-4.097072E-02	
8.838880E-03	3.621729E+00	-2.394646E+00	-4.114781E-02	
8.844436E-03	3.646094E+00	-2.372135E+00	-1.044619E-02	
8.849991E-03	3.610720E+00	-2.348079E+00	-1.711672E-02	
8.855547E-03	3.584291E+00	-2.330844E+00	-1.705855E-02	
8.861102E-03	3.510974E+00	-2.283053E+00	-1.693035E-02	
8.866658E-03	3.484658E+00	-2.265777E+00	-1.725986E-02	
8.872213E-03	3.419701E+00	-2.194109E+00	-2.070438E-02	
8.877769E-03	3.360995E+00	-2.149105E+00	-4.741527E-02	
8.883324E-03	3.368975E+00	-2.103372E+00	-3.978405E-02	
8.888880E-03	3.416369E+00	-2.012090E+00	-4.340704E-02	
8.894436E-03	3.427930E+00	-1.972184E+00	-3.909869E-02	
8.899991E-03	3.534352E+00	-1.999854E+00	2.836256E-02	
8.905547E-03	3.566039E+00	-2.044807E+00	2.900841E-02	
8.911102E-03	3.644041E+00	-2.157056E+00	1.929370E-02	
8.916658E-03	3.657470E+00	-2.177095E+00	8.755416E-04	
8.922213E-03	3.625160E+00	-2.152305E+00	-1.636625E-03	
8.927769E-03	3.571462E+00	-2.135169E+00	-1.510934E-02	
8.933324E-03	3.529096E+00	-2.094853E+00	1.794343E-03	
8.938880E-03	3.475039E+00	-2.073123E+00	-1.450289E-02	
8.944436E-03	3.434094E+00	-2.034669E+00	1.813988E-03	
8.949991E-03	3.431285E+00	-2.074334E+00	3.224073E-02	
8.955547E-03	3.464302E+00	-2.122643E+00	3.313078E-02	
8.961102E-03	3.535418E+00	-2.227546E+00	1.092484E-02	
8.966658E-03	3.529728E+00	-2.221367E+00	-2.889087E-02	
8.972213E-03	3.512556E+00	-2.143107E+00	-7.483821E-02	
8.977769E-03	3.595022E+00	-2.109185E+00	-4.053034E-02	
8.983324E-03	3.619511E+00	-2.090505E+00	-1.259044E-02	
8.988880E-03	3.595718E+00	-2.070031E+00	-1.343325E-02	
8.994435E-03	3.554448E+00	-2.032094E+00	2.688409E-03	
8.999991E-03	3.501140E+00	-2.013424E+00	-1.285013E-02	
9.005547E-03	3.476773E+00	-1.999152E+00	-1.264478E-02	
9.011102E-03	3.398096E+00	-1.944285E+00	-2.365372E-02	
9.016658E-03	3.355283E+00	-1.903822E+00	-4.265986E-02	
9.022213E-03	3.325638E+00	-1.810327E+00	-7.110208E-02	
9.027769E-03	3.404993E+00	-1.778943E+00	-3.828951E-02	
9.033324E-03	3.415418E+00	-1.742741E+00	-3.406892E-02	
9.038880E-03	3.517082E+00	-1.766729E+00	2.944813E-02	
9.044435E-03	3.576115E+00	-1.852140E+00	3.766111E-03	
9.049991E-03	3.631413E+00	-1.935924E+00	2.738917E-02	
9.055546E-03	3.646055E+00	-1.958537E+00	8.407371E-03	
9.061102E-03	3.600273E+00	-1.949097E+00	-1.052421E-02	
9.066658E-03	3.575710E+00	-1.935573E+00	-1.043625E-02	
9.072213E-03	3.534302E+00	-1.898312E+00	3.382600E-03	
9.077769E-03	3.482888E+00	-1.885173E+00	-1.007790E-02	
9.083324E-03	3.443726E+00	-1.851048E+00	5.005444E-03	
9.088880E-03	3.435380E+00	-1.892092E+00	3.193356E-02	
9.094435E-03	3.493525E+00	-1.979175E+00	5.358323E-03	
9.099991E-03	3.541822E+00	-2.055873E+00	2.207113E-02	
9.105546E-03	3.537010E+00	-2.051917E+00	-1.714742E-02	
9.111102E-03	3.583386E+00	-1.986321E+00	-3.612483E-02	
9.116658E-03	3.597602E+00	-1.955619E+00	-3.579488E-02	
9.122213E-03	3.619618E+00	-1.936202E+00	-1.554064E-02	
9.127769E-03	3.608085E+00	-1.923537E+00	-8.998889E-03	
9.133324E-03	3.568808E+00	-1.889936E+00	6.037378E-03	
9.138880E-03	3.516081E+00	-1.876605E+00	-8.550921E-03	
9.144435E-03	3.477575E+00	-1.844008E+00	6.476862E-03	
9.149991E-03	3.416088E+00	-1.818739E+00	-1.688013E-02	
9.155546E-03	3.373921E+00	-1.779435E+00	-3.547182E-02	
9.161102E-03	3.397918E+00	-1.688000E+00	-3.440303E-02	
9.166658E-03	3.411940E+00	-1.658379E+00	-3.404542E-02	
9.172213E-03	3.513916E+00	-1.620908E+00	1.410067E-02	
9.177769E-03	3.592638E+00	-1.647356E+00	6.642035E-02	
9.183324E-03	3.652355E+00	-1.739761E+00	3.965714E-02	
9.188880E-03	3.681658E+00	-1.790111E+00	3.371424E-02	
9.194435E-03	3.635489E+00	-1.765182E+00	3.697682E-02	
9.199991E-03	3.598330E+00	-1.753760E+00	3.076185E-02	
9.205546E-03	3.560037E+00	-1.741372E+00	2.360630E-02	
9.211102E-03	3.508361E+00	-1.707094E+00	3.131723E-02	
9.216657E-03	3.472951E+00	-1.695092E+00	2.551052E-02	
9.222213E-03	3.440107E+00	-1.686570E+00	5.085923E-02	
9.227769E-03	3.426127E+00	-1.705467E+00	6.638852E-02	
9.233324E-03	3.484821E+00	-1.797770E+00	4.094906E-02	
9.238880E-03	3.479169E+00	-1.799170E+00	-1.094325E-03	
9.244435E-03	3.517798E+00	-1.773008E+00	1.013792E-02	
9.249991E-03	3.524011E+00	-1.700368E+00	-8.967023E-03	
9.255546E-03	3.561084E+00	-1.673270E+00	3.104949E-03	
9.261102E-03	3.573587E+00	-1.611652E+00	-3.377303E-03	
9.266657E-03	3.629212E+00	-1.609736E+00	2.641576E-02	
9.272213E-03	3.583914E+00	-1.584008E+00	3.169355E-02	
9.277769E-03	3.544091E+00	-1.572867E+00	2.393470E-02	
9.283324E-03	3.494806E+00	-1.541557E+00	3.298331E-02	
9.288880E-03	3.452122E+00	-1.526560E+00	2.226342E-02	
9.294435E-03	3.391122E+00	-1.478614E+00	8.734141E-03	
9.299991E-03	3.399150E+00	-1.409931E+00	-8.611224E-03	
9.305546E-03	3.431065E+00	-1.384239E+00	1.001394E-03	
9.311102E-03	3.462421E+00	-1.346382E+00	1.130395E-02	
9.316657E-03	3.531199E+00	-1.376245E+00	5.971129E-02	
9.322213E-03	3.617809E+00	-1.505790E+00	5.976620E-02	
9.327768E-03	3.632723E+00	-1.536628E+00	3.557746E-02	
9.333324E-03	3.593330E+00	-1.521809E+00	3.271607E-02	
9.338880E-03	3.552781E+00	-1.512873E+00	2.547504E-02	
9.344435E-03	3.501950E+00	-1.482023E+00	3.422436E-02	
9.349991E-03	3.461817E+00	-1.473739E+00	2.729692E-02	
9.355546E-03	3.425652E+00	-1.463721E+00	2.153821E-02	
9.361102E-03	3.386096E+00	-1.456302E+00	4.304207E-02	
9.366657E-03	3.373831E+00	-1.480089E+00	6.082495E-02	
9.372213E-03	3.442860E+00	-1.591282E+00	4.843684E-02	
9.377768E-03	3.441968E+00	-1.599261E+00	6.478495E-03	
9.383324E-03	3.478974E+00	-1.583785E+00	8.718087E-03	
9.388879E-03	3.488339E+00	-1.517598E+00	-7.149847E-03	
9.394435E-03	3.515923E+00	-1.489902E+00	3.990935E-03	
9.399991E-03	3.533536E+00	-1.435808E+00	-4.117552E-03	
9.405546E-03	3.581358E+00	-1.436371E+00	2.166621E-02	
9.411102E-03	3.533980E+00	-1.418418E+00	2.454663E-02	
9.416657E-03	3.496984E+00	-1.409335E+00	1.853385E-02	
9.422213E-03	3.448125E+00	-1.383374E+00	2.871654E-02	
9.427768E-03	3.402711E+00	-1.372862E+00	1.892769E-02	
9.433324E-03	3.340851E+00	-1.325896E+00	6.779111E-03	
9.438879E-03	3.348510E+00	-1.264068E+00	-9.684498E-03	
9.444435E-03	3.380175E+00	-1.241509E+00	2.474339E-04	
9.449991E-03	3.396194E+00	-1.184725E+00	-1.148163E-02	
9.455546E-03	3.430452E+00	-1.166000E+00	-1.712648E-03	
9.461102E-03	3.529665E+00	-1.232659E+00	5.786986E-02	
9.466657E-03	3.550733E+00	-1.268518E+00	3.448525E-02	
9.472213E-03	3.524887E+00	-1.275072E+00	2.686089E-02	
9.477768E-03	3.483986E+00	-1.268355E+00	1.791768E-02	
9.483324E-03	3.434500E+00	-1.242758E+00	2.366773E-02	
9.488879E-03	3.397812E+00	-1.239702E+00	1.830599E-02	
9.494435E-03	3.351314E+00	-1.214984E+00	2.490798E-02	
9.499991E-03	3.315916E+00	-1.212918E+00	2.006560E-02	
9.505546E-03	3.282769E+00	-1.206398E+00	1.443803E-02	
9.511102E-03	3.276312E+00	-1.242147E+00	4.851898E-02	
9.516657E-03	3.283886E+00	-1.257158E+00	1.002597E-02	
9.522213E-03	3.312127E+00	-1.231437E+00	-1.960076E-02	
9.527768E-03	3.356126E+00	-1.215986E+00	-6.227388E-03	
9.533324E-03	3.395022E+00	-1.205246E+00	-1.543575E-04	
9.538879E-03	3.418851E+00	-1.161569E+00	-7.274077E-03	
9.544435E-03	3.465539E+00	-1.161069E+00	2.066332E-02	
9.549990E-03	3.433044E+00	-1.160001E+00	1.748429E-02	
9.555546E-03	3.399359E+00	-1.153809E+00	1.173315E-02	
9.561102E-03	3.353204E+00	-1.137330E+00	1.936762E-02	
9.566657E-03	3.320027E+00	-1.131705E+00	1.359265E-02	
9.572213E-03	3.245769E+00	-1.068032E+00	-1.721665E-02	
9.577768E-03	3.283172E+00	-1.053732E+00	-7.074181E-03	
9.583324E-03	3.321834E+00	-1.044750E+00	-1.550768E-03	
9.588879E-03	3.344934E+00	-1.002677E+00	-8.948769E-03	
9.594435E-03	3.382333E+00	-9.937827E-01	-5.079243E-03	
9.599990E-03	3.473926E+00	-1.051531E+00	5.767404E-02	
9.605546E-03	3.499163E+00	-1.089445E+00	3.504448E-02	
9.611102E-03	3.477969E+00	-1.108718E+00	1.837896E-02	
9.616657E-03	3.444212E+00	-1.103460E+00	1.244329E-02	
9.622213E-03	3.404601E+00	-1.089717E+00	2.286096E-02	
9.627768E-03	3.366304E+00	-1.085094E+00	1.430709E-02	
9.633324E-03	3.322665E+00	-1.065372E+00	1.918236E-02	
9.638879E-03	3.290109E+00	-1.068767E+00	1.598269E-02	
9.644435E-03	3.247745E+00	-1.050647E+00	2.080799E-02	
9.649990E-03	3.187447E+00	-1.009486E+00	-1.274029E-02	
9.655546E-03	3.221983E+00	-9.962688E-01	-4.226349E-03	
9.661101E-03	3.248694E+00	-9.606452E-01	-1.555509E-02	
9.666657E-03	3.284399E+00	-9.485580E-01	-6.819775E-03	
9.672213E-03	3.306025E+00	-9.163276E-01	-2.185333E-02	
9.677768E-03	3.350330E+00	-9.052475E-01	-9.115823E-03	
9.683324E-03	3.400572E+00	-9.140345E-01	1.333764E-02	
9.688879E-03	3.372440E+00	-9.192589E-01	1.271768E-02	
9.694435E-03	3.329138E+00	-9.014735E-01	1.683773E-02	
9.699990E-03	3.297318E+00	-9.077049E-01	1.450148E-02	
9.705546E-03	3.263024E+00	-9.037121E-01	6.973398E-03	
9.711101E-03	3.195586E+00	-8.491007E-01	-1.669358E-02	
9.716657E-03	3.232636E+00	-8.387688E-01	-7.737606E-03	
9.722212E-03	3.257547E+00	-8.118466E-01	-2.250435E-02	
9.727768E-03	3.302849E+00	-8.027927E-01	-9.819167E-03	
9.733324E-03	3.346634E+00	-8.032427E-01	-7.596947E-03	
9.738879E-03	3.398445E+00	-8.085201E-01	1.279158E-02	
9.744435E-03	3.356573E+00	-7.938519E-01	1.506587E-02	
9.749990E-03	3.324369E+00	-8.012072E-01	1.293060E-02	
9.755546E-03	3.291225E+00	-7.992085E-01	6.930464E-03	
9.761101E-03	3.246778E+00	-7.902972E-01	1.281347E-02	
9.766657E-03	3.213313E+00	-7.863491E-01	6.745073E-03	
9.772212E-03	3.175275E+00	-7.760055E-01	1.737961E-02	
9.777768E-03	3.136695E+00	-7.725760E-01	8.539678E-03	
9.783324E-03	3.093762E+00	-7.548094E-01	1.278901E-02	
9.788879E-03	3.039800E+00	-7.254583E-01	-1.331663E-02	
9.794435E-03	3.081036E+00	-7.261558E-01	-1.082160E-02	
9.799990E-03	3.110824E+00	-6.992826E-01	-1.367060E-02	
9.805546E-03	3.148222E+00	-6.938007E-01	-5.558400E-03	
9.811101E-03	3.187087E+00	-6.801315E-01	-1.674143E-02	
9.816657E-03	3.223835E+00	-6.750602E-01	-9.504187E-03	
9.822212E-03	3.283859E+00	-6.992865E-01	1.122564E-02	
9.827768E-03	3.250534E+00	-6.967237E-01	4.994440E-03	
9.833324E-03	3.206881E+00	-6.799845E-01	8.797528E-03	
9.838879E-03	3.175086E+00	-6.878280E-01	6.841465E-03	
9.844435E-03	3.132184E+00	-6.717851E-01	1.047001E-02	
9.849990E-03	3.079876E+00	-6.441992E-01	-1.456678E-02	
9.855546E-03	3.118861E+00	-6.409014E-01	-6.314251E-03	
9.861101E-03	3.162045E+00	-6.335034E-01	-1.685137E-02	
9.866657E-03	3.201615E+00	-6.315865E-01	-8.851102E-03	
9.872212E-03	3.218687E+00	-5.994337E-01	-4.190464E-02	
9.877768E-03	3.243993E+00	-5.662820E-01	-5.179903E-02	
9.883323E-03	3.203716E+00	-5.023919E-01	4.857875E-03	
9.888879E-03	3.173975E+00	-5.123819E-01	4.708902E-03	
9.894435E-03	3.129970E+00	-4.972004E-01	7.966422E-03	
9.899990E-03	3.098189E+00	-5.078520E-01	6.691622E-03	
9.905546E-03	3.064188E+00	-5.069089E-01	5.371709E-05	
9.911101E-03	3.023498E+00	-5.046786E-01	8.488904E-03	
9.916657E-03	2.990013E+00	-5.040098E-01	1.915685E-03	
9.922212E-03	2.930527E+00	-4.663940E-01	-1.217730E-02	
9.927768E-03	2.857225E+00	-4.195363E-01	-5.457912E-02	
9.933323E-03	2.808203E+00	-3.448414E-01	-1.256951E-02	
9.938879E-03	2.840555E+00	-3.283227E-01	-1.354142E-02	
9.944435E-03	2.890214E+00	-3.430764E-01	-1.650160E-02	
9.949990E-03	2.926521E+00	-3.283689E-01	-1.574611E-02	
9.955546E-03	2.967403E+00	-3.293864E-01	-7.750957E-03	
9.961101E-03	3.035609E+00	-3.668350E-01	6.365566E-03	
9.966657E-03	3.001340E+00	-3.669062E-01	-5.815447E-04	
9.972212E-03	2.968132E+00	-3.677778E-01	1.120314E-02	
9.977768E-03	2.928933E+00	-3.685455E-01	1.715736E-03	
9.983323E-03	2.883744E+00	-3.544467E-01	2.911949E-03	
9.988879E-03	2.835734E+00	-3.359136E-01	-1.725975E-02	
9.994434E-03	2.889793E+00	-3.528387E-01	-1.957510E-02	
