0.000000E+00	8.605958E-06	
0.000000E+00	6.801509E-03	
0.000000E+00	8.665508E-06	
0.000000E+00	7.074336E-03	
0.000000E+00	1.425959E-02	
0.000000E+00	1.727149E-02	
0.000000E+00	1.867745E-02	
0.000000E+00	2.049526E-02	
0.000000E+00	2.049597E-02	
0.000000E+00	2.108978E-02	
0.000000E+00	1.521080E-02	
0.000000E+00	2.049657E-02	
0.000000E+00	2.176551E-02	
0.000000E+00	2.338674E-02	
0.000000E+00	2.049749E-02	
0.000000E+00	2.481517E-02	
0.000000E+00	2.049687E-02	
0.000000E+00	2.500837E-02	
0.000000E+00	8.689414E-06	
0.000000E+00	7.179104E-03	
0.000000E+00	1.982633E-02	
0.000000E+00	2.353797E-02	
0.000000E+00	1.566911E-02	
0.000000E+00	2.471995E-02	
0.000000E+00	2.060686E-02	
0.000000E+00	2.765822E-02	
0.000000E+00	2.888814E-02	
0.000000E+00	2.990250E-02	
0.000000E+00	2.597661E-02	
0.000000E+00	2.998528E-02	
0.000000E+00	2.663233E-02	
0.000000E+00	2.826095E-02	
0.000000E+00	3.157733E-02	
0.000000E+00	2.491215E-02	
0.000000E+00	2.662486E-02	
0.000000E+00	2.500637E-02	
0.000000E+00	2.338638E-02	
0.000000E+00	2.339336E-02	
0.000000E+00	2.823837E-02	
0.000000E+00	2.677638E-02	
0.000000E+00	2.899784E-02	
0.000000E+00	2.983681E-02	
0.000000E+00	3.138698E-02	
0.000000E+00	2.176602E-02	
0.000000E+00	2.194146E-02	
0.000000E+00	2.086752E-02	
0.000000E+00	3.077164E-02	
0.000000E+00	3.358380E-02	
0.000000E+00	3.085628E-02	
0.000000E+00	2.628398E-02	
0.000000E+00	3.332961E-02	
0.000000E+00	3.520601E-02	
0.000000E+00	3.520859E-02	
0.000000E+00	3.477589E-02	
0.000000E+00	3.072813E-02	
0.000000E+00	3.409958E-02	
0.000000E+00	3.452418E-02	
0.000000E+00	3.262704E-02	
0.000000E+00	3.521129E-02	
0.000000E+00	3.235717E-02	
0.000000E+00	3.306376E-02	
0.000000E+00	3.275264E-02	
0.000000E+00	3.255386E-02	
0.000000E+00	3.224989E-02	
0.000000E+00	3.355711E-02	
0.000000E+00	3.414025E-02	
0.000000E+00	3.522724E-02	
0.000000E+00	3.504870E-02	
0.000000E+00	3.377445E-02	
0.000000E+00	3.462925E-02	
0.000000E+00	3.214088E-02	
0.000000E+00	3.088927E-02	
0.000000E+00	3.116676E-02	
0.000000E+00	2.900302E-02	
0.000000E+00	2.928297E-02	
0.000000E+00	3.347035E-02	
0.000000E+00	3.038463E-02	
0.000000E+00	3.377705E-02	
0.000000E+00	2.924063E-02	
0.000000E+00	2.981416E-02	
0.000000E+00	3.265749E-02	
0.000000E+00	2.883946E-02	
0.000000E+00	3.373449E-02	
0.000000E+00	3.008034E-02	
0.000000E+00	3.364263E-02	
0.000000E+00	3.266966E-02	
0.000000E+00	2.855485E-02	
0.000000E+00	2.804868E-02	
0.000000E+00	2.786256E-02	
0.000000E+00	2.829968E-02	
0.000000E+00	2.823402E-02	
0.000000E+00	2.925576E-02	
0.000000E+00	2.804417E-02	
0.000000E+00	2.737510E-02	
0.000000E+00	2.795196E-02	
0.000000E+00	2.742014E-02	
0.000000E+00	2.751546E-02	
0.000000E+00	2.736299E-02	
0.000000E+00	2.767936E-02	
0.000000E+00	2.754484E-02	
0.000000E+00	2.261531E-02	
0.000000E+00	2.295341E-02	
0.000000E+00	2.220228E-02	
0.000000E+00	2.280242E-02	
0.000000E+00	2.296676E-02	
0.000000E+00	2.323115E-02	
0.000000E+00	2.469845E-02	
0.000000E+00	2.411851E-02	
0.000000E+00	2.525671E-02	
0.000000E+00	2.364269E-02	
0.000000E+00	2.328401E-02	
0.000000E+00	2.314204E-02	
0.000000E+00	2.350112E-02	
0.000000E+00	2.398188E-02	
0.000000E+00	2.373977E-02	
0.000000E+00	2.422443E-02	
0.000000E+00	2.446711E-02	
0.000000E+00	2.249124E-02	
0.000000E+00	2.593388E-02	
0.000000E+00	2.495220E-02	
0.000000E+00	2.642242E-02	
0.000000E+00	2.519474E-02	
0.000000E+00	2.543704E-02	
0.000000E+00	2.470965E-02	
0.000000E+00	2.567917E-02	
0.000000E+00	2.592111E-02	
0.000000E+00	2.693603E-02	
0.000000E+00	2.267807E-02	
0.000000E+00	2.289073E-02	
0.000000E+00	2.304532E-02	
0.000000E+00	2.228655E-02	
0.000000E+00	2.896838E-02	
0.000000E+00	2.871964E-02	
0.000000E+00	3.031346E-02	
0.000000E+00	2.909141E-02	
0.000000E+00	2.911437E-02	
0.000000E+00	2.896425E-02	
0.000000E+00	2.833450E-02	
0.000000E+00	2.793631E-02	
0.000000E+00	2.784474E-02	
0.000000E+00	2.735052E-02	
0.000000E+00	2.841847E-02	
0.000000E+00	2.860356E-02	
0.000000E+00	2.878747E-02	
0.000000E+00	2.640122E-02	
0.000000E+00	2.662393E-02	
0.000000E+00	2.616253E-02	
0.000000E+00	2.678933E-02	
0.000000E+00	2.693710E-02	
0.000000E+00	2.710528E-02	
0.000000E+00	2.760768E-02	
0.000000E+00	8.553768E-06	
0.000000E+00	6.484783E-03	
0.000000E+00	1.692051E-02	
0.000000E+00	2.049497E-02	
0.000000E+00	1.695348E-02	
0.000000E+00	1.282521E-02	
0.000000E+00	2.014435E-02	
0.000000E+00	2.049507E-02	
0.000000E+00	1.723935E-02	
0.000000E+00	2.049562E-02	
0.000000E+00	1.852254E-02	
0.000000E+00	6.336888E-03	
0.000000E+00	8.528263E-06	
0.000000E+00	1.532908E-02	
0.000000E+00	1.699412E-02	
0.000000E+00	1.209214E-02	
0.000000E+00	1.514400E-02	
0.000000E+00	1.403566E-02	
0.000000E+00	1.345555E-02	
0.000000E+00	1.468769E-02	
0.000000E+00	1.362874E-02	
0.000000E+00	1.358635E-02	
0.000000E+00	1.244543E-02	
0.000000E+00	1.689895E-02	
0.000000E+00	1.527051E-02	
0.000000E+00	1.195335E-02	
0.000000E+00	1.852573E-02	
0.000000E+00	1.690779E-02	
0.000000E+00	1.880314E-02	
0.000000E+00	2.042093E-02	
0.000000E+00	2.014564E-02	
0.000000E+00	1.509411E-02	
0.000000E+00	1.702104E-02	
0.000000E+00	1.529513E-02	
0.000000E+00	1.369947E-02	
0.000000E+00	1.215484E-02	
0.000000E+00	1.357140E-02	
0.000000E+00	1.172094E-02	
0.000000E+00	9.750139E-03	
0.000000E+00	1.143040E-02	
0.000000E+00	1.307067E-02	
0.000000E+00	1.020117E-02	
0.000000E+00	8.326528E-03	
0.000000E+00	8.733617E-03	
0.000000E+00	8.323870E-03	
0.000000E+00	1.134763E-02	
0.000000E+00	8.957458E-03	
0.000000E+00	9.306728E-03	
0.000000E+00	1.031502E-02	
0.000000E+00	8.321381E-03	
0.000000E+00	1.043597E-02	
0.000000E+00	1.008142E-02	
0.000000E+00	1.026557E-02	
0.000000E+00	1.060968E-02	
0.000000E+00	1.078968E-02	
0.000000E+00	9.335581E-03	
0.000000E+00	9.836065E-03	
0.000000E+00	8.308104E-03	
0.000000E+00	9.708605E-03	
0.000000E+00	8.493745E-03	
0.000000E+00	8.933488E-03	
0.000000E+00	1.127671E-02	
0.000000E+00	1.189711E-02	
0.000000E+00	1.200881E-02	
0.000000E+00	1.370001E-02	
0.000000E+00	1.367871E-02	
0.000000E+00	1.023560E-02	
0.000000E+00	1.320124E-02	
0.000000E+00	9.854109E-03	
0.000000E+00	1.406354E-02	
0.000000E+00	1.449176E-02	
0.000000E+00	1.104868E-02	
0.000000E+00	1.457376E-02	
0.000000E+00	1.351166E-02	
0.000000E+00	9.882818E-03	
0.000000E+00	9.996747E-03	
0.000000E+00	1.473211E-02	
0.000000E+00	1.079524E-02	
0.000000E+00	1.524103E-02	
0.000000E+00	1.527327E-02	
0.000000E+00	1.466729E-02	
0.000000E+00	1.529698E-02	
0.000000E+00	1.408797E-02	
0.000000E+00	1.457389E-02	
0.000000E+00	1.510632E-02	
0.000000E+00	1.462598E-02	
0.000000E+00	1.513999E-02	
0.000000E+00	1.517371E-02	
0.000000E+00	1.507270E-02	
0.000000E+00	1.520744E-02	
0.000000E+00	1.639595E-02	
0.000000E+00	2.174650E-02	
0.000000E+00	2.126081E-02	
0.000000E+00	2.166274E-02	
0.000000E+00	2.079681E-02	
0.000000E+00	2.124643E-02	
0.000000E+00	1.932404E-02	
0.000000E+00	1.982066E-02	
0.000000E+00	1.899049E-02	
0.000000E+00	2.028681E-02	
0.000000E+00	2.083026E-02	
0.000000E+00	2.062222E-02	
0.000000E+00	2.041430E-02	
0.000000E+00	2.000199E-02	
0.000000E+00	2.020679E-02	
0.000000E+00	1.981393E-02	
0.000000E+00	1.968331E-02	
0.000000E+00	2.207889E-02	
0.000000E+00	1.948289E-02	
0.000000E+00	1.855875E-02	
0.000000E+00	1.808324E-02	
0.000000E+00	1.936908E-02	
0.000000E+00	1.921724E-02	
0.000000E+00	1.958144E-02	
0.000000E+00	1.898481E-02	
0.000000E+00	1.862416E-02	
0.000000E+00	1.728676E-02	
0.000000E+00	2.187085E-02	
0.000000E+00	2.145456E-02	
0.000000E+00	2.103833E-02	
0.000000E+00	1.480005E-02	
0.000000E+00	1.470893E-02	
0.000000E+00	1.353547E-02	
0.000000E+00	1.473794E-02	
0.000000E+00	1.497603E-02	
0.000000E+00	1.481143E-02	
0.000000E+00	1.503436E-02	
0.000000E+00	1.528564E-02	
0.000000E+00	1.562557E-02	
0.000000E+00	1.591521E-02	
0.000000E+00	1.528801E-02	
0.000000E+00	1.523681E-02	
0.000000E+00	1.512855E-02	
0.000000E+00	1.743622E-02	
0.000000E+00	1.783136E-02	
0.000000E+00	1.822973E-02	
0.000000E+00	1.667020E-02	
0.000000E+00	1.705012E-02	
0.000000E+00	1.629593E-02	
0.000000E+00	1.559196E-02	
0.000000E+00	8.604377E-06	
0.000000E+00	6.794980E-03	
0.000000E+00	8.552732E-06	
0.000000E+00	6.478910E-03	
0.000000E+00	1.423391E-02	
0.000000E+00	1.723190E-02	
0.000000E+00	1.687127E-02	
0.000000E+00	2.043561E-02	
0.000000E+00	2.043531E-02	
0.000000E+00	1.688879E-02	
0.000000E+00	1.280288E-02	
0.000000E+00	2.043689E-02	
0.000000E+00	2.163983E-02	
0.000000E+00	1.999115E-02	
0.000000E+00	2.043594E-02	
0.000000E+00	1.709411E-02	
0.000000E+00	2.043539E-02	
0.000000E+00	1.834172E-02	
0.000000E+00	1.528029E-02	
0.000000E+00	1.689934E-02	
0.000000E+00	1.504606E-02	
0.000000E+00	1.400476E-02	
0.000000E+00	1.449620E-02	
0.000000E+00	1.325554E-02	
0.000000E+00	1.336657E-02	
0.000000E+00	1.351741E-02	
0.000000E+00	1.224732E-02	
0.000000E+00	1.669065E-02	
0.000000E+00	1.503487E-02	
0.000000E+00	1.166661E-02	
0.000000E+00	1.861729E-02	
0.000000E+00	1.669903E-02	
0.000000E+00	1.834476E-02	
0.000000E+00	1.999229E-02	
0.000000E+00	2.028881E-02	
0.000000E+00	1.505836E-02	
0.000000E+00	1.679712E-02	
0.000000E+00	1.484811E-02	
0.000000E+00	1.343396E-02	
0.000000E+00	1.185712E-02	
0.000000E+00	2.164024E-02	
0.000000E+00	2.185196E-02	
0.000000E+00	1.153919E-02	
0.000000E+00	9.447704E-03	
0.000000E+00	1.132600E-02	
0.000000E+00	9.894534E-03	
0.000000E+00	8.010864E-03	
0.000000E+00	8.008191E-03	
0.000000E+00	8.425811E-03	
0.000000E+00	9.041180E-03	
0.000000E+00	8.657397E-03	
0.000000E+00	1.018838E-02	
0.000000E+00	8.005617E-03	
0.000000E+00	9.947794E-03	
0.000000E+00	1.046253E-02	
0.000000E+00	9.559856E-03	
0.000000E+00	9.009498E-03	
0.000000E+00	7.987918E-03	
0.000000E+00	8.160492E-03	
0.000000E+00	9.359216E-03	
0.000000E+00	8.573824E-03	
0.000000E+00	1.090087E-02	
0.000000E+00	1.169976E-02	
0.000000E+00	1.345152E-02	
0.000000E+00	9.793318E-03	
0.000000E+00	1.273311E-02	
0.000000E+00	9.441237E-03	
0.000000E+00	1.400301E-02	
0.000000E+00	1.357681E-02	
0.000000E+00	1.061321E-02	
0.000000E+00	1.414288E-02	
0.000000E+00	9.471007E-03	
0.000000E+00	1.307717E-02	
0.000000E+00	9.580231E-03	
0.000000E+00	1.045404E-02	
0.000000E+00	1.437453E-02	
0.000000E+00	1.487155E-02	
0.000000E+00	1.490520E-02	
0.000000E+00	1.438841E-02	
0.000000E+00	1.483668E-02	
0.000000E+00	1.368726E-02	
0.000000E+00	1.448510E-02	
0.000000E+00	1.503912E-02	
0.000000E+00	1.500558E-02	
0.000000E+00	1.497208E-02	
0.000000E+00	1.493863E-02	
0.000000E+00	1.610760E-02	
0.000000E+00	2.168203E-02	
0.000000E+00	2.117434E-02	
0.000000E+00	2.216295E-02	
0.000000E+00	2.160125E-02	
0.000000E+00	2.116033E-02	
0.000000E+00	2.068573E-02	
0.000000E+00	1.913399E-02	
0.000000E+00	1.965954E-02	
0.000000E+00	1.880462E-02	
0.000000E+00	2.015125E-02	
0.000000E+00	2.049922E-02	
0.000000E+00	2.071962E-02	
0.000000E+00	2.027896E-02	
0.000000E+00	1.984221E-02	
0.000000E+00	2.005914E-02	
0.000000E+00	1.964306E-02	
0.000000E+00	1.950488E-02	
0.000000E+00	2.204217E-02	
0.000000E+00	1.835556E-02	
0.000000E+00	1.929349E-02	
0.000000E+00	1.785915E-02	
0.000000E+00	1.917381E-02	
0.000000E+00	1.901450E-02	
0.000000E+00	1.939731E-02	
0.000000E+00	1.877139E-02	
0.000000E+00	1.839394E-02	
0.000000E+00	1.702861E-02	
0.000000E+00	2.182177E-02	
0.000000E+00	2.138076E-02	
0.000000E+00	2.093995E-02	
0.000000E+00	2.226207E-02	
0.000000E+00	1.425732E-02	
0.000000E+00	1.436841E-02	
0.000000E+00	1.306469E-02	
0.000000E+00	1.426450E-02	
0.000000E+00	1.432269E-02	
0.000000E+00	1.447934E-02	
0.000000E+00	1.462112E-02	
0.000000E+00	1.489089E-02	
0.000000E+00	1.529795E-02	
0.000000E+00	1.555874E-02	
0.000000E+00	1.479475E-02	
0.000000E+00	1.473074E-02	
0.000000E+00	1.462717E-02	
0.000000E+00	1.756488E-02	
0.000000E+00	1.715184E-02	
0.000000E+00	1.798135E-02	
0.000000E+00	1.674741E-02	
0.000000E+00	1.634910E-02	
0.000000E+00	1.595690E-02	
0.000000E+00	1.521753E-02	
0.000000E+00	8.664333E-06	
0.000000E+00	7.071553E-03	
0.000000E+00	1.864821E-02	
0.000000E+00	2.043632E-02	
0.000000E+00	2.107084E-02	
0.000000E+00	1.520012E-02	
0.000000E+00	2.328872E-02	
0.000000E+00	2.043723E-02	
0.000000E+00	2.478866E-02	
0.000000E+00	2.043785E-02	
0.000000E+00	2.493779E-02	
0.000000E+00	1.981613E-02	
0.000000E+00	2.352251E-02	
0.000000E+00	2.473123E-02	
0.000000E+00	2.060833E-02	
0.000000E+00	2.891467E-02	
0.000000E+00	2.766685E-02	
0.000000E+00	2.991235E-02	
0.000000E+00	2.599818E-02	
0.000000E+00	3.002703E-02	
0.000000E+00	2.658910E-02	
0.000000E+00	2.824468E-02	
0.000000E+00	3.161065E-02	
0.000000E+00	2.493604E-02	
0.000000E+00	2.658219E-02	
0.000000E+00	2.489389E-02	
0.000000E+00	2.334209E-02	
0.000000E+00	2.328827E-02	
0.000000E+00	2.903855E-02	
0.000000E+00	2.678258E-02	
0.000000E+00	2.822402E-02	
0.000000E+00	2.985209E-02	
0.000000E+00	3.143646E-02	
0.000000E+00	3.081987E-02	
0.000000E+00	3.364192E-02	
0.000000E+00	3.089401E-02	
0.000000E+00	3.338045E-02	
0.000000E+00	3.526373E-02	
0.000000E+00	3.483340E-02	
0.000000E+00	3.526635E-02	
0.000000E+00	3.457947E-02	
0.000000E+00	3.415039E-02	
0.000000E+00	3.265633E-02	
0.000000E+00	3.526909E-02	
0.000000E+00	3.308526E-02	
0.000000E+00	3.257733E-02	
0.000000E+00	3.420074E-02	
0.000000E+00	3.360514E-02	
0.000000E+00	3.528834E-02	
0.000000E+00	3.384496E-02	
0.000000E+00	3.511898E-02	
0.000000E+00	3.471545E-02	
0.000000E+00	3.219115E-02	
0.000000E+00	3.118924E-02	
0.000000E+00	2.931459E-02	
0.000000E+00	3.357709E-02	
0.000000E+00	3.045720E-02	
0.000000E+00	3.388789E-02	
0.000000E+00	2.991585E-02	
0.000000E+00	2.931790E-02	
0.000000E+00	3.277035E-02	
0.000000E+00	2.889642E-02	
0.000000E+00	3.021507E-02	
0.000000E+00	3.384698E-02	
0.000000E+00	3.375475E-02	
0.000000E+00	2.872203E-02	
0.000000E+00	3.277187E-02	
0.000000E+00	2.790063E-02	
0.000000E+00	2.809850E-02	
0.000000E+00	2.832899E-02	
0.000000E+00	2.829550E-02	
0.000000E+00	2.940896E-02	
0.000000E+00	2.737915E-02	
0.000000E+00	2.805559E-02	
0.000000E+00	2.742900E-02	
0.000000E+00	2.753133E-02	
0.000000E+00	2.770578E-02	
0.000000E+00	2.773614E-02	
0.000000E+00	2.259742E-02	
0.000000E+00	2.295085E-02	
0.000000E+00	2.280858E-02	
0.000000E+00	2.323854E-02	
0.000000E+00	2.298245E-02	
0.000000E+00	2.476488E-02	
0.000000E+00	2.416342E-02	
0.000000E+00	2.535145E-02	
0.000000E+00	2.366670E-02	
0.000000E+00	2.316764E-02	
0.000000E+00	2.331746E-02	
0.000000E+00	2.354655E-02	
0.000000E+00	2.405386E-02	
0.000000E+00	2.379836E-02	
0.000000E+00	2.430985E-02	
0.000000E+00	2.456587E-02	
0.000000E+00	2.247897E-02	
0.000000E+00	2.507783E-02	
0.000000E+00	2.605066E-02	
0.000000E+00	2.656522E-02	
0.000000E+00	2.533376E-02	
0.000000E+00	2.558955E-02	
0.000000E+00	2.482182E-02	
0.000000E+00	2.584526E-02	
0.000000E+00	2.610072E-02	
0.000000E+00	2.710558E-02	
0.000000E+00	2.267693E-02	
0.000000E+00	2.290205E-02	
0.000000E+00	2.306546E-02	
0.000000E+00	2.886477E-02	
0.000000E+00	2.910225E-02	
0.000000E+00	3.042825E-02	
0.000000E+00	2.921475E-02	
0.000000E+00	2.907067E-02	
0.000000E+00	2.922863E-02	
0.000000E+00	2.849114E-02	
0.000000E+00	2.810783E-02	
0.000000E+00	2.802686E-02	
0.000000E+00	2.753972E-02	
0.000000E+00	2.849150E-02	
0.000000E+00	2.868829E-02	
0.000000E+00	2.888334E-02	
0.000000E+00	2.684136E-02	
0.000000E+00	2.660750E-02	
0.000000E+00	2.635561E-02	
0.000000E+00	2.715701E-02	
0.000000E+00	2.701113E-02	
0.000000E+00	2.731625E-02	
0.000000E+00	2.778836E-02	
0.000000E+00	2.176554E-02	
0.000000E+00	2.176566E-02	
0.000000E+00	2.338668E-02	
0.000000E+00	2.663237E-02	
0.000000E+00	2.500838E-02	
0.000000E+00	2.500838E-02	
0.000000E+00	2.338682E-02	
0.000000E+00	2.176580E-02	
0.000000E+00	2.176588E-02	
0.000000E+00	2.338666E-02	
0.000000E+00	2.338647E-02	
0.000000E+00	2.500763E-02	
0.000000E+00	2.663135E-02	
0.000000E+00	2.662891E-02	
0.000000E+00	2.826097E-02	
0.000000E+00	2.500680E-02	
0.000000E+00	2.338636E-02	
0.000000E+00	2.662619E-02	
0.000000E+00	2.825047E-02	
0.000000E+00	2.176600E-02	
0.000000E+00	2.500635E-02	
0.000000E+00	2.662486E-02	
0.000000E+00	2.823847E-02	
0.000000E+00	2.824250E-02	
0.000000E+00	2.990249E-02	
0.000000E+00	2.825788E-02	
0.000000E+00	2.989403E-02	
0.000000E+00	2.987353E-02	
0.000000E+00	2.984983E-02	
0.000000E+00	3.157724E-02	
0.000000E+00	3.155718E-02	
0.000000E+00	3.329510E-02	
0.000000E+00	3.150394E-02	
0.000000E+00	3.143293E-02	
0.000000E+00	3.317418E-02	
0.000000E+00	2.983695E-02	
0.000000E+00	3.138595E-02	
0.000000E+00	3.268792E-02	
0.000000E+00	3.296205E-02	
0.000000E+00	3.332931E-02	
0.000000E+00	3.521155E-02	
0.000000E+00	3.522794E-02	
0.000000E+00	3.504957E-02	
0.000000E+00	3.463082E-02	
0.000000E+00	3.380909E-02	
0.000000E+00	2.014438E-02	
0.000000E+00	1.852305E-02	
0.000000E+00	1.852256E-02	
0.000000E+00	1.689898E-02	
0.000000E+00	2.014456E-02	
0.000000E+00	2.014496E-02	
0.000000E+00	2.014535E-02	
0.000000E+00	1.852406E-02	
0.000000E+00	1.690022E-02	
0.000000E+00	1.690318E-02	
0.000000E+00	1.527046E-02	
0.000000E+00	1.852524E-02	
0.000000E+00	2.014566E-02	
0.000000E+00	1.690618E-02	
0.000000E+00	1.528183E-02	
0.000000E+00	1.852578E-02	
0.000000E+00	1.690775E-02	
0.000000E+00	1.529507E-02	
0.000000E+00	1.529045E-02	
0.000000E+00	1.527395E-02	
0.000000E+00	1.362873E-02	
0.000000E+00	1.363761E-02	
0.000000E+00	1.365870E-02	
0.000000E+00	1.368378E-02	
0.000000E+00	1.197355E-02	
0.000000E+00	1.195349E-02	
0.000000E+00	1.023487E-02	
0.000000E+00	1.202672E-02	
0.000000E+00	1.209875E-02	
0.000000E+00	1.035231E-02	
0.000000E+00	1.369920E-02	
0.000000E+00	1.215383E-02	
0.000000E+00	1.078441E-02	
0.000000E+00	1.055195E-02	
0.000000E+00	1.020140E-02	
0.000000E+00	8.307395E-03	
0.000000E+00	8.321119E-03	
0.000000E+00	8.492850E-03	
0.000000E+00	8.931602E-03	
0.000000E+00	9.808248E-03	
0.000000E+00	2.163986E-02	
0.000000E+00	2.163997E-02	
0.000000E+00	1.999126E-02	
0.000000E+00	1.669059E-02	
0.000000E+00	1.834181E-02	
0.000000E+00	1.834218E-02	
0.000000E+00	1.999133E-02	
0.000000E+00	2.164008E-02	
0.000000E+00	2.164026E-02	
0.000000E+00	1.999166E-02	
0.000000E+00	1.999205E-02	
0.000000E+00	1.834314E-02	
0.000000E+00	1.669189E-02	
0.000000E+00	1.669456E-02	
0.000000E+00	1.503483E-02	
0.000000E+00	1.834419E-02	
0.000000E+00	1.999235E-02	
0.000000E+00	1.669744E-02	
0.000000E+00	1.504564E-02	
0.000000E+00	2.164025E-02	
0.000000E+00	1.834485E-02	
0.000000E+00	1.669898E-02	
0.000000E+00	1.505827E-02	
0.000000E+00	1.505382E-02	
0.000000E+00	1.336664E-02	
0.000000E+00	1.503810E-02	
0.000000E+00	1.337486E-02	
0.000000E+00	1.339490E-02	
0.000000E+00	1.341874E-02	
0.000000E+00	1.166662E-02	
0.000000E+00	1.168547E-02	
0.000000E+00	9.925483E-03	
0.000000E+00	1.173555E-02	
0.000000E+00	1.180365E-02	
0.000000E+00	1.003551E-02	
0.000000E+00	1.343365E-02	
0.000000E+00	1.185617E-02	
0.000000E+00	1.044365E-02	
0.000000E+00	1.022366E-02	
0.000000E+00	9.894788E-03	
0.000000E+00	8.005375E-03	
0.000000E+00	7.987237E-03	
0.000000E+00	8.159626E-03	
0.000000E+00	8.572095E-03	
0.000000E+00	9.399703E-03	
0.000000E+00	2.328866E-02	
0.000000E+00	2.493780E-02	
0.000000E+00	2.493782E-02	
0.000000E+00	2.658914E-02	
0.000000E+00	2.328872E-02	
0.000000E+00	2.328858E-02	
0.000000E+00	2.328836E-02	
0.000000E+00	2.493716E-02	
0.000000E+00	2.658826E-02	
0.000000E+00	2.658586E-02	
0.000000E+00	2.824479E-02	
0.000000E+00	2.493629E-02	
0.000000E+00	2.328822E-02	
0.000000E+00	2.658349E-02	
0.000000E+00	2.823509E-02	
0.000000E+00	2.493599E-02	
0.000000E+00	2.658230E-02	
0.000000E+00	2.822411E-02	
0.000000E+00	2.822779E-02	
0.000000E+00	2.824186E-02	
0.000000E+00	2.991234E-02	
0.000000E+00	2.990443E-02	
0.000000E+00	2.988566E-02	
0.000000E+00	2.986389E-02	
0.000000E+00	3.159197E-02	
0.000000E+00	3.161049E-02	
0.000000E+00	3.334877E-02	
0.000000E+00	3.154270E-02	
0.000000E+00	3.147730E-02	
0.000000E+00	3.323579E-02	
0.000000E+00	2.985214E-02	
0.000000E+00	3.143540E-02	
0.000000E+00	3.278746E-02	
0.000000E+00	3.303801E-02	
0.000000E+00	3.338022E-02	
0.000000E+00	3.528902E-02	
0.000000E+00	3.526934E-02	
0.000000E+00	3.511981E-02	
0.000000E+00	3.471699E-02	
0.000000E+00	3.391950E-02	
0.000000E+00	6.424857E-06	
0.000000E+00	6.431896E-06	
0.000000E+00	6.417900E-06	
0.000000E+00	6.424747E-06	
0.000000E+00	2.049598E-02	
0.000000E+00	2.043632E-02	
0.000000E+00	2.176549E-02	
0.000000E+00	2.338671E-02	
0.000000E+00	2.500836E-02	
0.000000E+00	2.663239E-02	
0.000000E+00	2.826100E-02	
0.000000E+00	2.990247E-02	
0.000000E+00	3.157727E-02	
0.000000E+00	3.332951E-02	
0.000000E+00	2.176605E-02	
0.000000E+00	2.338641E-02	
0.000000E+00	2.500632E-02	
0.000000E+00	2.662482E-02	
0.000000E+00	2.823841E-02	
0.000000E+00	2.983686E-02	
0.000000E+00	3.138640E-02	
0.000000E+00	3.267874E-02	
0.000000E+00	3.520743E-02	
0.000000E+00	3.521132E-02	
0.000000E+00	3.522743E-02	
0.000000E+00	3.504894E-02	
0.000000E+00	3.462967E-02	
0.000000E+00	3.379253E-02	
0.000000E+00	3.377030E-02	
0.000000E+00	2.014432E-02	
0.000000E+00	1.852259E-02	
0.000000E+00	1.689900E-02	
0.000000E+00	1.527048E-02	
0.000000E+00	1.362872E-02	
0.000000E+00	1.195335E-02	
0.000000E+00	1.020119E-02	
0.000000E+00	2.014563E-02	
0.000000E+00	1.852576E-02	
0.000000E+00	1.690773E-02	
0.000000E+00	1.529507E-02	
0.000000E+00	1.369939E-02	
0.000000E+00	1.215444E-02	
0.000000E+00	1.078999E-02	
0.000000E+00	8.325197E-03	
0.000000E+00	8.321348E-03	
0.000000E+00	8.307919E-03	
0.000000E+00	8.493513E-03	
0.000000E+00	8.932918E-03	
0.000000E+00	9.831643E-03	
0.000000E+00	9.847118E-03	
0.000000E+00	2.163992E-02	
0.000000E+00	1.999120E-02	
0.000000E+00	1.834181E-02	
0.000000E+00	1.669062E-02	
0.000000E+00	1.503481E-02	
0.000000E+00	1.336667E-02	
0.000000E+00	1.166661E-02	
0.000000E+00	9.894551E-03	
0.000000E+00	2.164018E-02	
0.000000E+00	1.999232E-02	
0.000000E+00	1.834482E-02	
0.000000E+00	1.669905E-02	
0.000000E+00	1.505830E-02	
0.000000E+00	1.343378E-02	
0.000000E+00	1.185668E-02	
0.000000E+00	1.044896E-02	
0.000000E+00	8.009523E-03	
0.000000E+00	8.005589E-03	
0.000000E+00	7.987745E-03	
0.000000E+00	8.160248E-03	
0.000000E+00	8.573336E-03	
0.000000E+00	9.420985E-03	
0.000000E+00	9.436968E-03	
0.000000E+00	2.328878E-02	
0.000000E+00	2.493774E-02	
0.000000E+00	2.658908E-02	
0.000000E+00	2.824474E-02	
0.000000E+00	2.991231E-02	
0.000000E+00	3.161060E-02	
0.000000E+00	3.338045E-02	
0.000000E+00	2.328827E-02	
0.000000E+00	2.493604E-02	
0.000000E+00	2.658226E-02	
0.000000E+00	2.822406E-02	
0.000000E+00	2.985202E-02	
0.000000E+00	3.143584E-02	
0.000000E+00	3.277958E-02	
0.000000E+00	3.526516E-02	
0.000000E+00	3.526912E-02	
0.000000E+00	3.528852E-02	
0.000000E+00	3.511920E-02	
0.000000E+00	3.471587E-02	
0.000000E+00	3.390324E-02	
0.000000E+00	3.388174E-02	
0.000000E+00	2.804839E-02	
0.000000E+00	2.786238E-02	
0.000000E+00	2.804817E-02	
0.000000E+00	2.786212E-02	
0.000000E+00	2.823372E-02	
0.000000E+00	2.767760E-02	
0.000000E+00	2.737433E-02	
0.000000E+00	2.737213E-02	
0.000000E+00	2.741898E-02	
0.000000E+00	2.736233E-02	
0.000000E+00	2.736044E-02	
0.000000E+00	2.751386E-02	
0.000000E+00	2.767886E-02	
0.000000E+00	2.750918E-02	
0.000000E+00	2.741558E-02	
0.000000E+00	2.373965E-02	
0.000000E+00	2.350060E-02	
0.000000E+00	2.398186E-02	
0.000000E+00	2.446709E-02	
0.000000E+00	2.422443E-02	
0.000000E+00	2.470965E-02	
0.000000E+00	2.422445E-02	
0.000000E+00	2.398185E-02	
0.000000E+00	2.446706E-02	
0.000000E+00	2.519467E-02	
0.000000E+00	2.495221E-02	
0.000000E+00	2.543698E-02	
0.000000E+00	2.567914E-02	
0.000000E+00	2.567908E-02	
0.000000E+00	2.543696E-02	
0.000000E+00	2.592107E-02	
0.000000E+00	2.519467E-02	
0.000000E+00	2.495217E-02	
0.000000E+00	2.470967E-02	
0.000000E+00	2.373945E-02	
0.000000E+00	2.249165E-02	
0.000000E+00	2.267953E-02	
0.000000E+00	2.228658E-02	
0.000000E+00	2.268375E-02	
0.000000E+00	2.280322E-02	
0.000000E+00	2.289101E-02	
0.000000E+00	2.296671E-02	
0.000000E+00	2.280565E-02	
0.000000E+00	2.296653E-02	
0.000000E+00	2.249284E-02	
0.000000E+00	2.228677E-02	
0.000000E+00	2.289181E-02	
0.000000E+00	2.314103E-02	
0.000000E+00	2.328225E-02	
0.000000E+00	2.304489E-02	
0.000000E+00	2.313801E-02	
0.000000E+00	2.327716E-02	
0.000000E+00	2.349919E-02	
0.000000E+00	2.304368E-02	
0.000000E+00	2.906417E-02	
0.000000E+00	2.904176E-02	
0.000000E+00	2.908360E-02	
0.000000E+00	2.894213E-02	
0.000000E+00	2.905951E-02	
0.000000E+00	2.895232E-02	
0.000000E+00	2.893813E-02	
0.000000E+00	2.868784E-02	
0.000000E+00	2.830897E-02	
0.000000E+00	2.866187E-02	
0.000000E+00	2.891340E-02	
0.000000E+00	2.841805E-02	
0.000000E+00	2.841770E-02	
0.000000E+00	2.823348E-02	
0.000000E+00	2.860215E-02	
0.000000E+00	2.878306E-02	
0.000000E+00	2.877924E-02	
0.000000E+00	2.860086E-02	
0.000000E+00	2.640146E-02	
0.000000E+00	2.616251E-02	
0.000000E+00	2.662467E-02	
0.000000E+00	2.678915E-02	
0.000000E+00	2.678967E-02	
0.000000E+00	2.662803E-02	
0.000000E+00	2.693605E-02	
0.000000E+00	2.693414E-02	
0.000000E+00	2.640245E-02	
0.000000E+00	2.592105E-02	
0.000000E+00	2.616265E-02	
0.000000E+00	2.790158E-02	
0.000000E+00	2.758015E-02	
0.000000E+00	2.733089E-02	
0.000000E+00	2.754960E-02	
0.000000E+00	2.786317E-02	
0.000000E+00	2.828472E-02	
0.000000E+00	2.710254E-02	
0.000000E+00	2.709702E-02	
0.000000E+00	2.731036E-02	
0.000000E+00	1.524108E-02	
0.000000E+00	1.527351E-02	
0.000000E+00	1.524118E-02	
0.000000E+00	1.527411E-02	
0.000000E+00	1.529785E-02	
0.000000E+00	1.520748E-02	
0.000000E+00	1.510633E-02	
0.000000E+00	1.514001E-02	
0.000000E+00	1.510635E-02	
0.000000E+00	1.507271E-02	
0.000000E+00	1.507273E-02	
0.000000E+00	1.520746E-02	
0.000000E+00	1.517372E-02	
0.000000E+00	1.517374E-02	
0.000000E+00	1.514002E-02	
0.000000E+00	2.020674E-02	
0.000000E+00	2.041429E-02	
0.000000E+00	2.000165E-02	
0.000000E+00	1.981262E-02	
0.000000E+00	1.968267E-02	
0.000000E+00	1.958137E-02	
0.000000E+00	1.980871E-02	
0.000000E+00	2.000056E-02	
0.000000E+00	1.968078E-02	
0.000000E+00	1.948323E-02	
0.000000E+00	1.937013E-02	
0.000000E+00	1.921956E-02	
0.000000E+00	1.899765E-02	
0.000000E+00	1.898830E-02	
0.000000E+00	1.922538E-02	
0.000000E+00	1.862876E-02	
0.000000E+00	1.937283E-02	
0.000000E+00	1.948427E-02	
0.000000E+00	1.958116E-02	
0.000000E+00	2.020656E-02	
0.000000E+00	2.207887E-02	
0.000000E+00	2.187082E-02	
0.000000E+00	2.187086E-02	
0.000000E+00	2.166273E-02	
0.000000E+00	2.145457E-02	
0.000000E+00	2.124641E-02	
0.000000E+00	2.166271E-02	
0.000000E+00	2.124645E-02	
0.000000E+00	2.207892E-02	
0.000000E+00	2.145456E-02	
0.000000E+00	2.083029E-02	
0.000000E+00	2.062225E-02	
0.000000E+00	2.103836E-02	
0.000000E+00	2.083025E-02	
0.000000E+00	2.062223E-02	
0.000000E+00	2.041428E-02	
0.000000E+00	2.103836E-02	
0.000000E+00	1.478033E-02	
0.000000E+00	1.485808E-02	
0.000000E+00	1.482071E-02	
0.000000E+00	1.490162E-02	
0.000000E+00	1.502970E-02	
0.000000E+00	1.500273E-02	
0.000000E+00	1.474533E-02	
0.000000E+00	1.483023E-02	
0.000000E+00	1.504691E-02	
0.000000E+00	1.485450E-02	
0.000000E+00	1.477635E-02	
0.000000E+00	1.528926E-02	
0.000000E+00	1.530017E-02	
0.000000E+00	1.529231E-02	
0.000000E+00	1.523968E-02	
0.000000E+00	1.515323E-02	
0.000000E+00	1.514007E-02	
0.000000E+00	1.524476E-02	
0.000000E+00	1.783255E-02	
0.000000E+00	1.823064E-02	
0.000000E+00	1.743810E-02	
0.000000E+00	1.705169E-02	
0.000000E+00	1.743946E-02	
0.000000E+00	1.705312E-02	
0.000000E+00	1.667183E-02	
0.000000E+00	1.667328E-02	
0.000000E+00	1.783347E-02	
0.000000E+00	1.862573E-02	
0.000000E+00	1.823159E-02	
0.000000E+00	1.529750E-02	
0.000000E+00	1.592455E-02	
0.000000E+00	1.559920E-02	
0.000000E+00	1.530708E-02	
0.000000E+00	1.560540E-02	
0.000000E+00	1.505799E-02	
0.000000E+00	1.629974E-02	
0.000000E+00	1.629781E-02	
0.000000E+00	1.593176E-02	
0.000000E+00	1.487166E-02	
0.000000E+00	1.490523E-02	
0.000000E+00	1.487181E-02	
0.000000E+00	1.490526E-02	
0.000000E+00	1.483697E-02	
0.000000E+00	1.493867E-02	
0.000000E+00	1.503914E-02	
0.000000E+00	1.503915E-02	
0.000000E+00	1.500559E-02	
0.000000E+00	1.497210E-02	
0.000000E+00	1.493865E-02	
0.000000E+00	1.497212E-02	
0.000000E+00	1.500561E-02	
0.000000E+00	2.005910E-02	
0.000000E+00	2.027899E-02	
0.000000E+00	1.984183E-02	
0.000000E+00	1.950418E-02	
0.000000E+00	1.964170E-02	
0.000000E+00	1.939723E-02	
0.000000E+00	1.963753E-02	
0.000000E+00	1.984066E-02	
0.000000E+00	1.950218E-02	
0.000000E+00	1.917497E-02	
0.000000E+00	1.929385E-02	
0.000000E+00	1.901699E-02	
0.000000E+00	1.877506E-02	
0.000000E+00	1.878486E-02	
0.000000E+00	1.902318E-02	
0.000000E+00	1.839877E-02	
0.000000E+00	1.917779E-02	
0.000000E+00	1.929492E-02	
0.000000E+00	1.939700E-02	
0.000000E+00	2.005893E-02	
0.000000E+00	2.204214E-02	
0.000000E+00	2.182169E-02	
0.000000E+00	2.226215E-02	
0.000000E+00	2.182172E-02	
0.000000E+00	2.160125E-02	
0.000000E+00	2.138076E-02	
0.000000E+00	2.116033E-02	
0.000000E+00	2.160124E-02	
0.000000E+00	2.116039E-02	
0.000000E+00	2.204214E-02	
0.000000E+00	2.226236E-02	
0.000000E+00	2.138081E-02	
0.000000E+00	2.071960E-02	
0.000000E+00	2.049928E-02	
0.000000E+00	2.094001E-02	
0.000000E+00	2.071960E-02	
0.000000E+00	2.049925E-02	
0.000000E+00	2.027897E-02	
0.000000E+00	2.093997E-02	
0.000000E+00	1.430366E-02	
0.000000E+00	1.434052E-02	
0.000000E+00	1.436592E-02	
0.000000E+00	1.452620E-02	
0.000000E+00	1.440584E-02	
0.000000E+00	1.450271E-02	
0.000000E+00	1.429185E-02	
0.000000E+00	1.439777E-02	
0.000000E+00	1.463352E-02	
0.000000E+00	1.442132E-02	
0.000000E+00	1.432108E-02	
0.000000E+00	1.479550E-02	
0.000000E+00	1.479717E-02	
0.000000E+00	1.483755E-02	
0.000000E+00	1.473294E-02	
0.000000E+00	1.463577E-02	
0.000000E+00	1.464588E-02	
0.000000E+00	1.473667E-02	
0.000000E+00	1.756623E-02	
0.000000E+00	1.798234E-02	
0.000000E+00	1.715373E-02	
0.000000E+00	1.674899E-02	
0.000000E+00	1.675055E-02	
0.000000E+00	1.715510E-02	
0.000000E+00	1.635081E-02	
0.000000E+00	1.635230E-02	
0.000000E+00	1.756723E-02	
0.000000E+00	1.839564E-02	
0.000000E+00	1.798337E-02	
0.000000E+00	1.490291E-02	
0.000000E+00	1.522455E-02	
0.000000E+00	1.556790E-02	
0.000000E+00	1.523045E-02	
0.000000E+00	1.491248E-02	
0.000000E+00	1.464441E-02	
0.000000E+00	1.595882E-02	
0.000000E+00	1.596075E-02	
0.000000E+00	1.557502E-02	
0.000000E+00	2.790043E-02	
0.000000E+00	2.809822E-02	
0.000000E+00	2.790012E-02	
0.000000E+00	2.809795E-02	
0.000000E+00	2.829517E-02	
0.000000E+00	2.770395E-02	
0.000000E+00	2.737836E-02	
0.000000E+00	2.742781E-02	
0.000000E+00	2.737610E-02	
0.000000E+00	2.770528E-02	
0.000000E+00	2.752963E-02	
0.000000E+00	2.752473E-02	
0.000000E+00	2.742428E-02	
0.000000E+00	2.379826E-02	
0.000000E+00	2.354603E-02	
0.000000E+00	2.405377E-02	
0.000000E+00	2.430984E-02	
0.000000E+00	2.456590E-02	
0.000000E+00	2.482182E-02	
0.000000E+00	2.430986E-02	
0.000000E+00	2.405378E-02	
0.000000E+00	2.456585E-02	
0.000000E+00	2.507784E-02	
0.000000E+00	2.533377E-02	
0.000000E+00	2.558952E-02	
0.000000E+00	2.584519E-02	
0.000000E+00	2.584524E-02	
0.000000E+00	2.558954E-02	
0.000000E+00	2.610069E-02	
0.000000E+00	2.533378E-02	
0.000000E+00	2.507778E-02	
0.000000E+00	2.482183E-02	
0.000000E+00	2.379801E-02	
0.000000E+00	2.247944E-02	
0.000000E+00	2.267844E-02	
0.000000E+00	2.268292E-02	
0.000000E+00	2.280945E-02	
0.000000E+00	2.290233E-02	
0.000000E+00	2.298241E-02	
0.000000E+00	2.281200E-02	
0.000000E+00	2.298222E-02	
0.000000E+00	2.248069E-02	
0.000000E+00	2.290320E-02	
0.000000E+00	2.316652E-02	
0.000000E+00	2.331561E-02	
0.000000E+00	2.306502E-02	
0.000000E+00	2.316337E-02	
0.000000E+00	2.331025E-02	
0.000000E+00	2.354454E-02	
0.000000E+00	2.306373E-02	
0.000000E+00	2.918789E-02	
0.000000E+00	2.919800E-02	
0.000000E+00	2.916578E-02	
0.000000E+00	2.917406E-02	
0.000000E+00	2.904801E-02	
0.000000E+00	2.905845E-02	
0.000000E+00	2.907251E-02	
0.000000E+00	2.883374E-02	
0.000000E+00	2.846746E-02	
0.000000E+00	2.880847E-02	
0.000000E+00	2.904825E-02	
0.000000E+00	2.849109E-02	
0.000000E+00	2.829495E-02	
0.000000E+00	2.849069E-02	
0.000000E+00	2.868677E-02	
0.000000E+00	2.887480E-02	
0.000000E+00	2.887880E-02	
0.000000E+00	2.868536E-02	
0.000000E+00	2.660784E-02	
0.000000E+00	2.635561E-02	
0.000000E+00	2.684236E-02	
0.000000E+00	2.701133E-02	
0.000000E+00	2.684638E-02	
0.000000E+00	2.701254E-02	
0.000000E+00	2.715639E-02	
0.000000E+00	2.715516E-02	
0.000000E+00	2.660904E-02	
0.000000E+00	2.610068E-02	
0.000000E+00	2.635579E-02	
0.000000E+00	2.807595E-02	
0.000000E+00	2.752453E-02	
0.000000E+00	2.776466E-02	
0.000000E+00	2.804056E-02	
0.000000E+00	2.773790E-02	
0.000000E+00	2.844475E-02	
0.000000E+00	2.731004E-02	
0.000000E+00	2.731431E-02	
0.000000E+00	2.750809E-02	
0.000000E+00	2.886699E-02	
0.000000E+00	2.858375E-02	
0.000000E+00	2.902859E-02	
0.000000E+00	2.808535E-02	
0.000000E+00	2.871892E-02	
0.000000E+00	2.913372E-02	
0.000000E+00	2.812449E-02	
0.000000E+00	2.793417E-02	
0.000000E+00	2.737997E-02	
0.000000E+00	2.875520E-02	
0.000000E+00	2.822577E-02	
0.000000E+00	2.876296E-02	
0.000000E+00	2.900529E-02	
0.000000E+00	2.912637E-02	
0.000000E+00	2.853671E-02	
0.000000E+00	2.717965E-02	
0.000000E+00	2.701484E-02	
0.000000E+00	2.841662E-02	
0.000000E+00	2.800609E-02	
0.000000E+00	2.788490E-02	
0.000000E+00	2.755640E-02	
0.000000E+00	2.731491E-02	
0.000000E+00	2.722518E-02	
0.000000E+00	2.746931E-02	
0.000000E+00	2.694755E-02	
0.000000E+00	2.688268E-02	
0.000000E+00	2.675733E-02	
0.000000E+00	2.627986E-02	
0.000000E+00	2.633932E-02	
0.000000E+00	2.569208E-02	
0.000000E+00	2.517699E-02	
0.000000E+00	2.576993E-02	
0.000000E+00	2.536693E-02	
0.000000E+00	2.621892E-02	
0.000000E+00	2.561849E-02	
0.000000E+00	2.509512E-02	
0.000000E+00	2.444099E-02	
0.000000E+00	2.480977E-02	
0.000000E+00	2.451168E-02	
0.000000E+00	2.189844E-02	
0.000000E+00	1.581672E-02	
0.000000E+00	2.215182E-02	
0.000000E+00	1.248683E-02	
0.000000E+00	7.194131E-03	
0.000000E+00	1.360531E-02	
0.000000E+00	1.521160E-03	
0.000000E+00	7.579990E-03	
0.000000E+00	1.621905E-03	
0.000000E+00	1.543252E-03	
0.000000E+00	2.010149E-02	
0.000000E+00	7.855976E-03	
0.000000E+00	2.419653E-02	
0.000000E+00	1.908463E-02	
0.000000E+00	1.408443E-02	
0.000000E+00	2.407340E-02	
0.000000E+00	8.016513E-03	
0.000000E+00	1.442425E-02	
0.000000E+00	1.655848E-03	
0.000000E+00	2.868245E-02	
0.000000E+00	2.839465E-02	
0.000000E+00	2.848966E-02	
0.000000E+00	2.791196E-02	
0.000000E+00	2.735043E-02	
0.000000E+00	2.763144E-02	
0.000000E+00	2.817435E-02	
0.000000E+00	2.809730E-02	
0.000000E+00	2.789891E-02	
0.000000E+00	2.767472E-02	
0.000000E+00	2.793181E-02	
0.000000E+00	2.829423E-02	
0.000000E+00	2.718274E-02	
0.000000E+00	2.708767E-02	
0.000000E+00	2.748312E-02	
0.000000E+00	2.751350E-02	
0.000000E+00	2.770922E-02	
0.000000E+00	2.735926E-02	
0.000000E+00	2.725997E-02	
0.000000E+00	2.720954E-02	
0.000000E+00	2.694627E-02	
0.000000E+00	2.690287E-02	
0.000000E+00	2.639507E-02	
0.000000E+00	2.584196E-02	
0.000000E+00	2.535031E-02	
0.000000E+00	2.645037E-02	
0.000000E+00	2.591860E-02	
0.000000E+00	2.542255E-02	
0.000000E+00	2.472829E-02	
0.000000E+00	2.512918E-02	
0.000000E+00	2.481749E-02	
0.000000E+00	2.235647E-02	
0.000000E+00	1.377481E-02	
0.000000E+00	7.703831E-03	
0.000000E+00	1.615005E-03	
0.000000E+00	1.759588E-03	
0.000000E+00	2.035583E-02	
0.000000E+00	8.031605E-03	
0.000000E+00	2.448231E-02	
0.000000E+00	1.429958E-02	
0.000000E+00	1.934539E-02	
0.000000E+00	2.436605E-02	
0.000000E+00	1.465993E-02	
0.000000E+00	8.222630E-03	
0.000000E+00	1.835405E-03	
0.000000E+00	2.507798E-02	
0.000000E+00	2.505372E-02	
0.000000E+00	2.482202E-02	
0.000000E+00	2.500688E-02	
0.000000E+00	2.469531E-02	
0.000000E+00	2.456607E-02	
0.000000E+00	2.443952E-02	
0.000000E+00	2.381231E-02	
0.000000E+00	2.398942E-02	
0.000000E+00	2.432866E-02	
0.000000E+00	2.356970E-02	
0.000000E+00	2.379725E-02	
0.000000E+00	2.405396E-02	
0.000000E+00	2.431012E-02	
0.000000E+00	2.394603E-02	
0.000000E+00	2.302465E-02	
0.000000E+00	2.298660E-02	
0.000000E+00	2.355297E-02	
0.000000E+00	2.335287E-02	
0.000000E+00	2.326778E-02	
0.000000E+00	2.313966E-02	
0.000000E+00	2.305676E-02	
0.000000E+00	2.303525E-02	
0.000000E+00	2.493095E-02	
0.000000E+00	2.481352E-02	
0.000000E+00	2.387874E-02	
0.000000E+00	2.293863E-02	
0.000000E+00	2.367806E-02	
0.000000E+00	2.451729E-02	
0.000000E+00	2.344001E-02	
0.000000E+00	2.323395E-02	
0.000000E+00	2.417449E-02	
0.000000E+00	2.402987E-02	
0.000000E+00	2.284151E-02	
0.000000E+00	2.270676E-02	
0.000000E+00	2.256193E-02	
0.000000E+00	2.254673E-02	
0.000000E+00	2.246997E-02	
0.000000E+00	2.237081E-02	
0.000000E+00	2.132307E-02	
0.000000E+00	1.521542E-02	
0.000000E+00	2.069363E-02	
0.000000E+00	1.192665E-02	
0.000000E+00	6.711658E-03	
0.000000E+00	1.236245E-02	
0.000000E+00	1.155929E-03	
0.000000E+00	6.713699E-03	
0.000000E+00	9.973405E-04	
0.000000E+00	1.056519E-03	
0.000000E+00	1.838075E-02	
0.000000E+00	6.865110E-03	
0.000000E+00	2.225924E-02	
0.000000E+00	1.750244E-02	
0.000000E+00	1.273295E-02	
0.000000E+00	2.220951E-02	
0.000000E+00	6.996896E-03	
0.000000E+00	1.308733E-02	
0.000000E+00	9.465235E-04	
0.000000E+00	2.533389E-02	
0.000000E+00	2.541125E-02	
0.000000E+00	2.558967E-02	
0.000000E+00	2.557161E-02	
0.000000E+00	2.587497E-02	
0.000000E+00	2.618614E-02	
0.000000E+00	2.577421E-02	
0.000000E+00	2.610089E-02	
0.000000E+00	2.635673E-02	
0.000000E+00	2.652456E-02	
0.000000E+00	2.614849E-02	
0.000000E+00	2.584532E-02	
0.000000E+00	2.695159E-02	
0.000000E+00	2.689247E-02	
0.000000E+00	2.687543E-02	
0.000000E+00	2.674466E-02	
0.000000E+00	2.659940E-02	
0.000000E+00	2.696548E-02	
0.000000E+00	2.699573E-02	
0.000000E+00	2.696828E-02	
0.000000E+00	2.575494E-02	
0.000000E+00	2.671645E-02	
0.000000E+00	2.536092E-02	
0.000000E+00	2.489484E-02	
0.000000E+00	2.453929E-02	
0.000000E+00	2.621201E-02	
0.000000E+00	2.561586E-02	
0.000000E+00	2.508907E-02	
0.000000E+00	2.429669E-02	
0.000000E+00	2.479591E-02	
0.000000E+00	2.448862E-02	
0.000000E+00	2.192142E-02	
0.000000E+00	1.344904E-02	
0.000000E+00	7.403431E-03	
0.000000E+00	1.330635E-03	
0.000000E+00	1.531932E-03	
0.000000E+00	2.005617E-02	
0.000000E+00	7.784768E-03	
0.000000E+00	2.417066E-02	
0.000000E+00	1.403016E-02	
0.000000E+00	2.116052E-02	
0.000000E+00	2.116637E-02	
0.000000E+00	2.094016E-02	
0.000000E+00	2.117789E-02	
0.000000E+00	2.085829E-02	
0.000000E+00	2.071978E-02	
0.000000E+00	2.068732E-02	
0.000000E+00	2.015065E-02	
0.000000E+00	2.036636E-02	
0.000000E+00	2.054440E-02	
0.000000E+00	1.988964E-02	
0.000000E+00	2.005833E-02	
0.000000E+00	2.027911E-02	
0.000000E+00	2.049945E-02	
0.000000E+00	2.021930E-02	
0.000000E+00	1.947215E-02	
0.000000E+00	1.948125E-02	
0.000000E+00	1.984855E-02	
0.000000E+00	1.969873E-02	
0.000000E+00	1.960671E-02	
0.000000E+00	1.951306E-02	
0.000000E+00	1.946529E-02	
0.000000E+00	1.946928E-02	
0.000000E+00	2.119517E-02	
0.000000E+00	2.121538E-02	
0.000000E+00	2.037466E-02	
0.000000E+00	1.952765E-02	
0.000000E+00	2.043603E-02	
0.000000E+00	2.123271E-02	
0.000000E+00	2.046208E-02	
0.000000E+00	2.044818E-02	
0.000000E+00	2.121401E-02	
0.000000E+00	2.126127E-02	
0.000000E+00	1.964267E-02	
0.000000E+00	1.971391E-02	
0.000000E+00	1.972798E-02	
0.000000E+00	1.998017E-02	
0.000000E+00	1.971639E-02	
0.000000E+00	1.969972E-02	
0.000000E+00	1.945555E-02	
0.000000E+00	1.371575E-02	
0.000000E+00	1.848469E-02	
0.000000E+00	1.064170E-02	
0.000000E+00	5.785109E-03	
0.000000E+00	1.082448E-02	
0.000000E+00	6.339814E-04	
0.000000E+00	5.697445E-03	
0.000000E+00	5.099329E-04	
0.000000E+00	5.612408E-04	
0.000000E+00	1.617501E-02	
0.000000E+00	5.799489E-03	
0.000000E+00	1.967389E-02	
0.000000E+00	1.538652E-02	
0.000000E+00	1.108818E-02	
0.000000E+00	1.966062E-02	
0.000000E+00	5.912531E-03	
0.000000E+00	1.139608E-02	
0.000000E+00	4.668199E-04	
0.000000E+00	2.138092E-02	
0.000000E+00	2.147493E-02	
0.000000E+00	2.160141E-02	
0.000000E+00	2.167039E-02	
0.000000E+00	2.202760E-02	
0.000000E+00	2.221291E-02	
0.000000E+00	2.179068E-02	
0.000000E+00	2.204240E-02	
0.000000E+00	2.226329E-02	
0.000000E+00	2.244996E-02	
0.000000E+00	2.211787E-02	
0.000000E+00	2.182186E-02	
0.000000E+00	2.290558E-02	
0.000000E+00	2.292244E-02	
0.000000E+00	2.271816E-02	
0.000000E+00	2.264024E-02	
0.000000E+00	2.247353E-02	
0.000000E+00	2.282390E-02	
0.000000E+00	2.288872E-02	
0.000000E+00	2.290068E-02	
0.000000E+00	2.205956E-02	
0.000000E+00	2.291694E-02	
0.000000E+00	2.203276E-02	
0.000000E+00	2.195912E-02	
0.000000E+00	2.189909E-02	
0.000000E+00	2.283752E-02	
0.000000E+00	2.270494E-02	
0.000000E+00	2.255814E-02	
0.000000E+00	2.189923E-02	
0.000000E+00	2.246175E-02	
0.000000E+00	2.235738E-02	
0.000000E+00	1.998015E-02	
0.000000E+00	1.204932E-02	
0.000000E+00	6.399249E-03	
0.000000E+00	7.392923E-04	
0.000000E+00	8.495794E-04	
0.000000E+00	1.832976E-02	
0.000000E+00	6.754380E-03	
0.000000E+00	2.224421E-02	
0.000000E+00	1.265340E-02	
0.000000E+00	1.596494E-02	
0.000000E+00	1.619793E-02	
0.000000E+00	1.558712E-02	
0.000000E+00	1.658078E-02	
0.000000E+00	1.570871E-02	
0.000000E+00	1.524187E-02	
0.000000E+00	1.588454E-02	
0.000000E+00	1.531355E-02	
0.000000E+00	1.592012E-02	
0.000000E+00	1.527735E-02	
0.000000E+00	1.467673E-02	
0.000000E+00	1.446260E-02	
0.000000E+00	1.466531E-02	
0.000000E+00	1.492955E-02	
0.000000E+00	1.492114E-02	
0.000000E+00	1.488055E-02	
0.000000E+00	1.500354E-02	
0.000000E+00	1.437993E-02	
0.000000E+00	1.461155E-02	
0.000000E+00	1.446290E-02	
0.000000E+00	1.462862E-02	
0.000000E+00	1.477487E-02	
0.000000E+00	1.484515E-02	
0.000000E+00	1.695894E-02	
0.000000E+00	1.726527E-02	
0.000000E+00	1.621304E-02	
0.000000E+00	1.519813E-02	
0.000000E+00	1.655654E-02	
0.000000E+00	1.757309E-02	
0.000000E+00	1.679153E-02	
0.000000E+00	1.689849E-02	
0.000000E+00	1.775927E-02	
0.000000E+00	1.786238E-02	
0.000000E+00	1.554979E-02	
0.000000E+00	1.583242E-02	
0.000000E+00	1.598519E-02	
0.000000E+00	1.661824E-02	
0.000000E+00	1.602500E-02	
0.000000E+00	1.605628E-02	
0.000000E+00	1.697798E-02	
0.000000E+00	1.204341E-02	
0.000000E+00	1.557655E-02	
0.000000E+00	9.249675E-03	
0.000000E+00	4.902162E-03	
0.000000E+00	8.993276E-03	
0.000000E+00	3.178936E-04	
0.000000E+00	4.652576E-03	
0.000000E+00	2.593629E-04	
0.000000E+00	2.837187E-04	
0.000000E+00	1.321526E-02	
0.000000E+00	4.644126E-03	
0.000000E+00	1.607153E-02	
0.000000E+00	1.256919E-02	
0.000000E+00	9.019019E-03	
0.000000E+00	1.607319E-02	
0.000000E+00	4.752383E-03	
0.000000E+00	9.284593E-03	
0.000000E+00	2.422195E-04	
0.000000E+00	1.635519E-02	
0.000000E+00	1.673619E-02	
0.000000E+00	1.675314E-02	
0.000000E+00	1.739092E-02	
0.000000E+00	1.812926E-02	
0.000000E+00	1.831198E-02	
0.000000E+00	1.730908E-02	
0.000000E+00	1.756966E-02	
0.000000E+00	1.798663E-02	
0.000000E+00	1.839541E-02	
0.000000E+00	1.791872E-02	
0.000000E+00	1.715814E-02	
0.000000E+00	1.930896E-02	
0.000000E+00	1.939362E-02	
0.000000E+00	1.886047E-02	
0.000000E+00	1.868866E-02	
0.000000E+00	1.838708E-02	
0.000000E+00	1.908387E-02	
0.000000E+00	1.923645E-02	
0.000000E+00	1.928552E-02	
0.000000E+00	1.836376E-02	
0.000000E+00	1.949817E-02	
0.000000E+00	1.860043E-02	
0.000000E+00	1.873231E-02	
0.000000E+00	1.877523E-02	
0.000000E+00	1.963749E-02	
0.000000E+00	1.971233E-02	
0.000000E+00	1.972646E-02	
0.000000E+00	1.878623E-02	
0.000000E+00	1.971399E-02	
0.000000E+00	1.969632E-02	
0.000000E+00	1.765075E-02	
0.000000E+00	1.052802E-02	
0.000000E+00	5.451227E-03	
0.000000E+00	3.638422E-04	
0.000000E+00	4.157121E-04	
0.000000E+00	1.615084E-02	
0.000000E+00	5.725935E-03	
0.000000E+00	1.966991E-02	
0.000000E+00	1.103369E-02	
0.000000E+00	1.507275E-02	
0.000000E+00	1.511944E-02	
0.000000E+00	1.510639E-02	
0.000000E+00	1.520795E-02	
0.000000E+00	1.516994E-02	
0.000000E+00	1.514006E-02	
0.000000E+00	1.529534E-02	
0.000000E+00	1.540176E-02	
0.000000E+00	1.550191E-02	
0.000000E+00	1.522329E-02	
0.000000E+00	1.534250E-02	
0.000000E+00	1.524160E-02	
0.000000E+00	1.520756E-02	
0.000000E+00	1.517377E-02	
0.000000E+00	1.528097E-02	
0.000000E+00	1.556068E-02	
0.000000E+00	1.567223E-02	
0.000000E+00	1.527494E-02	
0.000000E+00	1.537111E-02	
0.000000E+00	1.532301E-02	
0.000000E+00	1.538837E-02	
0.000000E+00	1.546604E-02	
0.000000E+00	1.552846E-02	
0.000000E+00	1.534702E-02	
0.000000E+00	1.553884E-02	
0.000000E+00	1.570728E-02	
0.000000E+00	1.588182E-02	
0.000000E+00	1.609401E-02	
0.000000E+00	1.590624E-02	
0.000000E+00	1.638442E-02	
0.000000E+00	1.650611E-02	
0.000000E+00	1.619100E-02	
0.000000E+00	1.634130E-02	
0.000000E+00	1.629031E-02	
0.000000E+00	1.658976E-02	
0.000000E+00	1.673699E-02	
0.000000E+00	1.634072E-02	
0.000000E+00	1.677396E-02	
0.000000E+00	1.680239E-02	
0.000000E+00	1.527683E-02	
0.000000E+00	1.073012E-02	
0.000000E+00	1.534478E-02	
0.000000E+00	8.287827E-03	
0.000000E+00	4.342732E-03	
0.000000E+00	9.018790E-03	
0.000000E+00	2.199602E-04	
0.000000E+00	4.625502E-03	
0.000000E+00	2.343554E-04	
0.000000E+00	2.243759E-04	
0.000000E+00	1.379765E-02	
0.000000E+00	4.817424E-03	
0.000000E+00	1.681483E-02	
0.000000E+00	1.313290E-02	
0.000000E+00	9.394160E-03	
0.000000E+00	1.681585E-02	
0.000000E+00	4.949116E-03	
0.000000E+00	9.688993E-03	
0.000000E+00	2.483994E-04	
0.000000E+00	1.503916E-02	
0.000000E+00	1.507080E-02	
0.000000E+00	1.500562E-02	
0.000000E+00	1.512789E-02	
0.000000E+00	1.520194E-02	
0.000000E+00	1.505124E-02	
0.000000E+00	1.502342E-02	
0.000000E+00	1.493869E-02	
0.000000E+00	1.490535E-02	
0.000000E+00	1.493245E-02	
0.000000E+00	1.497688E-02	
0.000000E+00	1.497213E-02	
0.000000E+00	1.497490E-02	
0.000000E+00	1.505451E-02	
0.000000E+00	1.484555E-02	
0.000000E+00	1.490345E-02	
0.000000E+00	1.487439E-02	
0.000000E+00	1.486690E-02	
0.000000E+00	1.490829E-02	
0.000000E+00	1.495195E-02	
0.000000E+00	1.537557E-02	
0.000000E+00	1.521495E-02	
0.000000E+00	1.572598E-02	
0.000000E+00	1.600637E-02	
0.000000E+00	1.613101E-02	
0.000000E+00	1.555222E-02	
0.000000E+00	1.583259E-02	
0.000000E+00	1.598495E-02	
0.000000E+00	1.591879E-02	
0.000000E+00	1.602465E-02	
0.000000E+00	1.605589E-02	
0.000000E+00	1.487104E-02	
0.000000E+00	8.681477E-03	
0.000000E+00	4.454358E-03	
0.000000E+00	2.218040E-04	
0.000000E+00	2.294014E-04	
0.000000E+00	1.319073E-02	
0.000000E+00	4.613833E-03	
0.000000E+00	1.607120E-02	
0.000000E+00	8.989969E-03	
0.000000E+00	1.630400E-02	
0.000000E+00	1.652905E-02	
0.000000E+00	1.667607E-02	
0.000000E+00	1.690822E-02	
0.000000E+00	1.703256E-02	
0.000000E+00	1.705575E-02	
0.000000E+00	1.765049E-02	
0.000000E+00	1.852692E-02	
0.000000E+00	1.839519E-02	
0.000000E+00	1.758133E-02	
0.000000E+00	1.862838E-02	
0.000000E+00	1.823458E-02	
0.000000E+00	1.783563E-02	
0.000000E+00	1.744231E-02	
0.000000E+00	1.817564E-02	
0.000000E+00	1.949953E-02	
0.000000E+00	1.958007E-02	
0.000000E+00	1.861761E-02	
0.000000E+00	1.891858E-02	
0.000000E+00	1.906997E-02	
0.000000E+00	1.928353E-02	
0.000000E+00	1.942955E-02	
0.000000E+00	1.947680E-02	
0.000000E+00	1.732331E-02	
0.000000E+00	1.767531E-02	
0.000000E+00	1.865652E-02	
0.000000E+00	1.967979E-02	
0.000000E+00	1.891122E-02	
0.000000E+00	1.802257E-02	
0.000000E+00	1.904365E-02	
0.000000E+00	1.907406E-02	
0.000000E+00	1.821656E-02	
0.000000E+00	1.830830E-02	
0.000000E+00	1.981160E-02	
0.000000E+00	1.987971E-02	
0.000000E+00	1.988866E-02	
0.000000E+00	1.902710E-02	
0.000000E+00	1.987351E-02	
0.000000E+00	1.985305E-02	
0.000000E+00	1.720079E-02	
0.000000E+00	1.212760E-02	
0.000000E+00	1.778092E-02	
0.000000E+00	9.321385E-03	
0.000000E+00	4.944728E-03	
0.000000E+00	1.060423E-02	
0.000000E+00	3.214554E-04	
0.000000E+00	5.491770E-03	
0.000000E+00	4.186496E-04	
0.000000E+00	3.672605E-04	
0.000000E+00	1.627839E-02	
0.000000E+00	5.773730E-03	
0.000000E+00	1.982379E-02	
0.000000E+00	1.550191E-02	
0.000000E+00	1.112331E-02	
0.000000E+00	1.981366E-02	
0.000000E+00	5.951924E-03	
0.000000E+00	1.147649E-02	
0.000000E+00	4.694013E-04	
0.000000E+00	1.594401E-02	
0.000000E+00	1.607425E-02	
0.000000E+00	1.561721E-02	
0.000000E+00	1.628624E-02	
0.000000E+00	1.640472E-02	
0.000000E+00	1.579311E-02	
0.000000E+00	1.568022E-02	
0.000000E+00	1.507922E-02	
0.000000E+00	1.489718E-02	
0.000000E+00	1.515747E-02	
0.000000E+00	1.536235E-02	
0.000000E+00	1.532414E-02	
0.000000E+00	1.546952E-02	
0.000000E+00	1.562297E-02	
0.000000E+00	1.495952E-02	
0.000000E+00	1.511399E-02	
0.000000E+00	1.483780E-02	
0.000000E+00	1.515957E-02	
0.000000E+00	1.533709E-02	
0.000000E+00	1.542524E-02	
0.000000E+00	1.674803E-02	
0.000000E+00	1.586561E-02	
0.000000E+00	1.714837E-02	
0.000000E+00	1.739705E-02	
0.000000E+00	1.748926E-02	
0.000000E+00	1.628807E-02	
0.000000E+00	1.658968E-02	
0.000000E+00	1.673734E-02	
0.000000E+00	1.717626E-02	
0.000000E+00	1.677445E-02	
0.000000E+00	1.680293E-02	
0.000000E+00	1.601431E-02	
0.000000E+00	9.269126E-03	
0.000000E+00	4.788569E-03	
0.000000E+00	2.883582E-04	
0.000000E+00	2.651506E-04	
0.000000E+00	1.380901E-02	
0.000000E+00	4.842984E-03	
0.000000E+00	1.681531E-02	
0.000000E+00	9.415383E-03	
0.000000E+00	2.124665E-02	
0.000000E+00	2.125236E-02	
0.000000E+00	2.145473E-02	
0.000000E+00	2.126339E-02	
0.000000E+00	2.154320E-02	
0.000000E+00	2.166287E-02	
0.000000E+00	2.172742E-02	
0.000000E+00	2.224050E-02	
0.000000E+00	2.206469E-02	
0.000000E+00	2.184034E-02	
0.000000E+00	2.246397E-02	
0.000000E+00	2.228769E-02	
0.000000E+00	2.207911E-02	
0.000000E+00	2.187097E-02	
0.000000E+00	2.215064E-02	
0.000000E+00	2.289361E-02	
0.000000E+00	2.290923E-02	
0.000000E+00	2.248615E-02	
0.000000E+00	2.264386E-02	
0.000000E+00	2.271699E-02	
0.000000E+00	2.281676E-02	
0.000000E+00	2.287786E-02	
0.000000E+00	2.288906E-02	
0.000000E+00	2.127980E-02	
0.000000E+00	2.129837E-02	
0.000000E+00	2.209409E-02	
0.000000E+00	2.290302E-02	
0.000000E+00	2.206603E-02	
0.000000E+00	2.131271E-02	
0.000000E+00	2.199091E-02	
0.000000E+00	2.192606E-02	
0.000000E+00	2.129069E-02	
0.000000E+00	2.133329E-02	
0.000000E+00	2.282405E-02	
0.000000E+00	2.269228E-02	
0.000000E+00	2.254620E-02	
0.000000E+00	2.190031E-02	
0.000000E+00	2.245027E-02	
0.000000E+00	2.234638E-02	
0.000000E+00	1.946087E-02	
0.000000E+00	1.370659E-02	
0.000000E+00	1.997207E-02	
0.000000E+00	1.063574E-02	
0.000000E+00	5.780493E-03	
0.000000E+00	1.204092E-02	
0.000000E+00	6.263697E-04	
0.000000E+00	6.389354E-03	
0.000000E+00	8.343899E-04	
0.000000E+00	7.279972E-04	
0.000000E+00	1.831957E-02	
0.000000E+00	6.744647E-03	
0.000000E+00	2.223360E-02	
0.000000E+00	1.749234E-02	
0.000000E+00	1.264448E-02	
0.000000E+00	2.219872E-02	
0.000000E+00	6.979882E-03	
0.000000E+00	1.307801E-02	
0.000000E+00	9.275582E-04	
0.000000E+00	2.103853E-02	
0.000000E+00	2.096200E-02	
0.000000E+00	2.083048E-02	
0.000000E+00	2.080162E-02	
0.000000E+00	2.049867E-02	
0.000000E+00	2.029583E-02	
0.000000E+00	2.066674E-02	
0.000000E+00	2.041442E-02	
0.000000E+00	2.020607E-02	
0.000000E+00	2.004722E-02	
0.000000E+00	2.035979E-02	
0.000000E+00	2.062247E-02	
0.000000E+00	1.965391E-02	
0.000000E+00	1.966310E-02	
0.000000E+00	1.977973E-02	
0.000000E+00	1.986591E-02	
0.000000E+00	2.000805E-02	
0.000000E+00	1.969157E-02	
0.000000E+00	1.964689E-02	
0.000000E+00	1.965103E-02	
0.000000E+00	2.050612E-02	
0.000000E+00	1.970772E-02	
0.000000E+00	2.056303E-02	
0.000000E+00	2.058377E-02	
0.000000E+00	2.056273E-02	
0.000000E+00	1.981649E-02	
0.000000E+00	1.988119E-02	
0.000000E+00	1.989015E-02	
0.000000E+00	2.008958E-02	
0.000000E+00	1.987593E-02	
0.000000E+00	1.985658E-02	
0.000000E+00	1.858906E-02	
0.000000E+00	1.087689E-02	
0.000000E+00	5.721633E-03	
0.000000E+00	5.576152E-04	
0.000000E+00	5.094370E-04	
0.000000E+00	1.630582E-02	
0.000000E+00	5.839935E-03	
0.000000E+00	1.982795E-02	
0.000000E+00	1.117224E-02	
0.000000E+00	2.495237E-02	
0.000000E+00	2.492573E-02	
0.000000E+00	2.519482E-02	
0.000000E+00	2.487394E-02	
0.000000E+00	2.526239E-02	
0.000000E+00	2.543713E-02	
0.000000E+00	2.540181E-02	
0.000000E+00	2.597450E-02	
0.000000E+00	2.566728E-02	
0.000000E+00	2.560374E-02	
0.000000E+00	2.631012E-02	
0.000000E+00	2.616347E-02	
0.000000E+00	2.592122E-02	
0.000000E+00	2.567922E-02	
0.000000E+00	2.595523E-02	
0.000000E+00	2.668786E-02	
0.000000E+00	2.661407E-02	
0.000000E+00	2.639305E-02	
0.000000E+00	2.651886E-02	
0.000000E+00	2.665222E-02	
0.000000E+00	2.672868E-02	
0.000000E+00	2.674540E-02	
0.000000E+00	2.670890E-02	
0.000000E+00	2.478905E-02	
0.000000E+00	2.466045E-02	
0.000000E+00	2.553013E-02	
0.000000E+00	2.641705E-02	
0.000000E+00	2.512415E-02	
0.000000E+00	2.435616E-02	
0.000000E+00	2.468093E-02	
0.000000E+00	2.435198E-02	
0.000000E+00	2.402794E-02	
0.000000E+00	2.388499E-02	
0.000000E+00	2.589710E-02	
0.000000E+00	2.533468E-02	
0.000000E+00	2.485391E-02	
0.000000E+00	2.410729E-02	
0.000000E+00	2.458470E-02	
0.000000E+00	2.430209E-02	
0.000000E+00	2.117010E-02	
0.000000E+00	1.509736E-02	
0.000000E+00	2.175512E-02	
0.000000E+00	1.183030E-02	
0.000000E+00	6.643489E-03	
0.000000E+00	1.334251E-02	
0.000000E+00	1.117318E-03	
0.000000E+00	7.323745E-03	
0.000000E+00	1.469693E-03	
0.000000E+00	1.280208E-03	
0.000000E+00	1.991464E-02	
0.000000E+00	7.698499E-03	
0.000000E+00	2.400887E-02	
0.000000E+00	1.895503E-02	
0.000000E+00	1.391784E-02	
0.000000E+00	2.391683E-02	
0.000000E+00	7.932393E-03	
0.000000E+00	1.431565E-02	
0.000000E+00	1.593233E-03	
0.000000E+00	2.470987E-02	
0.000000E+00	2.458823E-02	
0.000000E+00	2.446729E-02	
0.000000E+00	2.434322E-02	
0.000000E+00	2.391078E-02	
0.000000E+00	2.375536E-02	
0.000000E+00	2.424324E-02	
0.000000E+00	2.398195E-02	
0.000000E+00	2.373874E-02	
0.000000E+00	2.352328E-02	
0.000000E+00	2.388327E-02	
0.000000E+00	2.422468E-02	
0.000000E+00	2.300623E-02	
0.000000E+00	2.296991E-02	
0.000000E+00	2.323695E-02	
0.000000E+00	2.331488E-02	
0.000000E+00	2.350727E-02	
0.000000E+00	2.311546E-02	
0.000000E+00	2.303682E-02	
0.000000E+00	2.301635E-02	
0.000000E+00	2.379527E-02	
0.000000E+00	2.292353E-02	
0.000000E+00	2.359098E-02	
0.000000E+00	2.335945E-02	
0.000000E+00	2.315185E-02	
0.000000E+00	2.282781E-02	
0.000000E+00	2.269400E-02	
0.000000E+00	2.254982E-02	
0.000000E+00	2.247728E-02	
0.000000E+00	2.245811E-02	
0.000000E+00	2.235921E-02	
0.000000E+00	2.063439E-02	
0.000000E+00	1.232747E-02	
0.000000E+00	6.680407E-03	
0.000000E+00	1.026910E-03	
0.000000E+00	9.737945E-04	
0.000000E+00	1.836903E-02	
0.000000E+00	6.845231E-03	
0.000000E+00	2.224793E-02	
0.000000E+00	1.271732E-02	
0.000000E+00	2.877164E-02	
0.000000E+00	2.848862E-02	
0.000000E+00	2.859806E-02	
0.000000E+00	2.798540E-02	
0.000000E+00	2.831595E-02	
0.000000E+00	2.841666E-02	
0.000000E+00	2.783819E-02	
0.000000E+00	2.758779E-02	
0.000000E+00	2.728907E-02	
0.000000E+00	2.811085E-02	
0.000000E+00	2.764671E-02	
0.000000E+00	2.786097E-02	
0.000000E+00	2.804762E-02	
0.000000E+00	2.823282E-02	
0.000000E+00	2.788477E-02	
0.000000E+00	2.717979E-02	
0.000000E+00	2.708608E-02	
0.000000E+00	2.768246E-02	
0.000000E+00	2.749611E-02	
0.000000E+00	2.746953E-02	
0.000000E+00	2.735145E-02	
0.000000E+00	2.725581E-02	
0.000000E+00	2.720620E-02	
0.000000E+00	2.734965E-02	
0.000000E+00	2.680708E-02	
0.000000E+00	2.687674E-02	
0.000000E+00	2.690233E-02	
0.000000E+00	2.631921E-02	
0.000000E+00	2.618652E-02	
0.000000E+00	2.577293E-02	
0.000000E+00	2.529523E-02	
0.000000E+00	2.563133E-02	
0.000000E+00	2.525044E-02	
0.000000E+00	2.645026E-02	
0.000000E+00	2.591844E-02	
0.000000E+00	2.542202E-02	
0.000000E+00	2.471931E-02	
0.000000E+00	2.512796E-02	
0.000000E+00	2.481544E-02	
0.000000E+00	2.183887E-02	
0.000000E+00	1.576081E-02	
0.000000E+00	2.233329E-02	
0.000000E+00	1.243691E-02	
0.000000E+00	7.153063E-03	
0.000000E+00	1.376168E-02	
0.000000E+00	1.493679E-03	
0.000000E+00	7.690143E-03	
0.000000E+00	1.753044E-03	
0.000000E+00	1.599463E-03	
0.000000E+00	2.035233E-02	
0.000000E+00	8.026295E-03	
0.000000E+00	2.448015E-02	
0.000000E+00	1.429552E-02	
0.000000E+00	2.892306E-02	
0.000000E+00	2.860592E-02	
0.000000E+00	2.901895E-02	
0.000000E+00	2.799744E-02	
0.000000E+00	2.719312E-02	
0.000000E+00	2.776290E-02	
0.000000E+00	2.863839E-02	
0.000000E+00	2.886896E-02	
0.000000E+00	2.861435E-02	
0.000000E+00	2.803997E-02	
0.000000E+00	2.836140E-02	
0.000000E+00	2.900175E-02	
0.000000E+00	2.692674E-02	
0.000000E+00	2.674187E-02	
0.000000E+00	2.769431E-02	
0.000000E+00	2.780665E-02	
0.000000E+00	2.825450E-02	
0.000000E+00	2.734055E-02	
0.000000E+00	2.707714E-02	
0.000000E+00	2.697687E-02	
0.000000E+00	2.666684E-02	
0.000000E+00	2.645970E-02	
0.000000E+00	2.604784E-02	
0.000000E+00	2.548287E-02	
0.000000E+00	2.499814E-02	
0.000000E+00	2.590424E-02	
0.000000E+00	2.533737E-02	
0.000000E+00	2.486001E-02	
0.000000E+00	2.424823E-02	
0.000000E+00	2.459858E-02	
0.000000E+00	2.432520E-02	
0.000000E+00	2.200198E-02	
0.000000E+00	1.350024E-02	
0.000000E+00	7.505147E-03	
0.000000E+00	1.499960E-03	
0.000000E+00	1.562329E-03	
0.000000E+00	1.995963E-02	
0.000000E+00	7.771299E-03	
0.000000E+00	2.403493E-02	
0.000000E+00	1.397261E-02	
0.000000E+00	2.709915E-02	
0.000000E+00	2.710342E-02	
0.000000E+00	2.727473E-02	
0.000000E+00	2.727223E-02	
0.000000E+00	2.727638E-02	
0.000000E+00	2.690837E-02	
0.000000E+00	2.690722E-02	
0.000000E+00	2.592392E-02	
0.000000E+00	2.645490E-02	
0.000000E+00	2.645617E-02	
0.000000E+00	2.592555E-02	
0.000000E+00	2.709785E-02	
0.000000E+00	2.727272E-02	
0.000000E+00	2.727275E-02	
0.000000E+00	2.690683E-02	
0.000000E+00	2.592383E-02	
0.000000E+00	2.645482E-02	
0.000000E+00	2.542846E-02	
0.000000E+00	2.542904E-02	
0.000000E+00	2.542810E-02	
0.000000E+00	2.701805E-02	
0.000000E+00	2.718175E-02	
0.000000E+00	2.726044E-02	
0.000000E+00	2.697515E-02	
0.000000E+00	2.731943E-02	
0.000000E+00	2.674417E-02	
0.000000E+00	2.675753E-02	
0.000000E+00	2.562437E-02	
0.000000E+00	2.622325E-02	
0.000000E+00	2.622233E-02	
0.000000E+00	2.562568E-02	
0.000000E+00	2.691808E-02	
0.000000E+00	2.710332E-02	
0.000000E+00	2.703750E-02	
0.000000E+00	2.672710E-02	
0.000000E+00	2.562256E-02	
0.000000E+00	2.621826E-02	
0.000000E+00	1.564825E-02	
0.000000E+00	1.535686E-02	
0.000000E+00	1.539378E-02	
0.000000E+00	1.561582E-02	
0.000000E+00	1.542716E-02	
0.000000E+00	1.586309E-02	
0.000000E+00	1.587292E-02	
0.000000E+00	1.658774E-02	
0.000000E+00	1.628610E-02	
0.000000E+00	1.628364E-02	
0.000000E+00	1.658732E-02	
0.000000E+00	1.560742E-02	
0.000000E+00	1.532459E-02	
0.000000E+00	1.530877E-02	
0.000000E+00	1.586071E-02	
0.000000E+00	1.658761E-02	
0.000000E+00	1.628436E-02	
0.000000E+00	1.674104E-02	
0.000000E+00	1.674753E-02	
0.000000E+00	1.674120E-02	
0.000000E+00	1.598898E-02	
0.000000E+00	1.582985E-02	
0.000000E+00	1.599533E-02	
0.000000E+00	1.582906E-02	
0.000000E+00	1.598887E-02	
0.000000E+00	1.583005E-02	
0.000000E+00	1.946683E-02	
0.000000E+00	1.934312E-02	
0.000000E+00	1.939762E-02	
0.000000E+00	1.942782E-02	
0.000000E+00	1.944203E-02	
0.000000E+00	1.950940E-02	
0.000000E+00	1.952157E-02	
0.000000E+00	1.971331E-02	
0.000000E+00	1.964076E-02	
0.000000E+00	1.963842E-02	
0.000000E+00	1.971283E-02	
0.000000E+00	1.939542E-02	
0.000000E+00	1.928743E-02	
0.000000E+00	1.924171E-02	
0.000000E+00	1.949972E-02	
0.000000E+00	1.971231E-02	
0.000000E+00	1.963709E-02	
0.000000E+00	1.972986E-02	
0.000000E+00	1.973207E-02	
0.000000E+00	1.972894E-02	
0.000000E+00	1.499280E-02	
0.000000E+00	1.480516E-02	
0.000000E+00	1.477190E-02	
0.000000E+00	1.500463E-02	
0.000000E+00	1.475420E-02	
0.000000E+00	1.519848E-02	
0.000000E+00	1.519490E-02	
0.000000E+00	1.554669E-02	
0.000000E+00	1.554633E-02	
0.000000E+00	1.503495E-02	
0.000000E+00	1.484263E-02	
0.000000E+00	1.487610E-02	
0.000000E+00	1.520755E-02	
0.000000E+00	1.554853E-02	
0.000000E+00	2.664281E-02	
0.000000E+00	2.694300E-02	
0.000000E+00	2.686099E-02	
0.000000E+00	2.670371E-02	
0.000000E+00	2.679206E-02	
0.000000E+00	2.644719E-02	
0.000000E+00	2.642880E-02	
0.000000E+00	2.534044E-02	
0.000000E+00	2.590342E-02	
0.000000E+00	2.590771E-02	
0.000000E+00	2.534292E-02	
0.000000E+00	2.674700E-02	
0.000000E+00	2.702473E-02	
0.000000E+00	2.708516E-02	
0.000000E+00	2.646053E-02	
0.000000E+00	2.534229E-02	
0.000000E+00	2.590861E-02	
0.000000E+00	2.485854E-02	
0.000000E+00	2.485888E-02	
0.000000E+00	2.486275E-02	
0.000000E+00	2.254943E-02	
0.000000E+00	2.269407E-02	
0.000000E+00	2.255186E-02	
0.000000E+00	2.269514E-02	
0.000000E+00	2.255187E-02	
0.000000E+00	2.269519E-02	
0.000000E+00	1.958157E-02	
0.000000E+00	1.953069E-02	
0.000000E+00	1.947777E-02	
0.000000E+00	1.961222E-02	
0.000000E+00	1.943432E-02	
0.000000E+00	1.969035E-02	
0.000000E+00	1.968121E-02	
0.000000E+00	1.987972E-02	
0.000000E+00	1.981121E-02	
0.000000E+00	1.981246E-02	
0.000000E+00	1.988023E-02	
0.000000E+00	1.964931E-02	
0.000000E+00	1.958247E-02	
0.000000E+00	1.962467E-02	
0.000000E+00	1.970192E-02	
0.000000E+00	1.988067E-02	
0.000000E+00	1.981468E-02	
0.000000E+00	1.989114E-02	
0.000000E+00	1.989421E-02	
0.000000E+00	1.989205E-02	
0.000000E+00	2.291581E-02	
0.000000E+00	2.295865E-02	
0.000000E+00	2.292058E-02	
0.000000E+00	2.294075E-02	
0.000000E+00	2.288923E-02	
0.000000E+00	2.291362E-02	
0.000000E+00	2.290612E-02	
0.000000E+00	2.282552E-02	
0.000000E+00	2.282704E-02	
0.000000E+00	2.296534E-02	
0.000000E+00	2.299714E-02	
0.000000E+00	2.302845E-02	
0.000000E+00	2.292130E-02	
0.000000E+00	2.282816E-02	
0.000000E+00	2.298174E-02	
0.000000E+00	2.297410E-02	
0.000000E+00	2.301478E-02	
0.000000E+00	2.295575E-02	
0.000000E+00	2.304788E-02	
0.000000E+00	2.292815E-02	
0.000000E+00	2.293627E-02	
0.000000E+00	2.270794E-02	
0.000000E+00	2.284184E-02	
0.000000E+00	2.284064E-02	
0.000000E+00	2.270786E-02	
0.000000E+00	2.292937E-02	
0.000000E+00	2.293384E-02	
0.000000E+00	2.290071E-02	
0.000000E+00	2.292021E-02	
0.000000E+00	2.270676E-02	
0.000000E+00	2.283904E-02	
0.000000E+00	2.256395E-02	
0.000000E+00	2.256387E-02	
0.000000E+00	2.256140E-02	
0.000000E+00	2.509810E-02	
0.000000E+00	2.509396E-02	
0.000000E+00	2.509393E-02	
0.000000E+00	2.914855E-02	
0.000000E+00	2.915601E-02	
0.000000E+00	2.914352E-02	
0.000000E+00	2.903952E-02	
0.000000E+00	2.903346E-02	
0.000000E+00	2.886894E-02	
0.000000E+00	2.912882E-02	
0.000000E+00	2.913614E-02	
0.000000E+00	2.887135E-02	
0.000000E+00	2.913622E-02	
0.000000E+00	2.902960E-02	
0.000000E+00	2.901619E-02	
0.000000E+00	2.877478E-02	
0.000000E+00	2.878903E-02	
0.000000E+00	2.840638E-02	
0.000000E+00	2.876610E-02	
0.000000E+00	2.900813E-02	
0.000000E+00	2.842149E-02	
0.000000E+00	2.886749E-02	
0.000000E+00	2.902981E-02	
0.000000E+00	2.800103E-02	
0.000000E+00	2.842447E-02	
0.000000E+00	2.795559E-02	
0.000000E+00	2.767499E-02	
0.000000E+00	2.770817E-02	
0.000000E+00	2.792267E-02	
0.000000E+00	2.743656E-02	
0.000000E+00	2.745839E-02	
0.000000E+00	2.765722E-02	
0.000000E+00	2.761682E-02	
0.000000E+00	2.749048E-02	
0.000000E+00	2.747128E-02	
0.000000E+00	2.730404E-02	
0.000000E+00	2.729633E-02	
0.000000E+00	2.728729E-02	
0.000000E+00	2.727710E-02	
0.000000E+00	2.848988E-02	
0.000000E+00	2.849014E-02	
0.000000E+00	2.829450E-02	
0.000000E+00	2.868317E-02	
0.000000E+00	2.868401E-02	
0.000000E+00	2.848972E-02	
0.000000E+00	2.829427E-02	
0.000000E+00	2.829434E-02	
0.000000E+00	2.789924E-02	
0.000000E+00	2.809740E-02	
0.000000E+00	2.809757E-02	
0.000000E+00	2.769902E-02	
0.000000E+00	2.789958E-02	
0.000000E+00	2.789904E-02	
0.000000E+00	2.809736E-02	
0.000000E+00	2.771008E-02	
0.000000E+00	2.868261E-02	
0.000000E+00	2.750400E-02	
0.000000E+00	2.770165E-02	
0.000000E+00	2.751619E-02	
0.000000E+00	2.741839E-02	
0.000000E+00	2.741033E-02	
0.000000E+00	2.749527E-02	
0.000000E+00	2.740537E-02	
0.000000E+00	2.736220E-02	
0.000000E+00	2.735470E-02	
0.000000E+00	2.739272E-02	
0.000000E+00	2.735734E-02	
0.000000E+00	2.736735E-02	
0.000000E+00	2.737238E-02	
0.000000E+00	2.735310E-02	
0.000000E+00	2.734780E-02	
0.000000E+00	2.734148E-02	
0.000000E+00	2.431007E-02	
0.000000E+00	2.456610E-02	
0.000000E+00	2.456605E-02	
0.000000E+00	2.482207E-02	
0.000000E+00	2.482205E-02	
0.000000E+00	2.507803E-02	
0.000000E+00	2.431007E-02	
0.000000E+00	2.456608E-02	
0.000000E+00	2.507806E-02	
0.000000E+00	2.431003E-02	
0.000000E+00	2.405398E-02	
0.000000E+00	2.405393E-02	
0.000000E+00	2.379756E-02	
0.000000E+00	2.379796E-02	
0.000000E+00	2.353948E-02	
0.000000E+00	2.379742E-02	
0.000000E+00	2.405397E-02	
0.000000E+00	2.355400E-02	
0.000000E+00	2.507795E-02	
0.000000E+00	2.482205E-02	
0.000000E+00	2.330119E-02	
0.000000E+00	2.354244E-02	
0.000000E+00	2.328763E-02	
0.000000E+00	2.315088E-02	
0.000000E+00	2.315822E-02	
0.000000E+00	2.327964E-02	
0.000000E+00	2.305485E-02	
0.000000E+00	2.305892E-02	
0.000000E+00	2.315061E-02	
0.000000E+00	2.313925E-02	
0.000000E+00	2.306177E-02	
0.000000E+00	2.305895E-02	
0.000000E+00	2.298202E-02	
0.000000E+00	2.298161E-02	
0.000000E+00	2.298112E-02	
0.000000E+00	2.298052E-02	
0.000000E+00	2.558975E-02	
0.000000E+00	2.558977E-02	
0.000000E+00	2.584544E-02	
0.000000E+00	2.533393E-02	
0.000000E+00	2.533399E-02	
0.000000E+00	2.558971E-02	
0.000000E+00	2.584535E-02	
0.000000E+00	2.584538E-02	
0.000000E+00	2.635651E-02	
0.000000E+00	2.610092E-02	
0.000000E+00	2.610096E-02	
0.000000E+00	2.661339E-02	
0.000000E+00	2.635629E-02	
0.000000E+00	2.635663E-02	
0.000000E+00	2.610089E-02	
0.000000E+00	2.659862E-02	
0.000000E+00	2.533394E-02	
0.000000E+00	2.686423E-02	
0.000000E+00	2.661105E-02	
0.000000E+00	2.685365E-02	
0.000000E+00	2.701496E-02	
0.000000E+00	2.701823E-02	
0.000000E+00	2.686832E-02	
0.000000E+00	2.701115E-02	
0.000000E+00	2.714297E-02	
0.000000E+00	2.713981E-02	
0.000000E+00	2.701635E-02	
0.000000E+00	2.715128E-02	
0.000000E+00	2.715357E-02	
0.000000E+00	2.049946E-02	
0.000000E+00	2.071981E-02	
0.000000E+00	2.071975E-02	
0.000000E+00	2.094020E-02	
0.000000E+00	2.094016E-02	
0.000000E+00	2.116056E-02	
0.000000E+00	2.049949E-02	
0.000000E+00	2.071976E-02	
0.000000E+00	2.116058E-02	
0.000000E+00	2.049942E-02	
0.000000E+00	2.027916E-02	
0.000000E+00	2.027905E-02	
0.000000E+00	2.005856E-02	
0.000000E+00	2.005889E-02	
0.000000E+00	1.983674E-02	
0.000000E+00	2.005844E-02	
0.000000E+00	2.027913E-02	
0.000000E+00	1.984939E-02	
0.000000E+00	2.116052E-02	
0.000000E+00	2.094017E-02	
0.000000E+00	1.963061E-02	
0.000000E+00	1.983908E-02	
0.000000E+00	1.962007E-02	
0.000000E+00	1.949424E-02	
0.000000E+00	1.949895E-02	
0.000000E+00	1.961485E-02	
0.000000E+00	1.939910E-02	
0.000000E+00	1.939967E-02	
0.000000E+00	1.949719E-02	
0.000000E+00	1.949000E-02	
0.000000E+00	1.939675E-02	
0.000000E+00	1.939624E-02	
0.000000E+00	1.929674E-02	
0.000000E+00	1.929907E-02	
0.000000E+00	1.930198E-02	
0.000000E+00	1.930542E-02	
0.000000E+00	2.160139E-02	
0.000000E+00	2.160149E-02	
0.000000E+00	2.182196E-02	
0.000000E+00	2.138093E-02	
0.000000E+00	2.138102E-02	
0.000000E+00	2.160140E-02	
0.000000E+00	2.182183E-02	
0.000000E+00	2.182188E-02	
0.000000E+00	2.226306E-02	
0.000000E+00	2.204239E-02	
0.000000E+00	2.204243E-02	
0.000000E+00	2.248521E-02	
0.000000E+00	2.226285E-02	
0.000000E+00	2.226321E-02	
0.000000E+00	2.204236E-02	
0.000000E+00	2.247270E-02	
0.000000E+00	2.138098E-02	
0.000000E+00	2.270208E-02	
0.000000E+00	2.248284E-02	
0.000000E+00	2.269083E-02	
0.000000E+00	2.281632E-02	
0.000000E+00	2.282212E-02	
0.000000E+00	2.270856E-02	
0.000000E+00	2.282151E-02	
0.000000E+00	2.290563E-02	
0.000000E+00	2.290832E-02	
0.000000E+00	2.283055E-02	
0.000000E+00	2.290653E-02	
0.000000E+00	2.290468E-02	
0.000000E+00	1.492019E-02	
0.000000E+00	1.523565E-02	
0.000000E+00	1.523900E-02	
0.000000E+00	1.558071E-02	
0.000000E+00	1.558426E-02	
0.000000E+00	1.596400E-02	
0.000000E+00	1.492853E-02	
0.000000E+00	1.524117E-02	
0.000000E+00	1.596282E-02	
0.000000E+00	1.492532E-02	
0.000000E+00	1.465349E-02	
0.000000E+00	1.465990E-02	
0.000000E+00	1.445238E-02	
0.000000E+00	1.443961E-02	
0.000000E+00	1.436343E-02	
0.000000E+00	1.446010E-02	
0.000000E+00	1.466399E-02	
0.000000E+00	1.437590E-02	
0.000000E+00	1.596464E-02	
0.000000E+00	1.558639E-02	
0.000000E+00	1.437525E-02	
0.000000E+00	1.434506E-02	
0.000000E+00	1.440827E-02	
0.000000E+00	1.447883E-02	
0.000000E+00	1.444317E-02	
0.000000E+00	1.443666E-02	
0.000000E+00	1.461584E-02	
0.000000E+00	1.459248E-02	
0.000000E+00	1.450736E-02	
0.000000E+00	1.454141E-02	
0.000000E+00	1.454957E-02	
0.000000E+00	1.457295E-02	
0.000000E+00	1.465716E-02	
0.000000E+00	1.466955E-02	
0.000000E+00	1.468271E-02	
0.000000E+00	1.469652E-02	
0.000000E+00	1.675251E-02	
0.000000E+00	1.675195E-02	
0.000000E+00	1.715678E-02	
0.000000E+00	1.635446E-02	
0.000000E+00	1.635383E-02	
0.000000E+00	1.675295E-02	
0.000000E+00	1.715791E-02	
0.000000E+00	1.715735E-02	
0.000000E+00	1.798577E-02	
0.000000E+00	1.756903E-02	
0.000000E+00	1.756856E-02	
0.000000E+00	1.840894E-02	
0.000000E+00	1.798494E-02	
0.000000E+00	1.798630E-02	
0.000000E+00	1.756941E-02	
0.000000E+00	1.838538E-02	
0.000000E+00	1.635500E-02	
0.000000E+00	1.882475E-02	
0.000000E+00	1.840372E-02	
0.000000E+00	1.880140E-02	
0.000000E+00	1.903324E-02	
0.000000E+00	1.904661E-02	
0.000000E+00	1.883945E-02	
0.000000E+00	1.904933E-02	
0.000000E+00	1.919077E-02	
0.000000E+00	1.919952E-02	
0.000000E+00	1.907005E-02	
0.000000E+00	1.918843E-02	
0.000000E+00	1.918246E-02	
0.000000E+00	1.517375E-02	
0.000000E+00	1.514003E-02	
0.000000E+00	1.514005E-02	
0.000000E+00	1.510635E-02	
0.000000E+00	1.510637E-02	
0.000000E+00	1.507274E-02	
0.000000E+00	1.517377E-02	
0.000000E+00	1.514006E-02	
0.000000E+00	1.507272E-02	
0.000000E+00	1.517377E-02	
0.000000E+00	1.520751E-02	
0.000000E+00	1.520755E-02	
0.000000E+00	1.524148E-02	
0.000000E+00	1.524132E-02	
0.000000E+00	1.527614E-02	
0.000000E+00	1.524156E-02	
0.000000E+00	1.520755E-02	
0.000000E+00	1.527457E-02	
0.000000E+00	1.507275E-02	
0.000000E+00	1.510638E-02	
0.000000E+00	1.530399E-02	
0.000000E+00	1.527502E-02	
0.000000E+00	1.530937E-02	
0.000000E+00	1.530357E-02	
0.000000E+00	1.529712E-02	
0.000000E+00	1.531547E-02	
0.000000E+00	1.528426E-02	
0.000000E+00	1.527290E-02	
0.000000E+00	1.531352E-02	
0.000000E+00	1.532325E-02	
0.000000E+00	1.525178E-02	
0.000000E+00	1.526042E-02	
0.000000E+00	1.516780E-02	
0.000000E+00	1.518344E-02	
0.000000E+00	1.520011E-02	
0.000000E+00	1.521758E-02	
0.000000E+00	1.500561E-02	
0.000000E+00	1.500558E-02	
0.000000E+00	1.497209E-02	
0.000000E+00	1.503916E-02	
0.000000E+00	1.503912E-02	
0.000000E+00	1.500561E-02	
0.000000E+00	1.497213E-02	
0.000000E+00	1.497212E-02	
0.000000E+00	1.490532E-02	
0.000000E+00	1.493867E-02	
0.000000E+00	1.493865E-02	
0.000000E+00	1.487217E-02	
0.000000E+00	1.490526E-02	
0.000000E+00	1.490534E-02	
0.000000E+00	1.493869E-02	
0.000000E+00	1.487433E-02	
0.000000E+00	1.503915E-02	
0.000000E+00	1.483948E-02	
0.000000E+00	1.487195E-02	
0.000000E+00	1.483838E-02	
0.000000E+00	1.479969E-02	
0.000000E+00	1.480311E-02	
0.000000E+00	1.484239E-02	
0.000000E+00	1.481088E-02	
0.000000E+00	1.475780E-02	
0.000000E+00	1.476583E-02	
0.000000E+00	1.481586E-02	
0.000000E+00	1.474794E-02	
0.000000E+00	1.474170E-02	
0.000000E+00	1.744069E-02	
0.000000E+00	1.705420E-02	
0.000000E+00	1.705522E-02	
0.000000E+00	1.667436E-02	
0.000000E+00	1.667543E-02	
0.000000E+00	1.630283E-02	
0.000000E+00	1.744210E-02	
0.000000E+00	1.705564E-02	
0.000000E+00	1.630137E-02	
0.000000E+00	1.744171E-02	
0.000000E+00	1.783438E-02	
0.000000E+00	1.783527E-02	
0.000000E+00	1.823380E-02	
0.000000E+00	1.823258E-02	
0.000000E+00	1.863844E-02	
0.000000E+00	1.823425E-02	
0.000000E+00	1.783548E-02	
0.000000E+00	1.861591E-02	
0.000000E+00	1.630376E-02	
0.000000E+00	1.667595E-02	
0.000000E+00	1.901321E-02	
0.000000E+00	1.863306E-02	
0.000000E+00	1.903587E-02	
0.000000E+00	1.924778E-02	
0.000000E+00	1.923482E-02	
0.000000E+00	1.904981E-02	
0.000000E+00	1.939360E-02	
0.000000E+00	1.938522E-02	
0.000000E+00	1.925038E-02	
0.000000E+00	1.927016E-02	
0.000000E+00	1.937714E-02	
0.000000E+00	1.938298E-02	
0.000000E+00	1.948589E-02	
0.000000E+00	1.948822E-02	
0.000000E+00	1.949103E-02	
0.000000E+00	1.949436E-02	
0.000000E+00	1.561422E-02	
0.000000E+00	1.561039E-02	
0.000000E+00	1.531448E-02	
0.000000E+00	1.594114E-02	
0.000000E+00	1.593714E-02	
0.000000E+00	1.561646E-02	
0.000000E+00	1.532310E-02	
0.000000E+00	1.531993E-02	
0.000000E+00	1.488660E-02	
0.000000E+00	1.507375E-02	
0.000000E+00	1.506698E-02	
0.000000E+00	1.482181E-02	
0.000000E+00	1.487320E-02	
0.000000E+00	1.489458E-02	
0.000000E+00	1.507787E-02	
0.000000E+00	1.483340E-02	
0.000000E+00	1.594330E-02	
0.000000E+00	1.489688E-02	
0.000000E+00	1.480197E-02	
0.000000E+00	1.485949E-02	
0.000000E+00	1.494310E-02	
0.000000E+00	1.498297E-02	
0.000000E+00	1.492910E-02	
0.000000E+00	1.501542E-02	
0.000000E+00	1.510738E-02	
0.000000E+00	1.513494E-02	
0.000000E+00	1.505465E-02	
0.000000E+00	1.508398E-02	
0.000000E+00	1.505690E-02	
0.000000E+00	2.187086E-02	
0.000000E+00	2.166272E-02	
0.000000E+00	2.166290E-02	
0.000000E+00	2.145456E-02	
0.000000E+00	2.145471E-02	
0.000000E+00	2.124659E-02	
0.000000E+00	2.187098E-02	
0.000000E+00	2.166289E-02	
0.000000E+00	2.124643E-02	
0.000000E+00	2.187102E-02	
0.000000E+00	2.207897E-02	
0.000000E+00	2.207916E-02	
0.000000E+00	2.228747E-02	
0.000000E+00	2.228704E-02	
0.000000E+00	2.249716E-02	
0.000000E+00	2.228761E-02	
0.000000E+00	2.207909E-02	
0.000000E+00	2.248535E-02	
0.000000E+00	2.124667E-02	
0.000000E+00	2.145474E-02	
0.000000E+00	2.269105E-02	
0.000000E+00	2.249469E-02	
0.000000E+00	2.270186E-02	
0.000000E+00	2.281520E-02	
0.000000E+00	2.280961E-02	
0.000000E+00	2.270792E-02	
0.000000E+00	2.289662E-02	
0.000000E+00	2.289408E-02	
0.000000E+00	2.281458E-02	
0.000000E+00	2.282313E-02	
0.000000E+00	2.289313E-02	
0.000000E+00	2.289497E-02	
0.000000E+00	2.296626E-02	
0.000000E+00	2.296593E-02	
0.000000E+00	2.296547E-02	
0.000000E+00	2.296489E-02	
0.000000E+00	2.083046E-02	
0.000000E+00	2.083025E-02	
0.000000E+00	2.062224E-02	
0.000000E+00	2.103855E-02	
0.000000E+00	2.103834E-02	
0.000000E+00	2.083048E-02	
0.000000E+00	2.062246E-02	
0.000000E+00	2.062242E-02	
0.000000E+00	2.020628E-02	
0.000000E+00	2.041440E-02	
0.000000E+00	2.041428E-02	
0.000000E+00	1.999685E-02	
0.000000E+00	2.020633E-02	
0.000000E+00	2.020615E-02	
0.000000E+00	2.041446E-02	
0.000000E+00	2.000875E-02	
0.000000E+00	2.103852E-02	
0.000000E+00	1.979233E-02	
0.000000E+00	1.999882E-02	
0.000000E+00	1.980204E-02	
0.000000E+00	1.967764E-02	
0.000000E+00	1.967336E-02	
0.000000E+00	1.978739E-02	
0.000000E+00	1.967619E-02	
0.000000E+00	1.958381E-02	
0.000000E+00	1.958332E-02	
0.000000E+00	1.966945E-02	
0.000000E+00	1.958052E-02	
0.000000E+00	1.958085E-02	
0.000000E+00	2.567909E-02	
0.000000E+00	2.543692E-02	
0.000000E+00	2.543719E-02	
0.000000E+00	2.519465E-02	
0.000000E+00	2.519484E-02	
0.000000E+00	2.495236E-02	
0.000000E+00	2.567925E-02	
0.000000E+00	2.543718E-02	
0.000000E+00	2.495218E-02	
0.000000E+00	2.567928E-02	
0.000000E+00	2.592110E-02	
0.000000E+00	2.592129E-02	
0.000000E+00	2.616332E-02	
0.000000E+00	2.616283E-02	
0.000000E+00	2.640635E-02	
0.000000E+00	2.616337E-02	
0.000000E+00	2.592121E-02	
0.000000E+00	2.639230E-02	
0.000000E+00	2.495240E-02	
0.000000E+00	2.519485E-02	
0.000000E+00	2.663417E-02	
0.000000E+00	2.640404E-02	
0.000000E+00	2.664368E-02	
0.000000E+00	2.679323E-02	
0.000000E+00	2.679101E-02	
0.000000E+00	2.664658E-02	
0.000000E+00	2.691340E-02	
0.000000E+00	2.691819E-02	
0.000000E+00	2.678477E-02	
0.000000E+00	2.678820E-02	
0.000000E+00	2.693143E-02	
0.000000E+00	2.692811E-02	
0.000000E+00	2.708926E-02	
0.000000E+00	2.707989E-02	
0.000000E+00	2.706888E-02	
0.000000E+00	2.705657E-02	
0.000000E+00	2.446727E-02	
0.000000E+00	2.446703E-02	
0.000000E+00	2.422441E-02	
0.000000E+00	2.470986E-02	
0.000000E+00	2.470961E-02	
0.000000E+00	2.446727E-02	
0.000000E+00	2.422468E-02	
0.000000E+00	2.422464E-02	
0.000000E+00	2.373904E-02	
0.000000E+00	2.398196E-02	
0.000000E+00	2.398175E-02	
0.000000E+00	2.349442E-02	
0.000000E+00	2.373914E-02	
0.000000E+00	2.373891E-02	
0.000000E+00	2.398201E-02	
0.000000E+00	2.350820E-02	
0.000000E+00	2.470982E-02	
0.000000E+00	2.325579E-02	
0.000000E+00	2.349697E-02	
0.000000E+00	2.326840E-02	
0.000000E+00	2.313302E-02	
0.000000E+00	2.312619E-02	
0.000000E+00	2.324812E-02	
0.000000E+00	2.312592E-02	
0.000000E+00	2.303909E-02	
0.000000E+00	2.303524E-02	
0.000000E+00	2.311514E-02	
0.000000E+00	2.303915E-02	
0.000000E+00	2.304172E-02	
0.000000E+00	2.823327E-02	
0.000000E+00	2.841735E-02	
0.000000E+00	2.841687E-02	
0.000000E+00	2.859974E-02	
0.000000E+00	2.859877E-02	
0.000000E+00	2.877357E-02	
0.000000E+00	2.823286E-02	
0.000000E+00	2.841671E-02	
0.000000E+00	2.877608E-02	
0.000000E+00	2.823292E-02	
0.000000E+00	2.804801E-02	
0.000000E+00	2.804766E-02	
0.000000E+00	2.786123E-02	
0.000000E+00	2.786179E-02	
0.000000E+00	2.767289E-02	
0.000000E+00	2.786109E-02	
0.000000E+00	2.804763E-02	
0.000000E+00	2.768332E-02	
0.000000E+00	2.877212E-02	
0.000000E+00	2.859825E-02	
0.000000E+00	2.750123E-02	
0.000000E+00	2.767561E-02	
0.000000E+00	2.748948E-02	
0.000000E+00	2.740219E-02	
0.000000E+00	2.741000E-02	
0.000000E+00	2.748115E-02	
0.000000E+00	2.735107E-02	
0.000000E+00	2.735841E-02	
0.000000E+00	2.739721E-02	
0.000000E+00	2.738508E-02	
0.000000E+00	2.736852E-02	
0.000000E+00	2.736357E-02	
0.000000E+00	2.902878E-02	
0.000000E+00	2.904140E-02	
0.000000E+00	2.902422E-02	
0.000000E+00	2.892787E-02	
0.000000E+00	2.893396E-02	
0.000000E+00	2.902138E-02	
0.000000E+00	2.900426E-02	
0.000000E+00	2.901177E-02	
0.000000E+00	2.862701E-02	
0.000000E+00	2.888053E-02	
0.000000E+00	2.889412E-02	
0.000000E+00	2.824385E-02	
0.000000E+00	2.864141E-02	
0.000000E+00	2.861783E-02	
0.000000E+00	2.887214E-02	
0.000000E+00	2.825941E-02	
0.000000E+00	2.892428E-02	
0.000000E+00	2.777148E-02	
0.000000E+00	2.826259E-02	
0.000000E+00	2.782003E-02	
0.000000E+00	2.751568E-02	
0.000000E+00	2.747882E-02	
0.000000E+00	2.773536E-02	
0.000000E+00	2.745778E-02	
0.000000E+00	2.725006E-02	
0.000000E+00	2.722472E-02	
0.000000E+00	2.741312E-02	
0.000000E+00	2.726613E-02	
0.000000E+00	2.728871E-02	
0.000000E+00	1.463612E-03	
0.000000E+00	1.462702E-03	
0.000000E+00	1.386659E-03	
0.000000E+00	1.373667E-03	
0.000000E+00	1.281866E-03	
0.000000E+00	1.301295E-03	
0.000000E+00	1.491305E-03	
0.000000E+00	1.373830E-03	
0.000000E+00	1.265816E-03	
0.000000E+00	1.487015E-03	
0.000000E+00	1.350608E-03	
0.000000E+00	1.233206E-03	
0.000000E+00	1.525702E-03	
0.000000E+00	1.429695E-03	
0.000000E+00	1.332074E-03	
0.000000E+00	1.612395E-03	
0.000000E+00	1.482652E-03	
0.000000E+00	1.364665E-03	
0.000000E+00	1.654020E-03	
0.000000E+00	1.505726E-03	
0.000000E+00	1.376982E-03	
0.000000E+00	1.112164E-03	
0.000000E+00	1.015749E-03	
0.000000E+00	1.055776E-03	
0.000000E+00	9.666871E-04	
0.000000E+00	9.131121E-04	
0.000000E+00	9.937353E-04	
0.000000E+00	9.462493E-04	
0.000000E+00	8.941185E-04	
0.000000E+00	8.412981E-04	
0.000000E+00	8.824454E-04	
0.000000E+00	8.263542E-04	
0.000000E+00	7.739838E-04	
0.000000E+00	1.248709E-03	
0.000000E+00	1.165291E-03	
0.000000E+00	1.083062E-03	
0.000000E+00	1.393837E-03	
0.000000E+00	1.275339E-03	
0.000000E+00	1.169994E-03	
0.000000E+00	6.162645E-04	
0.000000E+00	5.470957E-04	
0.000000E+00	5.924449E-04	
0.000000E+00	5.280396E-04	
0.000000E+00	5.057490E-04	
0.000000E+00	5.651231E-04	
0.000000E+00	4.933892E-04	
0.000000E+00	4.746414E-04	
0.000000E+00	4.539888E-04	
0.000000E+00	4.471258E-04	
0.000000E+00	4.281153E-04	
0.000000E+00	4.087163E-04	
0.000000E+00	7.046421E-04	
0.000000E+00	6.689547E-04	
0.000000E+00	6.324215E-04	
0.000000E+00	7.978748E-04	
0.000000E+00	7.499135E-04	
0.000000E+00	7.041981E-04	
0.000000E+00	3.129203E-04	
0.000000E+00	2.808216E-04	
0.000000E+00	3.051461E-04	
0.000000E+00	2.752666E-04	
0.000000E+00	2.676213E-04	
0.000000E+00	2.952775E-04	
0.000000E+00	2.568464E-04	
0.000000E+00	2.521608E-04	
0.000000E+00	2.455835E-04	
0.000000E+00	2.395115E-04	
0.000000E+00	2.351708E-04	
0.000000E+00	2.292321E-04	
0.000000E+00	3.536874E-04	
0.000000E+00	3.419231E-04	
0.000000E+00	3.287191E-04	
0.000000E+00	3.998073E-04	
0.000000E+00	3.837644E-04	
0.000000E+00	3.671821E-04	
0.000000E+00	2.182680E-04	
0.000000E+00	2.220688E-04	
0.000000E+00	2.147462E-04	
0.000000E+00	2.180928E-04	
0.000000E+00	2.126294E-04	
0.000000E+00	2.096324E-04	
0.000000E+00	2.309982E-04	
0.000000E+00	2.262641E-04	
0.000000E+00	2.202000E-04	
0.000000E+00	2.442321E-04	
0.000000E+00	2.388062E-04	
0.000000E+00	2.320286E-04	
0.000000E+00	2.200468E-04	
0.000000E+00	2.165232E-04	
0.000000E+00	2.114258E-04	
0.000000E+00	2.272188E-04	
0.000000E+00	2.233671E-04	
0.000000E+00	2.179821E-04	
0.000000E+00	3.160450E-04	
0.000000E+00	3.563506E-04	
0.000000E+00	3.077320E-04	
0.000000E+00	3.439113E-04	
0.000000E+00	3.301131E-04	
0.000000E+00	2.973275E-04	
0.000000E+00	4.018050E-04	
0.000000E+00	3.849437E-04	
0.000000E+00	3.676795E-04	
0.000000E+00	4.481572E-04	
0.000000E+00	4.280981E-04	
0.000000E+00	4.079472E-04	
0.000000E+00	2.847245E-04	
0.000000E+00	2.784708E-04	
0.000000E+00	2.701898E-04	
0.000000E+00	2.614601E-04	
0.000000E+00	2.558215E-04	
0.000000E+00	2.484598E-04	
0.000000E+00	6.086226E-04	
0.000000E+00	6.935376E-04	
0.000000E+00	5.847947E-04	
0.000000E+00	6.581086E-04	
0.000000E+00	6.218986E-04	
0.000000E+00	5.575219E-04	
0.000000E+00	7.831195E-04	
0.000000E+00	7.356423E-04	
0.000000E+00	6.904792E-04	
0.000000E+00	8.638839E-04	
0.000000E+00	8.084196E-04	
0.000000E+00	7.568338E-04	
0.000000E+00	5.428592E-04	
0.000000E+00	5.233821E-04	
0.000000E+00	5.008122E-04	
0.000000E+00	4.920155E-04	
0.000000E+00	4.725626E-04	
0.000000E+00	4.513793E-04	
0.000000E+00	1.076112E-03	
0.000000E+00	1.204052E-03	
0.000000E+00	1.022635E-03	
0.000000E+00	1.125894E-03	
0.000000E+00	1.048388E-03	
0.000000E+00	9.635583E-04	
0.000000E+00	1.341806E-03	
0.000000E+00	1.231158E-03	
0.000000E+00	1.132157E-03	
0.000000E+00	1.434192E-03	
0.000000E+00	1.305902E-03	
0.000000E+00	1.195196E-03	
0.000000E+00	9.870706E-04	
0.000000E+00	9.395034E-04	
0.000000E+00	8.876959E-04	
0.000000E+00	9.232185E-04	
0.000000E+00	8.719847E-04	
0.000000E+00	8.203100E-04	
0.000000E+00	1.437722E-03	
0.000000E+00	1.510183E-03	
0.000000E+00	1.362911E-03	
0.000000E+00	1.414828E-03	
0.000000E+00	1.318176E-03	
0.000000E+00	1.279834E-03	
0.000000E+00	1.605370E-03	
0.000000E+00	1.475652E-03	
0.000000E+00	1.357971E-03	
0.000000E+00	1.424679E-03	
0.000000E+00	1.340476E-03	
0.000000E+00	1.252974E-03	
0.000000E+00	1.442205E-03	
0.000000E+00	1.332585E-03	
0.000000E+00	1.230815E-03	
0.000000E+00	9.952232E-04	
0.000000E+00	5.264910E-04	
0.000000E+00	5.447579E-04	
0.000000E+00	9.636535E-04	
0.000000E+00	5.007424E-04	
0.000000E+00	9.179174E-04	
0.000000E+00	5.557219E-04	
0.000000E+00	1.018562E-03	
0.000000E+00	5.584587E-04	
0.000000E+00	1.026148E-03	
0.000000E+00	7.702130E-04	
0.000000E+00	3.874382E-04	
0.000000E+00	4.288026E-04	
0.000000E+00	6.875758E-04	
0.000000E+00	3.456921E-04	
0.000000E+00	6.077583E-04	
0.000000E+00	4.675421E-04	
0.000000E+00	8.511398E-04	
0.000000E+00	4.573495E-04	
0.000000E+00	2.315022E-04	
0.000000E+00	2.665107E-04	
0.000000E+00	3.923749E-04	
0.000000E+00	2.006500E-04	
0.000000E+00	3.365112E-04	
0.000000E+00	3.049572E-04	
0.000000E+00	5.303157E-04	
0.000000E+00	2.496658E-04	
0.000000E+00	1.355438E-04	
0.000000E+00	1.524834E-04	
0.000000E+00	2.192876E-04	
0.000000E+00	1.235163E-04	
0.000000E+00	1.980769E-04	
0.000000E+00	1.742425E-04	
0.000000E+00	2.889342E-04	
0.000000E+00	1.818977E-04	
0.000000E+00	1.165491E-04	
0.000000E+00	1.140815E-04	
0.000000E+00	1.864410E-04	
0.000000E+00	1.237444E-04	
0.000000E+00	1.992648E-04	
0.000000E+00	1.163811E-04	
0.000000E+00	1.856907E-04	
0.000000E+00	2.502756E-04	
0.000000E+00	1.733840E-04	
0.000000E+00	1.522298E-04	
0.000000E+00	2.885547E-04	
0.000000E+00	1.989115E-04	
0.000000E+00	3.345908E-04	
0.000000E+00	1.356449E-04	
0.000000E+00	2.204306E-04	
0.000000E+00	4.505068E-04	
0.000000E+00	2.991010E-04	
0.000000E+00	2.622262E-04	
0.000000E+00	5.202586E-04	
0.000000E+00	3.381847E-04	
0.000000E+00	5.941233E-04	
0.000000E+00	2.286130E-04	
0.000000E+00	3.882886E-04	
0.000000E+00	7.492107E-04	
0.000000E+00	4.566457E-04	
0.000000E+00	4.184897E-04	
0.000000E+00	8.277228E-04	
0.000000E+00	4.902316E-04	
0.000000E+00	8.946125E-04	
0.000000E+00	3.783707E-04	
0.000000E+00	6.701626E-04	
0.000000E+00	9.809816E-04	
0.000000E+00	5.523162E-04	
0.000000E+00	5.382320E-04	
0.000000E+00	1.011302E-03	
0.000000E+00	5.174846E-04	
0.000000E+00	9.436112E-04	
0.000000E+00	7.853982E-01	
7.766715E-01	7.679449E-01	
