hexahedron
//Number_of_Node
234
//Number_of_Element
96
//Number_of_Region
1
//Factor
1
118,119,132,131,1,2,15,14,
119,120,133,132,2,3,16,15,
120,121,134,133,3,4,17,16,
121,122,135,134,4,5,18,17,
122,123,136,135,5,6,19,18,
123,124,137,136,6,7,20,19,
124,125,138,137,7,8,21,20,
125,126,139,138,8,9,22,21,
126,127,140,139,9,10,23,22,
127,128,141,140,10,11,24,23,
128,129,142,141,11,12,25,24,
129,130,143,142,12,13,26,25,
131,132,145,144,14,15,28,27,
132,133,146,145,15,16,29,28,
133,134,147,146,16,17,30,29,
134,135,148,147,17,18,31,30,
135,136,149,148,18,19,32,31,
136,137,150,149,19,20,33,32,
137,138,151,150,20,21,34,33,
138,139,152,151,21,22,35,34,
139,140,153,152,22,23,36,35,
140,141,154,153,23,24,37,36,
141,142,155,154,24,25,38,37,
142,143,156,155,25,26,39,38,
144,145,158,157,27,28,41,40,
145,146,159,158,28,29,42,41,
146,147,160,159,29,30,43,42,
147,148,161,160,30,31,44,43,
148,149,162,161,31,32,45,44,
149,150,163,162,32,33,46,45,
150,151,164,163,33,34,47,46,
151,152,165,164,34,35,48,47,
152,153,166,165,35,36,49,48,
153,154,167,166,36,37,50,49,
154,155,168,167,37,38,51,50,
155,156,169,168,38,39,52,51,
157,158,171,170,40,41,54,53,
158,159,172,171,41,42,55,54,
159,160,173,172,42,43,56,55,
160,161,174,173,43,44,57,56,
161,162,175,174,44,45,58,57,
162,163,176,175,45,46,59,58,
163,164,177,176,46,47,60,59,
164,165,178,177,47,48,61,60,
165,166,179,178,48,49,62,61,
166,167,180,179,49,50,63,62,
167,168,181,180,50,51,64,63,
168,169,182,181,51,52,65,64,
170,171,184,183,53,54,67,66,
171,172,185,184,54,55,68,67,
172,173,186,185,55,56,69,68,
173,174,187,186,56,57,70,69,
174,175,188,187,57,58,71,70,
175,176,189,188,58,59,72,71,
176,177,190,189,59,60,73,72,
177,178,191,190,60,61,74,73,
178,179,192,191,61,62,75,74,
179,180,193,192,62,63,76,75,
180,181,194,193,63,64,77,76,
181,182,195,194,64,65,78,77,
183,184,197,196,66,67,80,79,
184,185,198,197,67,68,81,80,
185,186,199,198,68,69,82,81,
186,187,200,199,69,70,83,82,
187,188,201,200,70,71,84,83,
188,189,202,201,71,72,85,84,
189,190,203,202,72,73,86,85,
190,191,204,203,73,74,87,86,
191,192,205,204,74,75,88,87,
192,193,206,205,75,76,89,88,
193,194,207,206,76,77,90,89,
194,195,208,207,77,78,91,90,
196,197,210,209,79,80,93,92,
197,198,211,210,80,81,94,93,
198,199,212,211,81,82,95,94,
199,200,213,212,82,83,96,95,
200,201,214,213,83,84,97,96,
201,202,215,214,84,85,98,97,
202,203,216,215,85,86,99,98,
203,204,217,216,86,87,100,99,
204,205,218,217,87,88,101,100,
205,206,219,218,88,89,102,101,
206,207,220,219,89,90,103,102,
207,208,221,220,90,91,104,103,
209,210,223,222,92,93,106,105,
210,211,224,223,93,94,107,106,
211,212,225,224,94,95,108,107,
212,213,226,225,95,96,109,108,
213,214,227,226,96,97,110,109,
214,215,228,227,97,98,111,110,
215,216,229,228,98,99,112,111,
216,217,230,229,99,100,113,112,
217,218,231,230,100,101,114,113,
218,219,232,231,101,102,115,114,
219,220,233,232,102,103,116,115,
220,221,234,233,103,104,117,116,
        0.00000,        0.00000,        0.00000,
        1.00000,        0.00000,        0.00000,
        2.00000,        0.00000,        0.00000,
        3.00000,        0.00000,        0.00000,
        4.00000,        0.00000,        0.00000,
        5.00000,        0.00000,        0.00000,
        6.00000,        0.00000,        0.00000,
        7.00000,        0.00000,        0.00000,
        8.00000,        0.00000,        0.00000,
        9.00000,        0.00000,        0.00000,
       10.00000,        0.00000,        0.00000,
       11.00000,        0.00000,        0.00000,
       12.00000,        0.00000,        0.00000,
        0.00000,        1.50000,        0.00000,
        1.00000,        1.50000,        0.00000,
        2.00000,        1.50000,        0.00000,
        3.00000,        1.50000,        0.00000,
        4.00000,        1.50000,        0.00000,
        5.00000,        1.50000,        0.00000,
        6.00000,        1.50000,        0.00000,
        7.00000,        1.50000,        0.00000,
        8.00000,        1.50000,        0.00000,
        9.00000,        1.50000,        0.00000,
       10.00000,        1.50000,        0.00000,
       11.00000,        1.50000,        0.00000,
       12.00000,        1.50000,        0.00000,
        0.00000,        3.00000,        0.00000,
        1.00000,        3.00000,        0.00000,
        2.00000,        3.00000,        0.00000,
        3.00000,        3.00000,        0.00000,
        4.00000,        3.00000,        0.00000,
        5.00000,        3.00000,        0.00000,
        6.00000,        3.00000,        0.00000,
        7.00000,        3.00000,        0.00000,
        8.00000,        3.00000,        0.00000,
        9.00000,        3.00000,        0.00000,
       10.00000,        3.00000,        0.00000,
       11.00000,        3.00000,        0.00000,
       12.00000,        3.00000,        0.00000,
        0.00000,        4.50000,        0.00000,
        1.00000,        4.50000,        0.00000,
        2.00000,        4.50000,        0.00000,
        3.00000,        4.50000,        0.00000,
        4.00000,        4.50000,        0.00000,
        5.00000,        4.50000,        0.00000,
        6.00000,        4.50000,        0.00000,
        7.00000,        4.50000,        0.00000,
        8.00000,        4.50000,        0.00000,
        9.00000,        4.50000,        0.00000,
       10.00000,        4.50000,        0.00000,
       11.00000,        4.50000,        0.00000,
       12.00000,        4.50000,        0.00000,
        0.00000,        6.00000,        0.00000,
        1.00000,        6.00000,        0.00000,
        2.00000,        6.00000,        0.00000,
        3.00000,        6.00000,        0.00000,
        4.00000,        6.00000,        0.00000,
        5.00000,        6.00000,        0.00000,
        6.00000,        6.00000,        0.00000,
        7.00000,        6.00000,        0.00000,
        8.00000,        6.00000,        0.00000,
        9.00000,        6.00000,        0.00000,
       10.00000,        6.00000,        0.00000,
       11.00000,        6.00000,        0.00000,
       12.00000,        6.00000,        0.00000,
        0.00000,        7.50000,        0.00000,
        1.00000,        7.50000,        0.00000,
        2.00000,        7.50000,        0.00000,
        3.00000,        7.50000,        0.00000,
        4.00000,        7.50000,        0.00000,
        5.00000,        7.50000,        0.00000,
        6.00000,        7.50000,        0.00000,
        7.00000,        7.50000,        0.00000,
        8.00000,        7.50000,        0.00000,
        9.00000,        7.50000,        0.00000,
       10.00000,        7.50000,        0.00000,
       11.00000,        7.50000,        0.00000,
       12.00000,        7.50000,        0.00000,
        0.00000,        9.00000,        0.00000,
        1.00000,        9.00000,        0.00000,
        2.00000,        9.00000,        0.00000,
        3.00000,        9.00000,        0.00000,
        4.00000,        9.00000,        0.00000,
        5.00000,        9.00000,        0.00000,
        6.00000,        9.00000,        0.00000,
        7.00000,        9.00000,        0.00000,
        8.00000,        9.00000,        0.00000,
        9.00000,        9.00000,        0.00000,
       10.00000,        9.00000,        0.00000,
       11.00000,        9.00000,        0.00000,
       12.00000,        9.00000,        0.00000,
        0.00000,       10.50000,        0.00000,
        1.00000,       10.50000,        0.00000,
        2.00000,       10.50000,        0.00000,
        3.00000,       10.50000,        0.00000,
        4.00000,       10.50000,        0.00000,
        5.00000,       10.50000,        0.00000,
        6.00000,       10.50000,        0.00000,
        7.00000,       10.50000,        0.00000,
        8.00000,       10.50000,        0.00000,
        9.00000,       10.50000,        0.00000,
       10.00000,       10.50000,        0.00000,
       11.00000,       10.50000,        0.00000,
       12.00000,       10.50000,        0.00000,
        0.00000,       12.00000,        0.00000,
        1.00000,       12.00000,        0.00000,
        2.00000,       12.00000,        0.00000,
        3.00000,       12.00000,        0.00000,
        4.00000,       12.00000,        0.00000,
        5.00000,       12.00000,        0.00000,
        6.00000,       12.00000,        0.00000,
        7.00000,       12.00000,        0.00000,
        8.00000,       12.00000,        0.00000,
        9.00000,       12.00000,        0.00000,
       10.00000,       12.00000,        0.00000,
       11.00000,       12.00000,        0.00000,
       12.00000,       12.00000,        0.00000,
        0.00000,        0.00000,        1.50000,
        1.00000,        0.00000,        1.50000,
        2.00000,        0.00000,        1.50000,
        3.00000,        0.00000,        1.50000,
        4.00000,        0.00000,        1.50000,
        5.00000,        0.00000,        1.50000,
        6.00000,        0.00000,        1.50000,
        7.00000,        0.00000,        1.50000,
        8.00000,        0.00000,        1.50000,
        9.00000,        0.00000,        1.50000,
       10.00000,        0.00000,        1.50000,
       11.00000,        0.00000,        1.50000,
       12.00000,        0.00000,        1.50000,
        0.00000,        1.50000,        1.50000,
        1.00000,        1.50000,        1.50000,
        2.00000,        1.50000,        1.50000,
        3.00000,        1.50000,        1.50000,
        4.00000,        1.50000,        1.50000,
        5.00000,        1.50000,        1.50000,
        6.00000,        1.50000,        1.50000,
        7.00000,        1.50000,        1.50000,
        8.00000,        1.50000,        1.50000,
        9.00000,        1.50000,        1.50000,
       10.00000,        1.50000,        1.50000,
       11.00000,        1.50000,        1.50000,
       12.00000,        1.50000,        1.50000,
        0.00000,        3.00000,        1.50000,
        1.00000,        3.00000,        1.50000,
        2.00000,        3.00000,        1.50000,
        3.00000,        3.00000,        1.50000,
        4.00000,        3.00000,        1.50000,
        5.00000,        3.00000,        1.50000,
        6.00000,        3.00000,        1.50000,
        7.00000,        3.00000,        1.50000,
        8.00000,        3.00000,        1.50000,
        9.00000,        3.00000,        1.50000,
       10.00000,        3.00000,        1.50000,
       11.00000,        3.00000,        1.50000,
       12.00000,        3.00000,        1.50000,
        0.00000,        4.50000,        1.50000,
        1.00000,        4.50000,        1.50000,
        2.00000,        4.50000,        1.50000,
        3.00000,        4.50000,        1.50000,
        4.00000,        4.50000,        1.50000,
        5.00000,        4.50000,        1.50000,
        6.00000,        4.50000,        1.50000,
        7.00000,        4.50000,        1.50000,
        8.00000,        4.50000,        1.50000,
        9.00000,        4.50000,        1.50000,
       10.00000,        4.50000,        1.50000,
       11.00000,        4.50000,        1.50000,
       12.00000,        4.50000,        1.50000,
        0.00000,        6.00000,        1.50000,
        1.00000,        6.00000,        1.50000,
        2.00000,        6.00000,        1.50000,
        3.00000,        6.00000,        1.50000,
        4.00000,        6.00000,        1.50000,
        5.00000,        6.00000,        1.50000,
        6.00000,        6.00000,        1.50000,
        7.00000,        6.00000,        1.50000,
        8.00000,        6.00000,        1.50000,
        9.00000,        6.00000,        1.50000,
       10.00000,        6.00000,        1.50000,
       11.00000,        6.00000,        1.50000,
       12.00000,        6.00000,        1.50000,
        0.00000,        7.50000,        1.50000,
        1.00000,        7.50000,        1.50000,
        2.00000,        7.50000,        1.50000,
        3.00000,        7.50000,        1.50000,
        4.00000,        7.50000,        1.50000,
        5.00000,        7.50000,        1.50000,
        6.00000,        7.50000,        1.50000,
        7.00000,        7.50000,        1.50000,
        8.00000,        7.50000,        1.50000,
        9.00000,        7.50000,        1.50000,
       10.00000,        7.50000,        1.50000,
       11.00000,        7.50000,        1.50000,
       12.00000,        7.50000,        1.50000,
        0.00000,        9.00000,        1.50000,
        1.00000,        9.00000,        1.50000,
        2.00000,        9.00000,        1.50000,
        3.00000,        9.00000,        1.50000,
        4.00000,        9.00000,        1.50000,
        5.00000,        9.00000,        1.50000,
        6.00000,        9.00000,        1.50000,
        7.00000,        9.00000,        1.50000,
        8.00000,        9.00000,        1.50000,
        9.00000,        9.00000,        1.50000,
       10.00000,        9.00000,        1.50000,
       11.00000,        9.00000,        1.50000,
       12.00000,        9.00000,        1.50000,
        0.00000,       10.50000,        1.50000,
        1.00000,       10.50000,        1.50000,
        2.00000,       10.50000,        1.50000,
        3.00000,       10.50000,        1.50000,
        4.00000,       10.50000,        1.50000,
        5.00000,       10.50000,        1.50000,
        6.00000,       10.50000,        1.50000,
        7.00000,       10.50000,        1.50000,
        8.00000,       10.50000,        1.50000,
        9.00000,       10.50000,        1.50000,
       10.00000,       10.50000,        1.50000,
       11.00000,       10.50000,        1.50000,
       12.00000,       10.50000,        1.50000,
        0.00000,       12.00000,        1.50000,
        1.00000,       12.00000,        1.50000,
        2.00000,       12.00000,        1.50000,
        3.00000,       12.00000,        1.50000,
        4.00000,       12.00000,        1.50000,
        5.00000,       12.00000,        1.50000,
        6.00000,       12.00000,        1.50000,
        7.00000,       12.00000,        1.50000,
        8.00000,       12.00000,        1.50000,
        9.00000,       12.00000,        1.50000,
       10.00000,       12.00000,        1.50000,
       11.00000,       12.00000,        1.50000,
       12.00000,       12.00000,        1.50000,
1,96,iron
