hexahedron
//Number_of_Node
2204
//Number_of_Element
1036
//Number_of_Region
4
//Factor
1000.0
1139,1138,1109,1110,37,36,7,8,
1140,1139,1110,1111,38,37,8,9,
1141,1140,1111,1112,39,38,9,10,
1142,1141,1112,1113,40,39,10,11,
1143,1142,1113,1114,41,40,11,12,
1144,1143,1114,1115,42,41,12,13,
1145,1144,1115,1116,43,42,13,14,
1146,1145,1116,1117,44,43,14,15,
1147,1146,1117,1118,45,44,15,16,
1148,1147,1118,1119,46,45,16,17,
1168,1167,1138,1139,66,65,36,37,
1169,1168,1139,1140,67,66,37,38,
1170,1169,1140,1141,68,67,38,39,
1171,1170,1141,1142,69,68,39,40,
1172,1171,1142,1143,70,69,40,41,
1173,1172,1143,1144,71,70,41,42,
1174,1173,1144,1145,72,71,42,43,
1175,1174,1145,1146,73,72,43,44,
1176,1175,1146,1147,74,73,44,45,
1177,1176,1147,1148,75,74,45,46,
1197,1196,1167,1168,95,94,65,66,
1198,1197,1168,1169,96,95,66,67,
1199,1198,1169,1170,97,96,67,68,
1200,1199,1170,1171,98,97,68,69,
1201,1200,1171,1172,99,98,69,70,
1202,1201,1172,1173,100,99,70,71,
1203,1202,1173,1174,101,100,71,72,
1204,1203,1174,1175,102,101,72,73,
1205,1204,1175,1176,103,102,73,74,
1206,1205,1176,1177,104,103,74,75,
1226,1225,1196,1197,124,123,94,95,
1227,1226,1197,1198,125,124,95,96,
1228,1227,1198,1199,126,125,96,97,
1229,1228,1199,1200,127,126,97,98,
1230,1229,1200,1201,128,127,98,99,
1231,1230,1201,1202,129,128,99,100,
1232,1231,1202,1203,130,129,100,101,
1233,1232,1203,1204,131,130,101,102,
1234,1233,1204,1205,132,131,102,103,
1235,1234,1205,1206,133,132,103,104,
1255,1254,1225,1226,153,152,123,124,
1256,1255,1226,1227,154,153,124,125,
1257,1256,1227,1228,155,154,125,126,
1258,1257,1228,1229,156,155,126,127,
1259,1258,1229,1230,157,156,127,128,
1260,1259,1230,1231,158,157,128,129,
1261,1260,1231,1232,159,158,129,130,
1262,1261,1232,1233,160,159,130,131,
1263,1262,1233,1234,161,160,131,132,
1264,1263,1234,1235,162,161,132,133,
1284,1283,1254,1255,182,181,152,153,
1285,1284,1255,1256,183,182,153,154,
1286,1285,1256,1257,184,183,154,155,
1287,1286,1257,1258,185,184,155,156,
1288,1287,1258,1259,186,185,156,157,
1289,1288,1259,1260,187,186,157,158,
1290,1289,1260,1261,188,187,158,159,
1291,1290,1261,1262,189,188,159,160,
1292,1291,1262,1263,190,189,160,161,
1293,1292,1263,1264,191,190,161,162,
1313,1312,1283,1284,211,210,181,182,
1314,1313,1284,1285,212,211,182,183,
1315,1314,1285,1286,213,212,183,184,
1316,1315,1286,1287,214,213,184,185,
1317,1316,1287,1288,215,214,185,186,
1318,1317,1288,1289,216,215,186,187,
1319,1318,1289,1290,217,216,187,188,
1320,1319,1290,1291,218,217,188,189,
1321,1320,1291,1292,219,218,189,190,
1322,1321,1292,1293,220,219,190,191,
1342,1341,1312,1313,240,239,210,211,
1343,1342,1313,1314,241,240,211,212,
1344,1343,1314,1315,242,241,212,213,
1345,1344,1315,1316,243,242,213,214,
1346,1345,1316,1317,244,243,214,215,
1347,1346,1317,1318,245,244,215,216,
1348,1347,1318,1319,246,245,216,217,
1349,1348,1319,1320,247,246,217,218,
1350,1349,1320,1321,248,247,218,219,
1351,1350,1321,1322,249,248,219,220,
1371,1370,1341,1342,269,268,239,240,
1372,1371,1342,1343,270,269,240,241,
1373,1372,1343,1344,271,270,241,242,
1374,1373,1344,1345,272,271,242,243,
1375,1374,1345,1346,273,272,243,244,
1376,1375,1346,1347,274,273,244,245,
1377,1376,1347,1348,275,274,245,246,
1378,1377,1348,1349,276,275,246,247,
1379,1378,1349,1350,277,276,247,248,
1380,1379,1350,1351,278,277,248,249,
1400,1399,1370,1371,298,297,268,269,
1401,1400,1371,1372,299,298,269,270,
1402,1401,1372,1373,300,299,270,271,
1403,1402,1373,1374,301,300,271,272,
1404,1403,1374,1375,302,301,272,273,
1405,1404,1375,1376,303,302,273,274,
1406,1405,1376,1377,304,303,274,275,
1407,1406,1377,1378,305,304,275,276,
1408,1407,1378,1379,306,305,276,277,
1409,1408,1379,1380,307,306,277,278,
1429,1428,1399,1400,327,326,297,298,
1430,1429,1400,1401,328,327,298,299,
1431,1430,1401,1402,329,328,299,300,
1432,1431,1402,1403,330,329,300,301,
1433,1432,1403,1404,331,330,301,302,
1434,1433,1404,1405,332,331,302,303,
1435,1434,1405,1406,333,332,303,304,
1436,1435,1406,1407,334,333,304,305,
1437,1436,1407,1408,335,334,305,306,
1438,1437,1408,1409,336,335,306,307,
1458,1457,1428,1429,356,355,326,327,
1459,1458,1429,1430,357,356,327,328,
1460,1459,1430,1431,358,357,328,329,
1461,1460,1431,1432,359,358,329,330,
1462,1461,1432,1433,360,359,330,331,
1463,1462,1433,1434,361,360,331,332,
1464,1463,1434,1435,362,361,332,333,
1465,1464,1435,1436,363,362,333,334,
1466,1465,1436,1437,364,363,334,335,
1467,1466,1437,1438,365,364,335,336,
1487,1486,1457,1458,385,384,355,356,
1488,1487,1458,1459,386,385,356,357,
1489,1488,1459,1460,387,386,357,358,
1490,1489,1460,1461,388,387,358,359,
1491,1490,1461,1462,389,388,359,360,
1492,1491,1462,1463,390,389,360,361,
1493,1492,1463,1464,391,390,361,362,
1494,1493,1464,1465,392,391,362,363,
1495,1494,1465,1466,393,392,363,364,
1496,1495,1466,1467,394,393,364,365,
1516,1515,1486,1487,414,413,384,385,
1517,1516,1487,1488,415,414,385,386,
1518,1517,1488,1489,416,415,386,387,
1519,1518,1489,1490,417,416,387,388,
1520,1519,1490,1491,418,417,388,389,
1521,1520,1491,1492,419,418,389,390,
1522,1521,1492,1493,420,419,390,391,
1523,1522,1493,1494,421,420,391,392,
1524,1523,1494,1495,422,421,392,393,
1525,1524,1495,1496,423,422,393,394,
1545,1544,1515,1516,443,442,413,414,
1546,1545,1516,1517,444,443,414,415,
1547,1546,1517,1518,445,444,415,416,
1548,1547,1518,1519,446,445,416,417,
1549,1548,1519,1520,447,446,417,418,
1550,1549,1520,1521,448,447,418,419,
1551,1550,1521,1522,449,448,419,420,
1552,1551,1522,1523,450,449,420,421,
1553,1552,1523,1524,451,450,421,422,
1554,1553,1524,1525,452,451,422,423,
1574,1573,1544,1545,472,471,442,443,
1575,1574,1545,1546,473,472,443,444,
1576,1575,1546,1547,474,473,444,445,
1577,1576,1547,1548,475,474,445,446,
1578,1577,1548,1549,476,475,446,447,
1579,1578,1549,1550,477,476,447,448,
1580,1579,1550,1551,478,477,448,449,
1581,1580,1551,1552,479,478,449,450,
1582,1581,1552,1553,480,479,450,451,
1583,1582,1553,1554,481,480,451,452,
1603,1602,1573,1574,501,500,471,472,
1604,1603,1574,1575,502,501,472,473,
1605,1604,1575,1576,503,502,473,474,
1606,1605,1576,1577,504,503,474,475,
1607,1606,1577,1578,505,504,475,476,
1608,1607,1578,1579,506,505,476,477,
1609,1608,1579,1580,507,506,477,478,
1610,1609,1580,1581,508,507,478,479,
1611,1610,1581,1582,509,508,479,480,
1612,1611,1582,1583,510,509,480,481,
1632,1631,1602,1603,530,529,500,501,
1633,1632,1603,1604,531,530,501,502,
1634,1633,1604,1605,532,531,502,503,
1635,1634,1605,1606,533,532,503,504,
1636,1635,1606,1607,534,533,504,505,
1637,1636,1607,1608,535,534,505,506,
1638,1637,1608,1609,536,535,506,507,
1639,1638,1609,1610,537,536,507,508,
1640,1639,1610,1611,538,537,508,509,
1641,1640,1611,1612,539,538,509,510,
1661,1660,1631,1632,559,558,529,530,
1662,1661,1632,1633,560,559,530,531,
1663,1662,1633,1634,561,560,531,532,
1664,1663,1634,1635,562,561,532,533,
1665,1664,1635,1636,563,562,533,534,
1666,1665,1636,1637,564,563,534,535,
1667,1666,1637,1638,565,564,535,536,
1668,1667,1638,1639,566,565,536,537,
1669,1668,1639,1640,567,566,537,538,
1670,1669,1640,1641,568,567,538,539,
1690,1689,1660,1661,588,587,558,559,
1691,1690,1661,1662,589,588,559,560,
1692,1691,1662,1663,590,589,560,561,
1693,1692,1663,1664,591,590,561,562,
1694,1693,1664,1665,592,591,562,563,
1695,1694,1665,1666,593,592,563,564,
1696,1695,1666,1667,594,593,564,565,
1697,1696,1667,1668,595,594,565,566,
1698,1697,1668,1669,596,595,566,567,
1699,1698,1669,1670,597,596,567,568,
1713,1712,1683,1684,611,610,581,582,
1714,1713,1684,1685,612,611,582,583,
1715,1714,1685,1686,613,612,583,584,
1716,1715,1686,1687,614,613,584,585,
1717,1716,1687,1688,615,614,585,586,
1718,1717,1688,1689,616,615,586,587,
1719,1718,1689,1690,617,616,587,588,
1720,1719,1690,1691,618,617,588,589,
1721,1720,1691,1692,619,618,589,590,
1722,1721,1692,1693,620,619,590,591,
1723,1722,1693,1694,621,620,591,592,
1724,1723,1694,1695,622,621,592,593,
1725,1724,1695,1696,623,622,593,594,
1726,1725,1696,1697,624,623,594,595,
1727,1726,1697,1698,625,624,595,596,
1728,1727,1698,1699,626,625,596,597,
1742,1741,1712,1713,640,639,610,611,
1743,1742,1713,1714,641,640,611,612,
1744,1743,1714,1715,642,641,612,613,
1745,1744,1715,1716,643,642,613,614,
1746,1745,1716,1717,644,643,614,615,
1747,1746,1717,1718,645,644,615,616,
1748,1747,1718,1719,646,645,616,617,
1749,1748,1719,1720,647,646,617,618,
1750,1749,1720,1721,648,647,618,619,
1751,1750,1721,1722,649,648,619,620,
1752,1751,1722,1723,650,649,620,621,
1753,1752,1723,1724,651,650,621,622,
1754,1753,1724,1725,652,651,622,623,
1755,1754,1725,1726,653,652,623,624,
1756,1755,1726,1727,654,653,624,625,
1757,1756,1727,1728,655,654,625,626,
1771,1770,1741,1742,669,668,639,640,
1772,1771,1742,1743,670,669,640,641,
1773,1772,1743,1744,671,670,641,642,
1774,1773,1744,1745,672,671,642,643,
1775,1774,1745,1746,673,672,643,644,
1776,1775,1746,1747,674,673,644,645,
1777,1776,1747,1748,675,674,645,646,
1778,1777,1748,1749,676,675,646,647,
1779,1778,1749,1750,677,676,647,648,
1780,1779,1750,1751,678,677,648,649,
1781,1780,1751,1752,679,678,649,650,
1782,1781,1752,1753,680,679,650,651,
1783,1782,1753,1754,681,680,651,652,
1784,1783,1754,1755,682,681,652,653,
1785,1784,1755,1756,683,682,653,654,
1786,1785,1756,1757,684,683,654,655,
1800,1799,1770,1771,698,697,668,669,
1801,1800,1771,1772,699,698,669,670,
1802,1801,1772,1773,700,699,670,671,
1803,1802,1773,1774,701,700,671,672,
1804,1803,1774,1775,702,701,672,673,
1805,1804,1775,1776,703,702,673,674,
1806,1805,1776,1777,704,703,674,675,
1807,1806,1777,1778,705,704,675,676,
1808,1807,1778,1779,706,705,676,677,
1809,1808,1779,1780,707,706,677,678,
1810,1809,1780,1781,708,707,678,679,
1811,1810,1781,1782,709,708,679,680,
1812,1811,1782,1783,710,709,680,681,
1813,1812,1783,1784,711,710,681,682,
1814,1813,1784,1785,712,711,682,683,
1815,1814,1785,1786,713,712,683,684,
1829,1828,1799,1800,727,726,697,698,
1830,1829,1800,1801,728,727,698,699,
1831,1830,1801,1802,729,728,699,700,
1832,1831,1802,1803,730,729,700,701,
1833,1832,1803,1804,731,730,701,702,
1834,1833,1804,1805,732,731,702,703,
1835,1834,1805,1806,733,732,703,704,
1836,1835,1806,1807,734,733,704,705,
1837,1836,1807,1808,735,734,705,706,
1838,1837,1808,1809,736,735,706,707,
1839,1838,1809,1810,737,736,707,708,
1840,1839,1810,1811,738,737,708,709,
1841,1840,1811,1812,739,738,709,710,
1842,1841,1812,1813,740,739,710,711,
1843,1842,1813,1814,741,740,711,712,
1844,1843,1814,1815,742,741,712,713,
1858,1857,1828,1829,756,755,726,727,
1859,1858,1829,1830,757,756,727,728,
1860,1859,1830,1831,758,757,728,729,
1861,1860,1831,1832,759,758,729,730,
1862,1861,1832,1833,760,759,730,731,
1863,1862,1833,1834,761,760,731,732,
1864,1863,1834,1835,762,761,732,733,
1865,1864,1835,1836,763,762,733,734,
1866,1865,1836,1837,764,763,734,735,
1867,1866,1837,1838,765,764,735,736,
1868,1867,1838,1839,766,765,736,737,
1869,1868,1839,1840,767,766,737,738,
1870,1869,1840,1841,768,767,738,739,
1871,1870,1841,1842,769,768,739,740,
1872,1871,1842,1843,770,769,740,741,
1873,1872,1843,1844,771,770,741,742,
1887,1886,1857,1858,785,784,755,756,
1888,1887,1858,1859,786,785,756,757,
1889,1888,1859,1860,787,786,757,758,
1890,1889,1860,1861,788,787,758,759,
1891,1890,1861,1862,789,788,759,760,
1892,1891,1862,1863,790,789,760,761,
1893,1892,1863,1864,791,790,761,762,
1894,1893,1864,1865,792,791,762,763,
1895,1894,1865,1866,793,792,763,764,
1896,1895,1866,1867,794,793,764,765,
1897,1896,1867,1868,795,794,765,766,
1898,1897,1868,1869,796,795,766,767,
1899,1898,1869,1870,797,796,767,768,
1900,1899,1870,1871,798,797,768,769,
1901,1900,1871,1872,799,798,769,770,
1902,1901,1872,1873,800,799,770,771,
1916,1915,1886,1887,814,813,784,785,
1917,1916,1887,1888,815,814,785,786,
1918,1917,1888,1889,816,815,786,787,
1919,1918,1889,1890,817,816,787,788,
1920,1919,1890,1891,818,817,788,789,
1921,1920,1891,1892,819,818,789,790,
1922,1921,1892,1893,820,819,790,791,
1923,1922,1893,1894,821,820,791,792,
1924,1923,1894,1895,822,821,792,793,
1925,1924,1895,1896,823,822,793,794,
1926,1925,1896,1897,824,823,794,795,
1927,1926,1897,1898,825,824,795,796,
1928,1927,1898,1899,826,825,796,797,
1929,1928,1899,1900,827,826,797,798,
1930,1929,1900,1901,828,827,798,799,
1931,1930,1901,1902,829,828,799,800,
1945,1944,1915,1916,843,842,813,814,
1946,1945,1916,1917,844,843,814,815,
1947,1946,1917,1918,845,844,815,816,
1948,1947,1918,1919,846,845,816,817,
1949,1948,1919,1920,847,846,817,818,
1950,1949,1920,1921,848,847,818,819,
1951,1950,1921,1922,849,848,819,820,
1952,1951,1922,1923,850,849,820,821,
1953,1952,1923,1924,851,850,821,822,
1954,1953,1924,1925,852,851,822,823,
1955,1954,1925,1926,853,852,823,824,
1956,1955,1926,1927,854,853,824,825,
1957,1956,1927,1928,855,854,825,826,
1958,1957,1928,1929,856,855,826,827,
1959,1958,1929,1930,857,856,827,828,
1960,1959,1930,1931,858,857,828,829,
1974,1973,1944,1945,872,871,842,843,
1975,1974,1945,1946,873,872,843,844,
1976,1975,1946,1947,874,873,844,845,
1977,1976,1947,1948,875,874,845,846,
1978,1977,1948,1949,876,875,846,847,
1979,1978,1949,1950,877,876,847,848,
1980,1979,1950,1951,878,877,848,849,
1981,1980,1951,1952,879,878,849,850,
1982,1981,1952,1953,880,879,850,851,
1983,1982,1953,1954,881,880,851,852,
1984,1983,1954,1955,882,881,852,853,
1985,1984,1955,1956,883,882,853,854,
1986,1985,1956,1957,884,883,854,855,
1987,1986,1957,1958,885,884,855,856,
1988,1987,1958,1959,886,885,856,857,
1989,1988,1959,1960,887,886,857,858,
1134,1133,1104,1105,32,31,2,3,
1135,1134,1105,1106,33,32,3,4,
1136,1135,1106,1107,34,33,4,5,
1137,1136,1107,1108,35,34,5,6,
1163,1162,1133,1134,61,60,31,32,
1164,1163,1134,1135,62,61,32,33,
1165,1164,1135,1136,63,62,33,34,
1166,1165,1136,1137,64,63,34,35,
1192,1191,1162,1163,90,89,60,61,
1193,1192,1163,1164,91,90,61,62,
1194,1193,1164,1165,92,91,62,63,
1195,1194,1165,1166,93,92,63,64,
1221,1220,1191,1192,119,118,89,90,
1222,1221,1192,1193,120,119,90,91,
1223,1222,1193,1194,121,120,91,92,
1224,1223,1194,1195,122,121,92,93,
1250,1249,1220,1221,148,147,118,119,
1251,1250,1221,1222,149,148,119,120,
1252,1251,1222,1223,150,149,120,121,
1253,1252,1223,1224,151,150,121,122,
1279,1278,1249,1250,177,176,147,148,
1280,1279,1250,1251,178,177,148,149,
1281,1280,1251,1252,179,178,149,150,
1282,1281,1252,1253,180,179,150,151,
1308,1307,1278,1279,206,205,176,177,
1309,1308,1279,1280,207,206,177,178,
1310,1309,1280,1281,208,207,178,179,
1311,1310,1281,1282,209,208,179,180,
1337,1336,1307,1308,235,234,205,206,
1338,1337,1308,1309,236,235,206,207,
1339,1338,1309,1310,237,236,207,208,
1340,1339,1310,1311,238,237,208,209,
1366,1365,1336,1337,264,263,234,235,
1367,1366,1337,1338,265,264,235,236,
1368,1367,1338,1339,266,265,236,237,
1369,1368,1339,1340,267,266,237,238,
1395,1394,1365,1366,293,292,263,264,
1396,1395,1366,1367,294,293,264,265,
1397,1396,1367,1368,295,294,265,266,
1398,1397,1368,1369,296,295,266,267,
1424,1423,1394,1395,322,321,292,293,
1425,1424,1395,1396,323,322,293,294,
1426,1425,1396,1397,324,323,294,295,
1427,1426,1397,1398,325,324,295,296,
1453,1452,1423,1424,351,350,321,322,
1454,1453,1424,1425,352,351,322,323,
1455,1454,1425,1426,353,352,323,324,
1456,1455,1426,1427,354,353,324,325,
1482,1481,1452,1453,380,379,350,351,
1483,1482,1453,1454,381,380,351,352,
1484,1483,1454,1455,382,381,352,353,
1485,1484,1455,1456,383,382,353,354,
1511,1510,1481,1482,409,408,379,380,
1512,1511,1482,1483,410,409,380,381,
1513,1512,1483,1484,411,410,381,382,
1514,1513,1484,1485,412,411,382,383,
1540,1539,1510,1511,438,437,408,409,
1541,1540,1511,1512,439,438,409,410,
1542,1541,1512,1513,440,439,410,411,
1543,1542,1513,1514,441,440,411,412,
1569,1568,1539,1540,467,466,437,438,
1570,1569,1540,1541,468,467,438,439,
1571,1570,1541,1542,469,468,439,440,
1572,1571,1542,1543,470,469,440,441,
1150,1149,1120,1121,48,47,18,19,
1151,1150,1121,1122,49,48,19,20,
1152,1151,1122,1123,50,49,20,21,
1153,1152,1123,1124,51,50,21,22,
1179,1178,1149,1150,77,76,47,48,
1180,1179,1150,1151,78,77,48,49,
1181,1180,1151,1152,79,78,49,50,
1182,1181,1152,1153,80,79,50,51,
1208,1207,1178,1179,106,105,76,77,
1209,1208,1179,1180,107,106,77,78,
1210,1209,1180,1181,108,107,78,79,
1211,1210,1181,1182,109,108,79,80,
1237,1236,1207,1208,135,134,105,106,
1238,1237,1208,1209,136,135,106,107,
1239,1238,1209,1210,137,136,107,108,
1240,1239,1210,1211,138,137,108,109,
1266,1265,1236,1237,164,163,134,135,
1267,1266,1237,1238,165,164,135,136,
1268,1267,1238,1239,166,165,136,137,
1269,1268,1239,1240,167,166,137,138,
1295,1294,1265,1266,193,192,163,164,
1296,1295,1266,1267,194,193,164,165,
1297,1296,1267,1268,195,194,165,166,
1298,1297,1268,1269,196,195,166,167,
1324,1323,1294,1295,222,221,192,193,
1325,1324,1295,1296,223,222,193,194,
1326,1325,1296,1297,224,223,194,195,
1327,1326,1297,1298,225,224,195,196,
1353,1352,1323,1324,251,250,221,222,
1354,1353,1324,1325,252,251,222,223,
1355,1354,1325,1326,253,252,223,224,
1356,1355,1326,1327,254,253,224,225,
1382,1381,1352,1353,280,279,250,251,
1383,1382,1353,1354,281,280,251,252,
1384,1383,1354,1355,282,281,252,253,
1385,1384,1355,1356,283,282,253,254,
1411,1410,1381,1382,309,308,279,280,
1412,1411,1382,1383,310,309,280,281,
1413,1412,1383,1384,311,310,281,282,
1414,1413,1384,1385,312,311,282,283,
1440,1439,1410,1411,338,337,308,309,
1441,1440,1411,1412,339,338,309,310,
1442,1441,1412,1413,340,339,310,311,
1443,1442,1413,1414,341,340,311,312,
1469,1468,1439,1440,367,366,337,338,
1470,1469,1440,1441,368,367,338,339,
1471,1470,1441,1442,369,368,339,340,
1472,1471,1442,1443,370,369,340,341,
1498,1497,1468,1469,396,395,366,367,
1499,1498,1469,1470,397,396,367,368,
1500,1499,1470,1471,398,397,368,369,
1501,1500,1471,1472,399,398,369,370,
1527,1526,1497,1498,425,424,395,396,
1528,1527,1498,1499,426,425,396,397,
1529,1528,1499,1500,427,426,397,398,
1530,1529,1500,1501,428,427,398,399,
1556,1555,1526,1527,454,453,424,425,
1557,1556,1527,1528,455,454,425,426,
1558,1557,1528,1529,456,455,426,427,
1559,1558,1529,1530,457,456,427,428,
1585,1584,1555,1556,483,482,453,454,
1586,1585,1556,1557,484,483,454,455,
1587,1586,1557,1558,485,484,455,456,
1588,1587,1558,1559,486,485,456,457,
1133,1132,1103,1104,31,30,1,2,
1138,1137,1108,1109,36,35,6,7,
1149,1148,1119,1120,47,46,17,18,
1154,1153,1124,1125,52,51,22,23,
1155,1154,1125,1126,53,52,23,24,
1156,1155,1126,1127,54,53,24,25,
1157,1156,1127,1128,55,54,25,26,
1158,1157,1128,1129,56,55,26,27,
1159,1158,1129,1130,57,56,27,28,
1160,1159,1130,1131,58,57,28,29,
1162,1161,1132,1133,60,59,30,31,
1167,1166,1137,1138,65,64,35,36,
1178,1177,1148,1149,76,75,46,47,
1183,1182,1153,1154,81,80,51,52,
1184,1183,1154,1155,82,81,52,53,
1185,1184,1155,1156,83,82,53,54,
1186,1185,1156,1157,84,83,54,55,
1187,1186,1157,1158,85,84,55,56,
1188,1187,1158,1159,86,85,56,57,
1189,1188,1159,1160,87,86,57,58,
1191,1190,1161,1162,89,88,59,60,
1196,1195,1166,1167,94,93,64,65,
1207,1206,1177,1178,105,104,75,76,
1212,1211,1182,1183,110,109,80,81,
1213,1212,1183,1184,111,110,81,82,
1214,1213,1184,1185,112,111,82,83,
1215,1214,1185,1186,113,112,83,84,
1216,1215,1186,1187,114,113,84,85,
1217,1216,1187,1188,115,114,85,86,
1218,1217,1188,1189,116,115,86,87,
1220,1219,1190,1191,118,117,88,89,
1225,1224,1195,1196,123,122,93,94,
1236,1235,1206,1207,134,133,104,105,
1241,1240,1211,1212,139,138,109,110,
1242,1241,1212,1213,140,139,110,111,
1243,1242,1213,1214,141,140,111,112,
1244,1243,1214,1215,142,141,112,113,
1245,1244,1215,1216,143,142,113,114,
1246,1245,1216,1217,144,143,114,115,
1247,1246,1217,1218,145,144,115,116,
1249,1248,1219,1220,147,146,117,118,
1254,1253,1224,1225,152,151,122,123,
1265,1264,1235,1236,163,162,133,134,
1270,1269,1240,1241,168,167,138,139,
1271,1270,1241,1242,169,168,139,140,
1272,1271,1242,1243,170,169,140,141,
1273,1272,1243,1244,171,170,141,142,
1274,1273,1244,1245,172,171,142,143,
1275,1274,1245,1246,173,172,143,144,
1276,1275,1246,1247,174,173,144,145,
1278,1277,1248,1249,176,175,146,147,
1283,1282,1253,1254,181,180,151,152,
1294,1293,1264,1265,192,191,162,163,
1299,1298,1269,1270,197,196,167,168,
1300,1299,1270,1271,198,197,168,169,
1301,1300,1271,1272,199,198,169,170,
1302,1301,1272,1273,200,199,170,171,
1303,1302,1273,1274,201,200,171,172,
1304,1303,1274,1275,202,201,172,173,
1305,1304,1275,1276,203,202,173,174,
1307,1306,1277,1278,205,204,175,176,
1312,1311,1282,1283,210,209,180,181,
1323,1322,1293,1294,221,220,191,192,
1328,1327,1298,1299,226,225,196,197,
1329,1328,1299,1300,227,226,197,198,
1330,1329,1300,1301,228,227,198,199,
1331,1330,1301,1302,229,228,199,200,
1332,1331,1302,1303,230,229,200,201,
1333,1332,1303,1304,231,230,201,202,
1334,1333,1304,1305,232,231,202,203,
1336,1335,1306,1307,234,233,204,205,
1341,1340,1311,1312,239,238,209,210,
1352,1351,1322,1323,250,249,220,221,
1357,1356,1327,1328,255,254,225,226,
1358,1357,1328,1329,256,255,226,227,
1359,1358,1329,1330,257,256,227,228,
1360,1359,1330,1331,258,257,228,229,
1361,1360,1331,1332,259,258,229,230,
1362,1361,1332,1333,260,259,230,231,
1363,1362,1333,1334,261,260,231,232,
1365,1364,1335,1336,263,262,233,234,
1370,1369,1340,1341,268,267,238,239,
1381,1380,1351,1352,279,278,249,250,
1386,1385,1356,1357,284,283,254,255,
1387,1386,1357,1358,285,284,255,256,
1388,1387,1358,1359,286,285,256,257,
1389,1388,1359,1360,287,286,257,258,
1390,1389,1360,1361,288,287,258,259,
1391,1390,1361,1362,289,288,259,260,
1392,1391,1362,1363,290,289,260,261,
1394,1393,1364,1365,292,291,262,263,
1399,1398,1369,1370,297,296,267,268,
1410,1409,1380,1381,308,307,278,279,
1415,1414,1385,1386,313,312,283,284,
1416,1415,1386,1387,314,313,284,285,
1417,1416,1387,1388,315,314,285,286,
1418,1417,1388,1389,316,315,286,287,
1419,1418,1389,1390,317,316,287,288,
1420,1419,1390,1391,318,317,288,289,
1421,1420,1391,1392,319,318,289,290,
1423,1422,1393,1394,321,320,291,292,
1428,1427,1398,1399,326,325,296,297,
1439,1438,1409,1410,337,336,307,308,
1444,1443,1414,1415,342,341,312,313,
1445,1444,1415,1416,343,342,313,314,
1446,1445,1416,1417,344,343,314,315,
1447,1446,1417,1418,345,344,315,316,
1448,1447,1418,1419,346,345,316,317,
1449,1448,1419,1420,347,346,317,318,
1450,1449,1420,1421,348,347,318,319,
1452,1451,1422,1423,350,349,320,321,
1457,1456,1427,1428,355,354,325,326,
1468,1467,1438,1439,366,365,336,337,
1473,1472,1443,1444,371,370,341,342,
1474,1473,1444,1445,372,371,342,343,
1475,1474,1445,1446,373,372,343,344,
1476,1475,1446,1447,374,373,344,345,
1477,1476,1447,1448,375,374,345,346,
1478,1477,1448,1449,376,375,346,347,
1479,1478,1449,1450,377,376,347,348,
1481,1480,1451,1452,379,378,349,350,
1486,1485,1456,1457,384,383,354,355,
1497,1496,1467,1468,395,394,365,366,
1502,1501,1472,1473,400,399,370,371,
1503,1502,1473,1474,401,400,371,372,
1504,1503,1474,1475,402,401,372,373,
1505,1504,1475,1476,403,402,373,374,
1506,1505,1476,1477,404,403,374,375,
1507,1506,1477,1478,405,404,375,376,
1508,1507,1478,1479,406,405,376,377,
1510,1509,1480,1481,408,407,378,379,
1515,1514,1485,1486,413,412,383,384,
1526,1525,1496,1497,424,423,394,395,
1531,1530,1501,1502,429,428,399,400,
1532,1531,1502,1503,430,429,400,401,
1533,1532,1503,1504,431,430,401,402,
1534,1533,1504,1505,432,431,402,403,
1535,1534,1505,1506,433,432,403,404,
1536,1535,1506,1507,434,433,404,405,
1537,1536,1507,1508,435,434,405,406,
1539,1538,1509,1510,437,436,407,408,
1544,1543,1514,1515,442,441,412,413,
1555,1554,1525,1526,453,452,423,424,
1560,1559,1530,1531,458,457,428,429,
1561,1560,1531,1532,459,458,429,430,
1562,1561,1532,1533,460,459,430,431,
1563,1562,1533,1534,461,460,431,432,
1564,1563,1534,1535,462,461,432,433,
1565,1564,1535,1536,463,462,433,434,
1566,1565,1536,1537,464,463,434,435,
1568,1567,1538,1539,466,465,436,437,
1573,1572,1543,1544,471,470,441,442,
1584,1583,1554,1555,482,481,452,453,
1589,1588,1559,1560,487,486,457,458,
1590,1589,1560,1561,488,487,458,459,
1591,1590,1561,1562,489,488,459,460,
1592,1591,1562,1563,490,489,460,461,
1593,1592,1563,1564,491,490,461,462,
1594,1593,1564,1565,492,491,462,463,
1595,1594,1565,1566,493,492,463,464,
1597,1596,1567,1568,495,494,465,466,
1598,1597,1568,1569,496,495,466,467,
1599,1598,1569,1570,497,496,467,468,
1600,1599,1570,1571,498,497,468,469,
1601,1600,1571,1572,499,498,469,470,
1602,1601,1572,1573,500,499,470,471,
1613,1612,1583,1584,511,510,481,482,
1614,1613,1584,1585,512,511,482,483,
1615,1614,1585,1586,513,512,483,484,
1616,1615,1586,1587,514,513,484,485,
1617,1616,1587,1588,515,514,485,486,
1618,1617,1588,1589,516,515,486,487,
1619,1618,1589,1590,517,516,487,488,
1620,1619,1590,1591,518,517,488,489,
1621,1620,1591,1592,519,518,489,490,
1622,1621,1592,1593,520,519,490,491,
1623,1622,1593,1594,521,520,491,492,
1624,1623,1594,1595,522,521,492,493,
1626,1625,1596,1597,524,523,494,495,
1627,1626,1597,1598,525,524,495,496,
1628,1627,1598,1599,526,525,496,497,
1629,1628,1599,1600,527,526,497,498,
1630,1629,1600,1601,528,527,498,499,
1631,1630,1601,1602,529,528,499,500,
1642,1641,1612,1613,540,539,510,511,
1643,1642,1613,1614,541,540,511,512,
1644,1643,1614,1615,542,541,512,513,
1645,1644,1615,1616,543,542,513,514,
1646,1645,1616,1617,544,543,514,515,
1647,1646,1617,1618,545,544,515,516,
1648,1647,1618,1619,546,545,516,517,
1649,1648,1619,1620,547,546,517,518,
1650,1649,1620,1621,548,547,518,519,
1651,1650,1621,1622,549,548,519,520,
1652,1651,1622,1623,550,549,520,521,
1653,1652,1623,1624,551,550,521,522,
1655,1654,1625,1626,553,552,523,524,
1656,1655,1626,1627,554,553,524,525,
1657,1656,1627,1628,555,554,525,526,
1658,1657,1628,1629,556,555,526,527,
1659,1658,1629,1630,557,556,527,528,
1660,1659,1630,1631,558,557,528,529,
1671,1670,1641,1642,569,568,539,540,
1672,1671,1642,1643,570,569,540,541,
1673,1672,1643,1644,571,570,541,542,
1674,1673,1644,1645,572,571,542,543,
1675,1674,1645,1646,573,572,543,544,
1676,1675,1646,1647,574,573,544,545,
1677,1676,1647,1648,575,574,545,546,
1678,1677,1648,1649,576,575,546,547,
1679,1678,1649,1650,577,576,547,548,
1680,1679,1650,1651,578,577,548,549,
1681,1680,1651,1652,579,578,549,550,
1682,1681,1652,1653,580,579,550,551,
1684,1683,1654,1655,582,581,552,553,
1685,1684,1655,1656,583,582,553,554,
1686,1685,1656,1657,584,583,554,555,
1687,1686,1657,1658,585,584,555,556,
1688,1687,1658,1659,586,585,556,557,
1689,1688,1659,1660,587,586,557,558,
1700,1699,1670,1671,598,597,568,569,
1701,1700,1671,1672,599,598,569,570,
1702,1701,1672,1673,600,599,570,571,
1703,1702,1673,1674,601,600,571,572,
1704,1703,1674,1675,602,601,572,573,
1705,1704,1675,1676,603,602,573,574,
1706,1705,1676,1677,604,603,574,575,
1707,1706,1677,1678,605,604,575,576,
1708,1707,1678,1679,606,605,576,577,
1709,1708,1679,1680,607,606,577,578,
1710,1709,1680,1681,608,607,578,579,
1711,1710,1681,1682,609,608,579,580,
1729,1728,1699,1700,627,626,597,598,
1730,1729,1700,1701,628,627,598,599,
1731,1730,1701,1702,629,628,599,600,
1732,1731,1702,1703,630,629,600,601,
1733,1732,1703,1704,631,630,601,602,
1734,1733,1704,1705,632,631,602,603,
1735,1734,1705,1706,633,632,603,604,
1736,1735,1706,1707,634,633,604,605,
1737,1736,1707,1708,635,634,605,606,
1738,1737,1708,1709,636,635,606,607,
1739,1738,1709,1710,637,636,607,608,
1740,1739,1710,1711,638,637,608,609,
1758,1757,1728,1729,656,655,626,627,
1759,1758,1729,1730,657,656,627,628,
1760,1759,1730,1731,658,657,628,629,
1761,1760,1731,1732,659,658,629,630,
1762,1761,1732,1733,660,659,630,631,
1763,1762,1733,1734,661,660,631,632,
1764,1763,1734,1735,662,661,632,633,
1765,1764,1735,1736,663,662,633,634,
1766,1765,1736,1737,664,663,634,635,
1767,1766,1737,1738,665,664,635,636,
1768,1767,1738,1739,666,665,636,637,
1769,1768,1739,1740,667,666,637,638,
1787,1786,1757,1758,685,684,655,656,
1788,1787,1758,1759,686,685,656,657,
1789,1788,1759,1760,687,686,657,658,
1790,1789,1760,1761,688,687,658,659,
1791,1790,1761,1762,689,688,659,660,
1792,1791,1762,1763,690,689,660,661,
1793,1792,1763,1764,691,690,661,662,
1794,1793,1764,1765,692,691,662,663,
1795,1794,1765,1766,693,692,663,664,
1796,1795,1766,1767,694,693,664,665,
1797,1796,1767,1768,695,694,665,666,
1798,1797,1768,1769,696,695,666,667,
1816,1815,1786,1787,714,713,684,685,
1817,1816,1787,1788,715,714,685,686,
1818,1817,1788,1789,716,715,686,687,
1819,1818,1789,1790,717,716,687,688,
1820,1819,1790,1791,718,717,688,689,
1821,1820,1791,1792,719,718,689,690,
1822,1821,1792,1793,720,719,690,691,
1823,1822,1793,1794,721,720,691,692,
1824,1823,1794,1795,722,721,692,693,
1825,1824,1795,1796,723,722,693,694,
1826,1825,1796,1797,724,723,694,695,
1827,1826,1797,1798,725,724,695,696,
1845,1844,1815,1816,743,742,713,714,
1846,1845,1816,1817,744,743,714,715,
1847,1846,1817,1818,745,744,715,716,
1848,1847,1818,1819,746,745,716,717,
1849,1848,1819,1820,747,746,717,718,
1850,1849,1820,1821,748,747,718,719,
1851,1850,1821,1822,749,748,719,720,
1852,1851,1822,1823,750,749,720,721,
1853,1852,1823,1824,751,750,721,722,
1854,1853,1824,1825,752,751,722,723,
1855,1854,1825,1826,753,752,723,724,
1856,1855,1826,1827,754,753,724,725,
1874,1873,1844,1845,772,771,742,743,
1875,1874,1845,1846,773,772,743,744,
1876,1875,1846,1847,774,773,744,745,
1877,1876,1847,1848,775,774,745,746,
1878,1877,1848,1849,776,775,746,747,
1879,1878,1849,1850,777,776,747,748,
1880,1879,1850,1851,778,777,748,749,
1881,1880,1851,1852,779,778,749,750,
1882,1881,1852,1853,780,779,750,751,
1883,1882,1853,1854,781,780,751,752,
1884,1883,1854,1855,782,781,752,753,
1885,1884,1855,1856,783,782,753,754,
1903,1902,1873,1874,801,800,771,772,
1904,1903,1874,1875,802,801,772,773,
1905,1904,1875,1876,803,802,773,774,
1906,1905,1876,1877,804,803,774,775,
1907,1906,1877,1878,805,804,775,776,
1908,1907,1878,1879,806,805,776,777,
1909,1908,1879,1880,807,806,777,778,
1910,1909,1880,1881,808,807,778,779,
1911,1910,1881,1882,809,808,779,780,
1912,1911,1882,1883,810,809,780,781,
1913,1912,1883,1884,811,810,781,782,
1914,1913,1884,1885,812,811,782,783,
1932,1931,1902,1903,830,829,800,801,
1933,1932,1903,1904,831,830,801,802,
1934,1933,1904,1905,832,831,802,803,
1935,1934,1905,1906,833,832,803,804,
1936,1935,1906,1907,834,833,804,805,
1937,1936,1907,1908,835,834,805,806,
1938,1937,1908,1909,836,835,806,807,
1939,1938,1909,1910,837,836,807,808,
1940,1939,1910,1911,838,837,808,809,
1941,1940,1911,1912,839,838,809,810,
1942,1941,1912,1913,840,839,810,811,
1943,1942,1913,1914,841,840,811,812,
1961,1960,1931,1932,859,858,829,830,
1962,1961,1932,1933,860,859,830,831,
1963,1962,1933,1934,861,860,831,832,
1964,1963,1934,1935,862,861,832,833,
1965,1964,1935,1936,863,862,833,834,
1966,1965,1936,1937,864,863,834,835,
1967,1966,1937,1938,865,864,835,836,
1968,1967,1938,1939,866,865,836,837,
1969,1968,1939,1940,867,866,837,838,
1970,1969,1940,1941,868,867,838,839,
1971,1970,1941,1942,869,868,839,840,
1972,1971,1942,1943,870,869,840,841,
1990,1989,1960,1961,888,887,858,859,
1991,1990,1961,1962,889,888,859,860,
1992,1991,1962,1963,890,889,860,861,
1993,1992,1963,1964,891,890,861,862,
1994,1993,1964,1965,892,891,862,863,
1995,1994,1965,1966,893,892,863,864,
1996,1995,1966,1967,894,893,864,865,
1997,1996,1967,1968,895,894,865,866,
1998,1997,1968,1969,896,895,866,867,
1999,1998,1969,1970,897,896,867,868,
2000,1999,1970,1971,898,897,868,869,
2001,2000,1971,1972,899,898,869,870,
2003,2002,1973,1974,901,900,871,872,
2004,2003,1974,1975,902,901,872,873,
2005,2004,1975,1976,903,902,873,874,
2006,2005,1976,1977,904,903,874,875,
2007,2006,1977,1978,905,904,875,876,
2008,2007,1978,1979,906,905,876,877,
2009,2008,1979,1980,907,906,877,878,
2010,2009,1980,1981,908,907,878,879,
2011,2010,1981,1982,909,908,879,880,
2012,2011,1982,1983,910,909,880,881,
2013,2012,1983,1984,911,910,881,882,
2014,2013,1984,1985,912,911,882,883,
2015,2014,1985,1986,913,912,883,884,
2016,2015,1986,1987,914,913,884,885,
2017,2016,1987,1988,915,914,885,886,
2018,2017,1988,1989,916,915,886,887,
2019,2018,1989,1990,917,916,887,888,
2020,2019,1990,1991,918,917,888,889,
2021,2020,1991,1992,919,918,889,890,
2022,2021,1992,1993,920,919,890,891,
2023,2022,1993,1994,921,920,891,892,
2024,2023,1994,1995,922,921,892,893,
2025,2024,1995,1996,923,922,893,894,
2026,2025,1996,1997,924,923,894,895,
2027,2026,1997,1998,925,924,895,896,
2028,2027,1998,1999,926,925,896,897,
2029,2028,1999,2000,927,926,897,898,
2030,2029,2000,2001,928,927,898,899,
2032,2031,2002,2003,930,929,900,901,
2033,2032,2003,2004,931,930,901,902,
2034,2033,2004,2005,932,931,902,903,
2035,2034,2005,2006,933,932,903,904,
2036,2035,2006,2007,934,933,904,905,
2037,2036,2007,2008,935,934,905,906,
2038,2037,2008,2009,936,935,906,907,
2039,2038,2009,2010,937,936,907,908,
2040,2039,2010,2011,938,937,908,909,
2041,2040,2011,2012,939,938,909,910,
2042,2041,2012,2013,940,939,910,911,
2043,2042,2013,2014,941,940,911,912,
2044,2043,2014,2015,942,941,912,913,
2045,2044,2015,2016,943,942,913,914,
2046,2045,2016,2017,944,943,914,915,
2047,2046,2017,2018,945,944,915,916,
2048,2047,2018,2019,946,945,916,917,
2049,2048,2019,2020,947,946,917,918,
2050,2049,2020,2021,948,947,918,919,
2051,2050,2021,2022,949,948,919,920,
2052,2051,2022,2023,950,949,920,921,
2053,2052,2023,2024,951,950,921,922,
2054,2053,2024,2025,952,951,922,923,
2055,2054,2025,2026,953,952,923,924,
2056,2055,2026,2027,954,953,924,925,
2057,2056,2027,2028,955,954,925,926,
2058,2057,2028,2029,956,955,926,927,
2059,2058,2029,2030,957,956,927,928,
2061,2060,2031,2032,959,958,929,930,
2062,2061,2032,2033,960,959,930,931,
2063,2062,2033,2034,961,960,931,932,
2064,2063,2034,2035,962,961,932,933,
2065,2064,2035,2036,963,962,933,934,
2066,2065,2036,2037,964,963,934,935,
2067,2066,2037,2038,965,964,935,936,
2068,2067,2038,2039,966,965,936,937,
2069,2068,2039,2040,967,966,937,938,
2070,2069,2040,2041,968,967,938,939,
2071,2070,2041,2042,969,968,939,940,
2072,2071,2042,2043,970,969,940,941,
2073,2072,2043,2044,971,970,941,942,
2074,2073,2044,2045,972,971,942,943,
2075,2074,2045,2046,973,972,943,944,
2076,2075,2046,2047,974,973,944,945,
2077,2076,2047,2048,975,974,945,946,
2078,2077,2048,2049,976,975,946,947,
2079,2078,2049,2050,977,976,947,948,
2080,2079,2050,2051,978,977,948,949,
2081,2080,2051,2052,979,978,949,950,
2082,2081,2052,2053,980,979,950,951,
2083,2082,2053,2054,981,980,951,952,
2084,2083,2054,2055,982,981,952,953,
2085,2084,2055,2056,983,982,953,954,
2086,2085,2056,2057,984,983,954,955,
2087,2086,2057,2058,985,984,955,956,
2088,2087,2058,2059,986,985,956,957,
2090,2089,2060,2061,988,987,958,959,
2091,2090,2061,2062,989,988,959,960,
2092,2091,2062,2063,990,989,960,961,
2093,2092,2063,2064,991,990,961,962,
2094,2093,2064,2065,992,991,962,963,
2095,2094,2065,2066,993,992,963,964,
2096,2095,2066,2067,994,993,964,965,
2097,2096,2067,2068,995,994,965,966,
2098,2097,2068,2069,996,995,966,967,
2099,2098,2069,2070,997,996,967,968,
2100,2099,2070,2071,998,997,968,969,
2101,2100,2071,2072,999,998,969,970,
2102,2101,2072,2073,1000,999,970,971,
2103,2102,2073,2074,1001,1000,971,972,
2104,2103,2074,2075,1002,1001,972,973,
2105,2104,2075,2076,1003,1002,973,974,
2106,2105,2076,2077,1004,1003,974,975,
2107,2106,2077,2078,1005,1004,975,976,
2108,2107,2078,2079,1006,1005,976,977,
2109,2108,2079,2080,1007,1006,977,978,
2110,2109,2080,2081,1008,1007,978,979,
2111,2110,2081,2082,1009,1008,979,980,
2112,2111,2082,2083,1010,1009,980,981,
2113,2112,2083,2084,1011,1010,981,982,
2114,2113,2084,2085,1012,1011,982,983,
2115,2114,2085,2086,1013,1012,983,984,
2116,2115,2086,2087,1014,1013,984,985,
2117,2116,2087,2088,1015,1014,985,986,
2119,2118,2089,2090,1017,1016,987,988,
2120,2119,2090,2091,1018,1017,988,989,
2121,2120,2091,2092,1019,1018,989,990,
2122,2121,2092,2093,1020,1019,990,991,
2123,2122,2093,2094,1021,1020,991,992,
2124,2123,2094,2095,1022,1021,992,993,
2125,2124,2095,2096,1023,1022,993,994,
2126,2125,2096,2097,1024,1023,994,995,
2127,2126,2097,2098,1025,1024,995,996,
2128,2127,2098,2099,1026,1025,996,997,
2129,2128,2099,2100,1027,1026,997,998,
2130,2129,2100,2101,1028,1027,998,999,
2131,2130,2101,2102,1029,1028,999,1000,
2132,2131,2102,2103,1030,1029,1000,1001,
2133,2132,2103,2104,1031,1030,1001,1002,
2134,2133,2104,2105,1032,1031,1002,1003,
2135,2134,2105,2106,1033,1032,1003,1004,
2136,2135,2106,2107,1034,1033,1004,1005,
2137,2136,2107,2108,1035,1034,1005,1006,
2138,2137,2108,2109,1036,1035,1006,1007,
2139,2138,2109,2110,1037,1036,1007,1008,
2140,2139,2110,2111,1038,1037,1008,1009,
2141,2140,2111,2112,1039,1038,1009,1010,
2142,2141,2112,2113,1040,1039,1010,1011,
2143,2142,2113,2114,1041,1040,1011,1012,
2144,2143,2114,2115,1042,1041,1012,1013,
2145,2144,2115,2116,1043,1042,1013,1014,
2146,2145,2116,2117,1044,1043,1014,1015,
2148,2147,2118,2119,1046,1045,1016,1017,
2149,2148,2119,2120,1047,1046,1017,1018,
2150,2149,2120,2121,1048,1047,1018,1019,
2151,2150,2121,2122,1049,1048,1019,1020,
2152,2151,2122,2123,1050,1049,1020,1021,
2153,2152,2123,2124,1051,1050,1021,1022,
2154,2153,2124,2125,1052,1051,1022,1023,
2155,2154,2125,2126,1053,1052,1023,1024,
2156,2155,2126,2127,1054,1053,1024,1025,
2157,2156,2127,2128,1055,1054,1025,1026,
2158,2157,2128,2129,1056,1055,1026,1027,
2159,2158,2129,2130,1057,1056,1027,1028,
2160,2159,2130,2131,1058,1057,1028,1029,
2161,2160,2131,2132,1059,1058,1029,1030,
2162,2161,2132,2133,1060,1059,1030,1031,
2163,2162,2133,2134,1061,1060,1031,1032,
2164,2163,2134,2135,1062,1061,1032,1033,
2165,2164,2135,2136,1063,1062,1033,1034,
2166,2165,2136,2137,1064,1063,1034,1035,
2167,2166,2137,2138,1065,1064,1035,1036,
2168,2167,2138,2139,1066,1065,1036,1037,
2169,2168,2139,2140,1067,1066,1037,1038,
2170,2169,2140,2141,1068,1067,1038,1039,
2171,2170,2141,2142,1069,1068,1039,1040,
2172,2171,2142,2143,1070,1069,1040,1041,
2173,2172,2143,2144,1071,1070,1041,1042,
2174,2173,2144,2145,1072,1071,1042,1043,
2175,2174,2145,2146,1073,1072,1043,1044,
2177,2176,2147,2148,1075,1074,1045,1046,
2178,2177,2148,2149,1076,1075,1046,1047,
2179,2178,2149,2150,1077,1076,1047,1048,
2180,2179,2150,2151,1078,1077,1048,1049,
2181,2180,2151,2152,1079,1078,1049,1050,
2182,2181,2152,2153,1080,1079,1050,1051,
2183,2182,2153,2154,1081,1080,1051,1052,
2184,2183,2154,2155,1082,1081,1052,1053,
2185,2184,2155,2156,1083,1082,1053,1054,
2186,2185,2156,2157,1084,1083,1054,1055,
2187,2186,2157,2158,1085,1084,1055,1056,
2188,2187,2158,2159,1086,1085,1056,1057,
2189,2188,2159,2160,1087,1086,1057,1058,
2190,2189,2160,2161,1088,1087,1058,1059,
2191,2190,2161,2162,1089,1088,1059,1060,
2192,2191,2162,2163,1090,1089,1060,1061,
2193,2192,2163,2164,1091,1090,1061,1062,
2194,2193,2164,2165,1092,1091,1062,1063,
2195,2194,2165,2166,1093,1092,1063,1064,
2196,2195,2166,2167,1094,1093,1064,1065,
2197,2196,2167,2168,1095,1094,1065,1066,
2198,2197,2168,2169,1096,1095,1066,1067,
2199,2198,2169,2170,1097,1096,1067,1068,
2200,2199,2170,2171,1098,1097,1068,1069,
2201,2200,2171,2172,1099,1098,1069,1070,
2202,2201,2172,2173,1100,1099,1070,1071,
2203,2202,2173,2174,1101,1100,1071,1072,
2204,2203,2174,2175,1102,1101,1072,1073,
0.0,0.0,0.0,
5.0,0.0,0.0,
10.0,0.0,0.0,
15.0,0.0,0.0,
20.0,0.0,0.0,
25.0,0.0,0.0,
30.0,0.0,0.0,
35.0,0.0,0.0,
40.0,0.0,0.0,
45.0,0.0,0.0,
50.0,0.0,0.0,
55.0,0.0,0.0,
60.0,0.0,0.0,
65.0,0.0,0.0,
70.0,0.0,0.0,
75.0,0.0,0.0,
80.0,0.0,0.0,
85.0,0.0,0.0,
90.0,0.0,0.0,
95.0,0.0,0.0,
100.0,0.0,0.0,
105.0,0.0,0.0,
110.0,0.0,0.0,
120.0,0.0,0.0,
140.0,0.0,0.0,
180.0,0.0,0.0,
260.0,0.0,0.0,
420.0,0.0,0.0,
740.0,0.0,0.0,
0.0,5.0,0.0,
5.0,5.0,0.0,
10.0,5.0,0.0,
15.0,5.0,0.0,
20.0,5.0,0.0,
25.0,5.0,0.0,
30.0,5.0,0.0,
35.0,5.0,0.0,
40.0,5.0,0.0,
45.0,5.0,0.0,
50.0,5.0,0.0,
55.0,5.0,0.0,
60.0,5.0,0.0,
65.0,5.0,0.0,
70.0,5.0,0.0,
75.0,5.0,0.0,
80.0,5.0,0.0,
85.0,5.0,0.0,
90.0,5.0,0.0,
95.0,5.0,0.0,
100.0,5.0,0.0,
105.0,5.0,0.0,
110.0,5.0,0.0,
120.0,5.0,0.0,
140.0,5.0,0.0,
180.0,5.0,0.0,
260.0,5.0,0.0,
420.0,5.0,0.0,
740.0,5.0,0.0,
0.0,10.0,0.0,
5.0,10.0,0.0,
10.0,10.0,0.0,
15.0,10.0,0.0,
20.0,10.0,0.0,
25.0,10.0,0.0,
30.0,10.0,0.0,
35.0,10.0,0.0,
40.0,10.0,0.0,
45.0,10.0,0.0,
50.0,10.0,0.0,
55.0,10.0,0.0,
60.0,10.0,0.0,
65.0,10.0,0.0,
70.0,10.0,0.0,
75.0,10.0,0.0,
80.0,10.0,0.0,
85.0,10.0,0.0,
90.0,10.0,0.0,
95.0,10.0,0.0,
100.0,10.0,0.0,
105.0,10.0,0.0,
110.0,10.0,0.0,
120.0,10.0,0.0,
140.0,10.0,0.0,
180.0,10.0,0.0,
260.0,10.0,0.0,
420.0,10.0,0.0,
740.0,10.0,0.0,
0.0,15.0,0.0,
5.0,15.0,0.0,
10.0,15.0,0.0,
15.0,15.0,0.0,
20.0,15.0,0.0,
25.0,15.0,0.0,
30.0,15.0,0.0,
35.0,15.0,0.0,
40.0,15.0,0.0,
45.0,15.0,0.0,
50.0,15.0,0.0,
55.0,15.0,0.0,
60.0,15.0,0.0,
65.0,15.0,0.0,
70.0,15.0,0.0,
75.0,15.0,0.0,
80.0,15.0,0.0,
85.0,15.0,0.0,
90.0,15.0,0.0,
95.0,15.0,0.0,
100.0,15.0,0.0,
105.0,15.0,0.0,
110.0,15.0,0.0,
120.0,15.0,0.0,
140.0,15.0,0.0,
180.0,15.0,0.0,
260.0,15.0,0.0,
420.0,15.0,0.0,
740.0,15.0,0.0,
0.0,20.0,0.0,
5.0,20.0,0.0,
10.0,20.0,0.0,
15.0,20.0,0.0,
20.0,20.0,0.0,
25.0,20.0,0.0,
30.0,20.0,0.0,
35.0,20.0,0.0,
40.0,20.0,0.0,
45.0,20.0,0.0,
50.0,20.0,0.0,
55.0,20.0,0.0,
60.0,20.0,0.0,
65.0,20.0,0.0,
70.0,20.0,0.0,
75.0,20.0,0.0,
80.0,20.0,0.0,
85.0,20.0,0.0,
90.0,20.0,0.0,
95.0,20.0,0.0,
100.0,20.0,0.0,
105.0,20.0,0.0,
110.0,20.0,0.0,
120.0,20.0,0.0,
140.0,20.0,0.0,
180.0,20.0,0.0,
260.0,20.0,0.0,
420.0,20.0,0.0,
740.0,20.0,0.0,
0.0,25.0,0.0,
5.0,25.0,0.0,
10.0,25.0,0.0,
15.0,25.0,0.0,
20.0,25.0,0.0,
25.0,25.0,0.0,
30.0,25.0,0.0,
35.0,25.0,0.0,
40.0,25.0,0.0,
45.0,25.0,0.0,
50.0,25.0,0.0,
55.0,25.0,0.0,
60.0,25.0,0.0,
65.0,25.0,0.0,
70.0,25.0,0.0,
75.0,25.0,0.0,
80.0,25.0,0.0,
85.0,25.0,0.0,
90.0,25.0,0.0,
95.0,25.0,0.0,
100.0,25.0,0.0,
105.0,25.0,0.0,
110.0,25.0,0.0,
120.0,25.0,0.0,
140.0,25.0,0.0,
180.0,25.0,0.0,
260.0,25.0,0.0,
420.0,25.0,0.0,
740.0,25.0,0.0,
0.0,30.0,0.0,
5.0,30.0,0.0,
10.0,30.0,0.0,
15.0,30.0,0.0,
20.0,30.0,0.0,
25.0,30.0,0.0,
30.0,30.0,0.0,
35.0,30.0,0.0,
40.0,30.0,0.0,
45.0,30.0,0.0,
50.0,30.0,0.0,
55.0,30.0,0.0,
60.0,30.0,0.0,
65.0,30.0,0.0,
70.0,30.0,0.0,
75.0,30.0,0.0,
80.0,30.0,0.0,
85.0,30.0,0.0,
90.0,30.0,0.0,
95.0,30.0,0.0,
100.0,30.0,0.0,
105.0,30.0,0.0,
110.0,30.0,0.0,
120.0,30.0,0.0,
140.0,30.0,0.0,
180.0,30.0,0.0,
260.0,30.0,0.0,
420.0,30.0,0.0,
740.0,30.0,0.0,
0.0,35.0,0.0,
5.0,35.0,0.0,
10.0,35.0,0.0,
15.0,35.0,0.0,
20.0,35.0,0.0,
25.0,35.0,0.0,
30.0,35.0,0.0,
35.0,35.0,0.0,
40.0,35.0,0.0,
45.0,35.0,0.0,
50.0,35.0,0.0,
55.0,35.0,0.0,
60.0,35.0,0.0,
65.0,35.0,0.0,
70.0,35.0,0.0,
75.0,35.0,0.0,
80.0,35.0,0.0,
85.0,35.0,0.0,
90.0,35.0,0.0,
95.0,35.0,0.0,
100.0,35.0,0.0,
105.0,35.0,0.0,
110.0,35.0,0.0,
120.0,35.0,0.0,
140.0,35.0,0.0,
180.0,35.0,0.0,
260.0,35.0,0.0,
420.0,35.0,0.0,
740.0,35.0,0.0,
0.0,40.0,0.0,
5.0,40.0,0.0,
10.0,40.0,0.0,
15.0,40.0,0.0,
20.0,40.0,0.0,
25.0,40.0,0.0,
30.0,40.0,0.0,
35.0,40.0,0.0,
40.0,40.0,0.0,
45.0,40.0,0.0,
50.0,40.0,0.0,
55.0,40.0,0.0,
60.0,40.0,0.0,
65.0,40.0,0.0,
70.0,40.0,0.0,
75.0,40.0,0.0,
80.0,40.0,0.0,
85.0,40.0,0.0,
90.0,40.0,0.0,
95.0,40.0,0.0,
100.0,40.0,0.0,
105.0,40.0,0.0,
110.0,40.0,0.0,
120.0,40.0,0.0,
140.0,40.0,0.0,
180.0,40.0,0.0,
260.0,40.0,0.0,
420.0,40.0,0.0,
740.0,40.0,0.0,
0.0,45.0,0.0,
5.0,45.0,0.0,
10.0,45.0,0.0,
15.0,45.0,0.0,
20.0,45.0,0.0,
25.0,45.0,0.0,
30.0,45.0,0.0,
35.0,45.0,0.0,
40.0,45.0,0.0,
45.0,45.0,0.0,
50.0,45.0,0.0,
55.0,45.0,0.0,
60.0,45.0,0.0,
65.0,45.0,0.0,
70.0,45.0,0.0,
75.0,45.0,0.0,
80.0,45.0,0.0,
85.0,45.0,0.0,
90.0,45.0,0.0,
95.0,45.0,0.0,
100.0,45.0,0.0,
105.0,45.0,0.0,
110.0,45.0,0.0,
120.0,45.0,0.0,
140.0,45.0,0.0,
180.0,45.0,0.0,
260.0,45.0,0.0,
420.0,45.0,0.0,
740.0,45.0,0.0,
0.0,50.0,0.0,
5.0,50.0,0.0,
10.0,50.0,0.0,
15.0,50.0,0.0,
20.0,50.0,0.0,
25.0,50.0,0.0,
30.0,50.0,0.0,
35.0,50.0,0.0,
40.0,50.0,0.0,
45.0,50.0,0.0,
50.0,50.0,0.0,
55.0,50.0,0.0,
60.0,50.0,0.0,
65.0,50.0,0.0,
70.0,50.0,0.0,
75.0,50.0,0.0,
80.0,50.0,0.0,
85.0,50.0,0.0,
90.0,50.0,0.0,
95.0,50.0,0.0,
100.0,50.0,0.0,
105.0,50.0,0.0,
110.0,50.0,0.0,
120.0,50.0,0.0,
140.0,50.0,0.0,
180.0,50.0,0.0,
260.0,50.0,0.0,
420.0,50.0,0.0,
740.0,50.0,0.0,
0.0,55.0,0.0,
5.0,55.0,0.0,
10.0,55.0,0.0,
15.0,55.0,0.0,
20.0,55.0,0.0,
25.0,55.0,0.0,
30.0,55.0,0.0,
35.0,55.0,0.0,
40.0,55.0,0.0,
45.0,55.0,0.0,
50.0,55.0,0.0,
55.0,55.0,0.0,
60.0,55.0,0.0,
65.0,55.0,0.0,
70.0,55.0,0.0,
75.0,55.0,0.0,
80.0,55.0,0.0,
85.0,55.0,0.0,
90.0,55.0,0.0,
95.0,55.0,0.0,
100.0,55.0,0.0,
105.0,55.0,0.0,
110.0,55.0,0.0,
120.0,55.0,0.0,
140.0,55.0,0.0,
180.0,55.0,0.0,
260.0,55.0,0.0,
420.0,55.0,0.0,
740.0,55.0,0.0,
0.0,60.0,0.0,
5.0,60.0,0.0,
10.0,60.0,0.0,
15.0,60.0,0.0,
20.0,60.0,0.0,
25.0,60.0,0.0,
30.0,60.0,0.0,
35.0,60.0,0.0,
40.0,60.0,0.0,
45.0,60.0,0.0,
50.0,60.0,0.0,
55.0,60.0,0.0,
60.0,60.0,0.0,
65.0,60.0,0.0,
70.0,60.0,0.0,
75.0,60.0,0.0,
80.0,60.0,0.0,
85.0,60.0,0.0,
90.0,60.0,0.0,
95.0,60.0,0.0,
100.0,60.0,0.0,
105.0,60.0,0.0,
110.0,60.0,0.0,
120.0,60.0,0.0,
140.0,60.0,0.0,
180.0,60.0,0.0,
260.0,60.0,0.0,
420.0,60.0,0.0,
740.0,60.0,0.0,
0.0,65.0,0.0,
5.0,65.0,0.0,
10.0,65.0,0.0,
15.0,65.0,0.0,
20.0,65.0,0.0,
25.0,65.0,0.0,
30.0,65.0,0.0,
35.0,65.0,0.0,
40.0,65.0,0.0,
45.0,65.0,0.0,
50.0,65.0,0.0,
55.0,65.0,0.0,
60.0,65.0,0.0,
65.0,65.0,0.0,
70.0,65.0,0.0,
75.0,65.0,0.0,
80.0,65.0,0.0,
85.0,65.0,0.0,
90.0,65.0,0.0,
95.0,65.0,0.0,
100.0,65.0,0.0,
105.0,65.0,0.0,
110.0,65.0,0.0,
120.0,65.0,0.0,
140.0,65.0,0.0,
180.0,65.0,0.0,
260.0,65.0,0.0,
420.0,65.0,0.0,
740.0,65.0,0.0,
0.0,70.0,0.0,
5.0,70.0,0.0,
10.0,70.0,0.0,
15.0,70.0,0.0,
20.0,70.0,0.0,
25.0,70.0,0.0,
30.0,70.0,0.0,
35.0,70.0,0.0,
40.0,70.0,0.0,
45.0,70.0,0.0,
50.0,70.0,0.0,
55.0,70.0,0.0,
60.0,70.0,0.0,
65.0,70.0,0.0,
70.0,70.0,0.0,
75.0,70.0,0.0,
80.0,70.0,0.0,
85.0,70.0,0.0,
90.0,70.0,0.0,
95.0,70.0,0.0,
100.0,70.0,0.0,
105.0,70.0,0.0,
110.0,70.0,0.0,
120.0,70.0,0.0,
140.0,70.0,0.0,
180.0,70.0,0.0,
260.0,70.0,0.0,
420.0,70.0,0.0,
740.0,70.0,0.0,
0.0,75.0,0.0,
5.0,75.0,0.0,
10.0,75.0,0.0,
15.0,75.0,0.0,
20.0,75.0,0.0,
25.0,75.0,0.0,
30.0,75.0,0.0,
35.0,75.0,0.0,
40.0,75.0,0.0,
45.0,75.0,0.0,
50.0,75.0,0.0,
55.0,75.0,0.0,
60.0,75.0,0.0,
65.0,75.0,0.0,
70.0,75.0,0.0,
75.0,75.0,0.0,
80.0,75.0,0.0,
85.0,75.0,0.0,
90.0,75.0,0.0,
95.0,75.0,0.0,
100.0,75.0,0.0,
105.0,75.0,0.0,
110.0,75.0,0.0,
120.0,75.0,0.0,
140.0,75.0,0.0,
180.0,75.0,0.0,
260.0,75.0,0.0,
420.0,75.0,0.0,
740.0,75.0,0.0,
0.0,80.0,0.0,
5.0,80.0,0.0,
10.0,80.0,0.0,
15.0,80.0,0.0,
20.0,80.0,0.0,
25.0,80.0,0.0,
30.0,80.0,0.0,
35.0,80.0,0.0,
40.0,80.0,0.0,
45.0,80.0,0.0,
50.0,80.0,0.0,
55.0,80.0,0.0,
60.0,80.0,0.0,
65.0,80.0,0.0,
70.0,80.0,0.0,
75.0,80.0,0.0,
80.0,80.0,0.0,
85.0,80.0,0.0,
90.0,80.0,0.0,
95.0,80.0,0.0,
100.0,80.0,0.0,
105.0,80.0,0.0,
110.0,80.0,0.0,
120.0,80.0,0.0,
140.0,80.0,0.0,
180.0,80.0,0.0,
260.0,80.0,0.0,
420.0,80.0,0.0,
740.0,80.0,0.0,
0.0,85.0,0.0,
5.0,85.0,0.0,
10.0,85.0,0.0,
15.0,85.0,0.0,
20.0,85.0,0.0,
25.0,85.0,0.0,
30.0,85.0,0.0,
35.0,85.0,0.0,
40.0,85.0,0.0,
45.0,85.0,0.0,
50.0,85.0,0.0,
55.0,85.0,0.0,
60.0,85.0,0.0,
65.0,85.0,0.0,
70.0,85.0,0.0,
75.0,85.0,0.0,
80.0,85.0,0.0,
85.0,85.0,0.0,
90.0,85.0,0.0,
95.0,85.0,0.0,
100.0,85.0,0.0,
105.0,85.0,0.0,
110.0,85.0,0.0,
120.0,85.0,0.0,
140.0,85.0,0.0,
180.0,85.0,0.0,
260.0,85.0,0.0,
420.0,85.0,0.0,
740.0,85.0,0.0,
0.0,90.0,0.0,
5.0,90.0,0.0,
10.0,90.0,0.0,
15.0,90.0,0.0,
20.0,90.0,0.0,
25.0,90.0,0.0,
30.0,90.0,0.0,
35.0,90.0,0.0,
40.0,90.0,0.0,
45.0,90.0,0.0,
50.0,90.0,0.0,
55.0,90.0,0.0,
60.0,90.0,0.0,
65.0,90.0,0.0,
70.0,90.0,0.0,
75.0,90.0,0.0,
80.0,90.0,0.0,
85.0,90.0,0.0,
90.0,90.0,0.0,
95.0,90.0,0.0,
100.0,90.0,0.0,
105.0,90.0,0.0,
110.0,90.0,0.0,
120.0,90.0,0.0,
140.0,90.0,0.0,
180.0,90.0,0.0,
260.0,90.0,0.0,
420.0,90.0,0.0,
740.0,90.0,0.0,
0.0,95.0,0.0,
5.0,95.0,0.0,
10.0,95.0,0.0,
15.0,95.0,0.0,
20.0,95.0,0.0,
25.0,95.0,0.0,
30.0,95.0,0.0,
35.0,95.0,0.0,
40.0,95.0,0.0,
45.0,95.0,0.0,
50.0,95.0,0.0,
55.0,95.0,0.0,
60.0,95.0,0.0,
65.0,95.0,0.0,
70.0,95.0,0.0,
75.0,95.0,0.0,
80.0,95.0,0.0,
85.0,95.0,0.0,
90.0,95.0,0.0,
95.0,95.0,0.0,
100.0,95.0,0.0,
105.0,95.0,0.0,
110.0,95.0,0.0,
120.0,95.0,0.0,
140.0,95.0,0.0,
180.0,95.0,0.0,
260.0,95.0,0.0,
420.0,95.0,0.0,
740.0,95.0,0.0,
0.0,100.0,0.0,
5.0,100.0,0.0,
10.0,100.0,0.0,
15.0,100.0,0.0,
20.0,100.0,0.0,
25.0,100.0,0.0,
30.0,100.0,0.0,
35.0,100.0,0.0,
40.0,100.0,0.0,
45.0,100.0,0.0,
50.0,100.0,0.0,
55.0,100.0,0.0,
60.0,100.0,0.0,
65.0,100.0,0.0,
70.0,100.0,0.0,
75.0,100.0,0.0,
80.0,100.0,0.0,
85.0,100.0,0.0,
90.0,100.0,0.0,
95.0,100.0,0.0,
100.0,100.0,0.0,
105.0,100.0,0.0,
110.0,100.0,0.0,
120.0,100.0,0.0,
140.0,100.0,0.0,
180.0,100.0,0.0,
260.0,100.0,0.0,
420.0,100.0,0.0,
740.0,100.0,0.0,
0.0,105.0,0.0,
5.0,105.0,0.0,
10.0,105.0,0.0,
15.0,105.0,0.0,
20.0,105.0,0.0,
25.0,105.0,0.0,
30.0,105.0,0.0,
35.0,105.0,0.0,
40.0,105.0,0.0,
45.0,105.0,0.0,
50.0,105.0,0.0,
55.0,105.0,0.0,
60.0,105.0,0.0,
65.0,105.0,0.0,
70.0,105.0,0.0,
75.0,105.0,0.0,
80.0,105.0,0.0,
85.0,105.0,0.0,
90.0,105.0,0.0,
95.0,105.0,0.0,
100.0,105.0,0.0,
105.0,105.0,0.0,
110.0,105.0,0.0,
120.0,105.0,0.0,
140.0,105.0,0.0,
180.0,105.0,0.0,
260.0,105.0,0.0,
420.0,105.0,0.0,
740.0,105.0,0.0,
0.0,110.0,0.0,
5.0,110.0,0.0,
10.0,110.0,0.0,
15.0,110.0,0.0,
20.0,110.0,0.0,
25.0,110.0,0.0,
30.0,110.0,0.0,
35.0,110.0,0.0,
40.0,110.0,0.0,
45.0,110.0,0.0,
50.0,110.0,0.0,
55.0,110.0,0.0,
60.0,110.0,0.0,
65.0,110.0,0.0,
70.0,110.0,0.0,
75.0,110.0,0.0,
80.0,110.0,0.0,
85.0,110.0,0.0,
90.0,110.0,0.0,
95.0,110.0,0.0,
100.0,110.0,0.0,
105.0,110.0,0.0,
110.0,110.0,0.0,
120.0,110.0,0.0,
140.0,110.0,0.0,
180.0,110.0,0.0,
260.0,110.0,0.0,
420.0,110.0,0.0,
740.0,110.0,0.0,
0.0,115.0,0.0,
5.0,115.0,0.0,
10.0,115.0,0.0,
15.0,115.0,0.0,
20.0,115.0,0.0,
25.0,115.0,0.0,
30.0,115.0,0.0,
35.0,115.0,0.0,
40.0,115.0,0.0,
45.0,115.0,0.0,
50.0,115.0,0.0,
55.0,115.0,0.0,
60.0,115.0,0.0,
65.0,115.0,0.0,
70.0,115.0,0.0,
75.0,115.0,0.0,
80.0,115.0,0.0,
85.0,115.0,0.0,
90.0,115.0,0.0,
95.0,115.0,0.0,
100.0,115.0,0.0,
105.0,115.0,0.0,
110.0,115.0,0.0,
120.0,115.0,0.0,
140.0,115.0,0.0,
180.0,115.0,0.0,
260.0,115.0,0.0,
420.0,115.0,0.0,
740.0,115.0,0.0,
0.0,120.0,0.0,
5.0,120.0,0.0,
10.0,120.0,0.0,
15.0,120.0,0.0,
20.0,120.0,0.0,
25.0,120.0,0.0,
30.0,120.0,0.0,
35.0,120.0,0.0,
40.0,120.0,0.0,
45.0,120.0,0.0,
50.0,120.0,0.0,
55.0,120.0,0.0,
60.0,120.0,0.0,
65.0,120.0,0.0,
70.0,120.0,0.0,
75.0,120.0,0.0,
80.0,120.0,0.0,
85.0,120.0,0.0,
90.0,120.0,0.0,
95.0,120.0,0.0,
100.0,120.0,0.0,
105.0,120.0,0.0,
110.0,120.0,0.0,
120.0,120.0,0.0,
140.0,120.0,0.0,
180.0,120.0,0.0,
260.0,120.0,0.0,
420.0,120.0,0.0,
740.0,120.0,0.0,
0.0,125.0,0.0,
5.0,125.0,0.0,
10.0,125.0,0.0,
15.0,125.0,0.0,
20.0,125.0,0.0,
25.0,125.0,0.0,
30.0,125.0,0.0,
35.0,125.0,0.0,
40.0,125.0,0.0,
45.0,125.0,0.0,
50.0,125.0,0.0,
55.0,125.0,0.0,
60.0,125.0,0.0,
65.0,125.0,0.0,
70.0,125.0,0.0,
75.0,125.0,0.0,
80.0,125.0,0.0,
85.0,125.0,0.0,
90.0,125.0,0.0,
95.0,125.0,0.0,
100.0,125.0,0.0,
105.0,125.0,0.0,
110.0,125.0,0.0,
120.0,125.0,0.0,
140.0,125.0,0.0,
180.0,125.0,0.0,
260.0,125.0,0.0,
420.0,125.0,0.0,
740.0,125.0,0.0,
0.0,130.0,0.0,
5.0,130.0,0.0,
10.0,130.0,0.0,
15.0,130.0,0.0,
20.0,130.0,0.0,
25.0,130.0,0.0,
30.0,130.0,0.0,
35.0,130.0,0.0,
40.0,130.0,0.0,
45.0,130.0,0.0,
50.0,130.0,0.0,
55.0,130.0,0.0,
60.0,130.0,0.0,
65.0,130.0,0.0,
70.0,130.0,0.0,
75.0,130.0,0.0,
80.0,130.0,0.0,
85.0,130.0,0.0,
90.0,130.0,0.0,
95.0,130.0,0.0,
100.0,130.0,0.0,
105.0,130.0,0.0,
110.0,130.0,0.0,
120.0,130.0,0.0,
140.0,130.0,0.0,
180.0,130.0,0.0,
260.0,130.0,0.0,
420.0,130.0,0.0,
740.0,130.0,0.0,
0.0,135.0,0.0,
5.0,135.0,0.0,
10.0,135.0,0.0,
15.0,135.0,0.0,
20.0,135.0,0.0,
25.0,135.0,0.0,
30.0,135.0,0.0,
35.0,135.0,0.0,
40.0,135.0,0.0,
45.0,135.0,0.0,
50.0,135.0,0.0,
55.0,135.0,0.0,
60.0,135.0,0.0,
65.0,135.0,0.0,
70.0,135.0,0.0,
75.0,135.0,0.0,
80.0,135.0,0.0,
85.0,135.0,0.0,
90.0,135.0,0.0,
95.0,135.0,0.0,
100.0,135.0,0.0,
105.0,135.0,0.0,
110.0,135.0,0.0,
120.0,135.0,0.0,
140.0,135.0,0.0,
180.0,135.0,0.0,
260.0,135.0,0.0,
420.0,135.0,0.0,
740.0,135.0,0.0,
0.0,140.0,0.0,
5.0,140.0,0.0,
10.0,140.0,0.0,
15.0,140.0,0.0,
20.0,140.0,0.0,
25.0,140.0,0.0,
30.0,140.0,0.0,
35.0,140.0,0.0,
40.0,140.0,0.0,
45.0,140.0,0.0,
50.0,140.0,0.0,
55.0,140.0,0.0,
60.0,140.0,0.0,
65.0,140.0,0.0,
70.0,140.0,0.0,
75.0,140.0,0.0,
80.0,140.0,0.0,
85.0,140.0,0.0,
90.0,140.0,0.0,
95.0,140.0,0.0,
100.0,140.0,0.0,
105.0,140.0,0.0,
110.0,140.0,0.0,
120.0,140.0,0.0,
140.0,140.0,0.0,
180.0,140.0,0.0,
260.0,140.0,0.0,
420.0,140.0,0.0,
740.0,140.0,0.0,
0.0,145.0,0.0,
5.0,145.0,0.0,
10.0,145.0,0.0,
15.0,145.0,0.0,
20.0,145.0,0.0,
25.0,145.0,0.0,
30.0,145.0,0.0,
35.0,145.0,0.0,
40.0,145.0,0.0,
45.0,145.0,0.0,
50.0,145.0,0.0,
55.0,145.0,0.0,
60.0,145.0,0.0,
65.0,145.0,0.0,
70.0,145.0,0.0,
75.0,145.0,0.0,
80.0,145.0,0.0,
85.0,145.0,0.0,
90.0,145.0,0.0,
95.0,145.0,0.0,
100.0,145.0,0.0,
105.0,145.0,0.0,
110.0,145.0,0.0,
120.0,145.0,0.0,
140.0,145.0,0.0,
180.0,145.0,0.0,
260.0,145.0,0.0,
420.0,145.0,0.0,
740.0,145.0,0.0,
0.0,150.0,0.0,
5.0,150.0,0.0,
10.0,150.0,0.0,
15.0,150.0,0.0,
20.0,150.0,0.0,
25.0,150.0,0.0,
30.0,150.0,0.0,
35.0,150.0,0.0,
40.0,150.0,0.0,
45.0,150.0,0.0,
50.0,150.0,0.0,
55.0,150.0,0.0,
60.0,150.0,0.0,
65.0,150.0,0.0,
70.0,150.0,0.0,
75.0,150.0,0.0,
80.0,150.0,0.0,
85.0,150.0,0.0,
90.0,150.0,0.0,
95.0,150.0,0.0,
100.0,150.0,0.0,
105.0,150.0,0.0,
110.0,150.0,0.0,
120.0,150.0,0.0,
140.0,150.0,0.0,
180.0,150.0,0.0,
260.0,150.0,0.0,
420.0,150.0,0.0,
740.0,150.0,0.0,
0.0,155.0,0.0,
5.0,155.0,0.0,
10.0,155.0,0.0,
15.0,155.0,0.0,
20.0,155.0,0.0,
25.0,155.0,0.0,
30.0,155.0,0.0,
35.0,155.0,0.0,
40.0,155.0,0.0,
45.0,155.0,0.0,
50.0,155.0,0.0,
55.0,155.0,0.0,
60.0,155.0,0.0,
65.0,155.0,0.0,
70.0,155.0,0.0,
75.0,155.0,0.0,
80.0,155.0,0.0,
85.0,155.0,0.0,
90.0,155.0,0.0,
95.0,155.0,0.0,
100.0,155.0,0.0,
105.0,155.0,0.0,
110.0,155.0,0.0,
120.0,155.0,0.0,
140.0,155.0,0.0,
180.0,155.0,0.0,
260.0,155.0,0.0,
420.0,155.0,0.0,
740.0,155.0,0.0,
0.0,165.0,0.0,
5.0,165.0,0.0,
10.0,165.0,0.0,
15.0,165.0,0.0,
20.0,165.0,0.0,
25.0,165.0,0.0,
30.0,165.0,0.0,
35.0,165.0,0.0,
40.0,165.0,0.0,
45.0,165.0,0.0,
50.0,165.0,0.0,
55.0,165.0,0.0,
60.0,165.0,0.0,
65.0,165.0,0.0,
70.0,165.0,0.0,
75.0,165.0,0.0,
80.0,165.0,0.0,
85.0,165.0,0.0,
90.0,165.0,0.0,
95.0,165.0,0.0,
100.0,165.0,0.0,
105.0,165.0,0.0,
110.0,165.0,0.0,
120.0,165.0,0.0,
140.0,165.0,0.0,
180.0,165.0,0.0,
260.0,165.0,0.0,
420.0,165.0,0.0,
740.0,165.0,0.0,
0.0,185.0,0.0,
5.0,185.0,0.0,
10.0,185.0,0.0,
15.0,185.0,0.0,
20.0,185.0,0.0,
25.0,185.0,0.0,
30.0,185.0,0.0,
35.0,185.0,0.0,
40.0,185.0,0.0,
45.0,185.0,0.0,
50.0,185.0,0.0,
55.0,185.0,0.0,
60.0,185.0,0.0,
65.0,185.0,0.0,
70.0,185.0,0.0,
75.0,185.0,0.0,
80.0,185.0,0.0,
85.0,185.0,0.0,
90.0,185.0,0.0,
95.0,185.0,0.0,
100.0,185.0,0.0,
105.0,185.0,0.0,
110.0,185.0,0.0,
120.0,185.0,0.0,
140.0,185.0,0.0,
180.0,185.0,0.0,
260.0,185.0,0.0,
420.0,185.0,0.0,
740.0,185.0,0.0,
0.0,225.0,0.0,
5.0,225.0,0.0,
10.0,225.0,0.0,
15.0,225.0,0.0,
20.0,225.0,0.0,
25.0,225.0,0.0,
30.0,225.0,0.0,
35.0,225.0,0.0,
40.0,225.0,0.0,
45.0,225.0,0.0,
50.0,225.0,0.0,
55.0,225.0,0.0,
60.0,225.0,0.0,
65.0,225.0,0.0,
70.0,225.0,0.0,
75.0,225.0,0.0,
80.0,225.0,0.0,
85.0,225.0,0.0,
90.0,225.0,0.0,
95.0,225.0,0.0,
100.0,225.0,0.0,
105.0,225.0,0.0,
110.0,225.0,0.0,
120.0,225.0,0.0,
140.0,225.0,0.0,
180.0,225.0,0.0,
260.0,225.0,0.0,
420.0,225.0,0.0,
740.0,225.0,0.0,
0.0,305.0,0.0,
5.0,305.0,0.0,
10.0,305.0,0.0,
15.0,305.0,0.0,
20.0,305.0,0.0,
25.0,305.0,0.0,
30.0,305.0,0.0,
35.0,305.0,0.0,
40.0,305.0,0.0,
45.0,305.0,0.0,
50.0,305.0,0.0,
55.0,305.0,0.0,
60.0,305.0,0.0,
65.0,305.0,0.0,
70.0,305.0,0.0,
75.0,305.0,0.0,
80.0,305.0,0.0,
85.0,305.0,0.0,
90.0,305.0,0.0,
95.0,305.0,0.0,
100.0,305.0,0.0,
105.0,305.0,0.0,
110.0,305.0,0.0,
120.0,305.0,0.0,
140.0,305.0,0.0,
180.0,305.0,0.0,
260.0,305.0,0.0,
420.0,305.0,0.0,
740.0,305.0,0.0,
0.0,465.0,0.0,
5.0,465.0,0.0,
10.0,465.0,0.0,
15.0,465.0,0.0,
20.0,465.0,0.0,
25.0,465.0,0.0,
30.0,465.0,0.0,
35.0,465.0,0.0,
40.0,465.0,0.0,
45.0,465.0,0.0,
50.0,465.0,0.0,
55.0,465.0,0.0,
60.0,465.0,0.0,
65.0,465.0,0.0,
70.0,465.0,0.0,
75.0,465.0,0.0,
80.0,465.0,0.0,
85.0,465.0,0.0,
90.0,465.0,0.0,
95.0,465.0,0.0,
100.0,465.0,0.0,
105.0,465.0,0.0,
110.0,465.0,0.0,
120.0,465.0,0.0,
140.0,465.0,0.0,
180.0,465.0,0.0,
260.0,465.0,0.0,
420.0,465.0,0.0,
740.0,465.0,0.0,
0.0,785.0,0.0,
5.0,785.0,0.0,
10.0,785.0,0.0,
15.0,785.0,0.0,
20.0,785.0,0.0,
25.0,785.0,0.0,
30.0,785.0,0.0,
35.0,785.0,0.0,
40.0,785.0,0.0,
45.0,785.0,0.0,
50.0,785.0,0.0,
55.0,785.0,0.0,
60.0,785.0,0.0,
65.0,785.0,0.0,
70.0,785.0,0.0,
75.0,785.0,0.0,
80.0,785.0,0.0,
85.0,785.0,0.0,
90.0,785.0,0.0,
95.0,785.0,0.0,
100.0,785.0,0.0,
105.0,785.0,0.0,
110.0,785.0,0.0,
120.0,785.0,0.0,
140.0,785.0,0.0,
180.0,785.0,0.0,
260.0,785.0,0.0,
420.0,785.0,0.0,
740.0,785.0,0.0,
0.0,0.0,5.0,
5.0,0.0,5.0,
10.0,0.0,5.0,
15.0,0.0,5.0,
20.0,0.0,5.0,
25.0,0.0,5.0,
30.0,0.0,5.0,
35.0,0.0,5.0,
40.0,0.0,5.0,
45.0,0.0,5.0,
50.0,0.0,5.0,
55.0,0.0,5.0,
60.0,0.0,5.0,
65.0,0.0,5.0,
70.0,0.0,5.0,
75.0,0.0,5.0,
80.0,0.0,5.0,
85.0,0.0,5.0,
90.0,0.0,5.0,
95.0,0.0,5.0,
100.0,0.0,5.0,
105.0,0.0,5.0,
110.0,0.0,5.0,
120.0,0.0,5.0,
140.0,0.0,5.0,
180.0,0.0,5.0,
260.0,0.0,5.0,
420.0,0.0,5.0,
740.0,0.0,5.0,
0.0,5.0,5.0,
5.0,5.0,5.0,
10.0,5.0,5.0,
15.0,5.0,5.0,
20.0,5.0,5.0,
25.0,5.0,5.0,
30.0,5.0,5.0,
35.0,5.0,5.0,
40.0,5.0,5.0,
45.0,5.0,5.0,
50.0,5.0,5.0,
55.0,5.0,5.0,
60.0,5.0,5.0,
65.0,5.0,5.0,
70.0,5.0,5.0,
75.0,5.0,5.0,
80.0,5.0,5.0,
85.0,5.0,5.0,
90.0,5.0,5.0,
95.0,5.0,5.0,
100.0,5.0,5.0,
105.0,5.0,5.0,
110.0,5.0,5.0,
120.0,5.0,5.0,
140.0,5.0,5.0,
180.0,5.0,5.0,
260.0,5.0,5.0,
420.0,5.0,5.0,
740.0,5.0,5.0,
0.0,10.0,5.0,
5.0,10.0,5.0,
10.0,10.0,5.0,
15.0,10.0,5.0,
20.0,10.0,5.0,
25.0,10.0,5.0,
30.0,10.0,5.0,
35.0,10.0,5.0,
40.0,10.0,5.0,
45.0,10.0,5.0,
50.0,10.0,5.0,
55.0,10.0,5.0,
60.0,10.0,5.0,
65.0,10.0,5.0,
70.0,10.0,5.0,
75.0,10.0,5.0,
80.0,10.0,5.0,
85.0,10.0,5.0,
90.0,10.0,5.0,
95.0,10.0,5.0,
100.0,10.0,5.0,
105.0,10.0,5.0,
110.0,10.0,5.0,
120.0,10.0,5.0,
140.0,10.0,5.0,
180.0,10.0,5.0,
260.0,10.0,5.0,
420.0,10.0,5.0,
740.0,10.0,5.0,
0.0,15.0,5.0,
5.0,15.0,5.0,
10.0,15.0,5.0,
15.0,15.0,5.0,
20.0,15.0,5.0,
25.0,15.0,5.0,
30.0,15.0,5.0,
35.0,15.0,5.0,
40.0,15.0,5.0,
45.0,15.0,5.0,
50.0,15.0,5.0,
55.0,15.0,5.0,
60.0,15.0,5.0,
65.0,15.0,5.0,
70.0,15.0,5.0,
75.0,15.0,5.0,
80.0,15.0,5.0,
85.0,15.0,5.0,
90.0,15.0,5.0,
95.0,15.0,5.0,
100.0,15.0,5.0,
105.0,15.0,5.0,
110.0,15.0,5.0,
120.0,15.0,5.0,
140.0,15.0,5.0,
180.0,15.0,5.0,
260.0,15.0,5.0,
420.0,15.0,5.0,
740.0,15.0,5.0,
0.0,20.0,5.0,
5.0,20.0,5.0,
10.0,20.0,5.0,
15.0,20.0,5.0,
20.0,20.0,5.0,
25.0,20.0,5.0,
30.0,20.0,5.0,
35.0,20.0,5.0,
40.0,20.0,5.0,
45.0,20.0,5.0,
50.0,20.0,5.0,
55.0,20.0,5.0,
60.0,20.0,5.0,
65.0,20.0,5.0,
70.0,20.0,5.0,
75.0,20.0,5.0,
80.0,20.0,5.0,
85.0,20.0,5.0,
90.0,20.0,5.0,
95.0,20.0,5.0,
100.0,20.0,5.0,
105.0,20.0,5.0,
110.0,20.0,5.0,
120.0,20.0,5.0,
140.0,20.0,5.0,
180.0,20.0,5.0,
260.0,20.0,5.0,
420.0,20.0,5.0,
740.0,20.0,5.0,
0.0,25.0,5.0,
5.0,25.0,5.0,
10.0,25.0,5.0,
15.0,25.0,5.0,
20.0,25.0,5.0,
25.0,25.0,5.0,
30.0,25.0,5.0,
35.0,25.0,5.0,
40.0,25.0,5.0,
45.0,25.0,5.0,
50.0,25.0,5.0,
55.0,25.0,5.0,
60.0,25.0,5.0,
65.0,25.0,5.0,
70.0,25.0,5.0,
75.0,25.0,5.0,
80.0,25.0,5.0,
85.0,25.0,5.0,
90.0,25.0,5.0,
95.0,25.0,5.0,
100.0,25.0,5.0,
105.0,25.0,5.0,
110.0,25.0,5.0,
120.0,25.0,5.0,
140.0,25.0,5.0,
180.0,25.0,5.0,
260.0,25.0,5.0,
420.0,25.0,5.0,
740.0,25.0,5.0,
0.0,30.0,5.0,
5.0,30.0,5.0,
10.0,30.0,5.0,
15.0,30.0,5.0,
20.0,30.0,5.0,
25.0,30.0,5.0,
30.0,30.0,5.0,
35.0,30.0,5.0,
40.0,30.0,5.0,
45.0,30.0,5.0,
50.0,30.0,5.0,
55.0,30.0,5.0,
60.0,30.0,5.0,
65.0,30.0,5.0,
70.0,30.0,5.0,
75.0,30.0,5.0,
80.0,30.0,5.0,
85.0,30.0,5.0,
90.0,30.0,5.0,
95.0,30.0,5.0,
100.0,30.0,5.0,
105.0,30.0,5.0,
110.0,30.0,5.0,
120.0,30.0,5.0,
140.0,30.0,5.0,
180.0,30.0,5.0,
260.0,30.0,5.0,
420.0,30.0,5.0,
740.0,30.0,5.0,
0.0,35.0,5.0,
5.0,35.0,5.0,
10.0,35.0,5.0,
15.0,35.0,5.0,
20.0,35.0,5.0,
25.0,35.0,5.0,
30.0,35.0,5.0,
35.0,35.0,5.0,
40.0,35.0,5.0,
45.0,35.0,5.0,
50.0,35.0,5.0,
55.0,35.0,5.0,
60.0,35.0,5.0,
65.0,35.0,5.0,
70.0,35.0,5.0,
75.0,35.0,5.0,
80.0,35.0,5.0,
85.0,35.0,5.0,
90.0,35.0,5.0,
95.0,35.0,5.0,
100.0,35.0,5.0,
105.0,35.0,5.0,
110.0,35.0,5.0,
120.0,35.0,5.0,
140.0,35.0,5.0,
180.0,35.0,5.0,
260.0,35.0,5.0,
420.0,35.0,5.0,
740.0,35.0,5.0,
0.0,40.0,5.0,
5.0,40.0,5.0,
10.0,40.0,5.0,
15.0,40.0,5.0,
20.0,40.0,5.0,
25.0,40.0,5.0,
30.0,40.0,5.0,
35.0,40.0,5.0,
40.0,40.0,5.0,
45.0,40.0,5.0,
50.0,40.0,5.0,
55.0,40.0,5.0,
60.0,40.0,5.0,
65.0,40.0,5.0,
70.0,40.0,5.0,
75.0,40.0,5.0,
80.0,40.0,5.0,
85.0,40.0,5.0,
90.0,40.0,5.0,
95.0,40.0,5.0,
100.0,40.0,5.0,
105.0,40.0,5.0,
110.0,40.0,5.0,
120.0,40.0,5.0,
140.0,40.0,5.0,
180.0,40.0,5.0,
260.0,40.0,5.0,
420.0,40.0,5.0,
740.0,40.0,5.0,
0.0,45.0,5.0,
5.0,45.0,5.0,
10.0,45.0,5.0,
15.0,45.0,5.0,
20.0,45.0,5.0,
25.0,45.0,5.0,
30.0,45.0,5.0,
35.0,45.0,5.0,
40.0,45.0,5.0,
45.0,45.0,5.0,
50.0,45.0,5.0,
55.0,45.0,5.0,
60.0,45.0,5.0,
65.0,45.0,5.0,
70.0,45.0,5.0,
75.0,45.0,5.0,
80.0,45.0,5.0,
85.0,45.0,5.0,
90.0,45.0,5.0,
95.0,45.0,5.0,
100.0,45.0,5.0,
105.0,45.0,5.0,
110.0,45.0,5.0,
120.0,45.0,5.0,
140.0,45.0,5.0,
180.0,45.0,5.0,
260.0,45.0,5.0,
420.0,45.0,5.0,
740.0,45.0,5.0,
0.0,50.0,5.0,
5.0,50.0,5.0,
10.0,50.0,5.0,
15.0,50.0,5.0,
20.0,50.0,5.0,
25.0,50.0,5.0,
30.0,50.0,5.0,
35.0,50.0,5.0,
40.0,50.0,5.0,
45.0,50.0,5.0,
50.0,50.0,5.0,
55.0,50.0,5.0,
60.0,50.0,5.0,
65.0,50.0,5.0,
70.0,50.0,5.0,
75.0,50.0,5.0,
80.0,50.0,5.0,
85.0,50.0,5.0,
90.0,50.0,5.0,
95.0,50.0,5.0,
100.0,50.0,5.0,
105.0,50.0,5.0,
110.0,50.0,5.0,
120.0,50.0,5.0,
140.0,50.0,5.0,
180.0,50.0,5.0,
260.0,50.0,5.0,
420.0,50.0,5.0,
740.0,50.0,5.0,
0.0,55.0,5.0,
5.0,55.0,5.0,
10.0,55.0,5.0,
15.0,55.0,5.0,
20.0,55.0,5.0,
25.0,55.0,5.0,
30.0,55.0,5.0,
35.0,55.0,5.0,
40.0,55.0,5.0,
45.0,55.0,5.0,
50.0,55.0,5.0,
55.0,55.0,5.0,
60.0,55.0,5.0,
65.0,55.0,5.0,
70.0,55.0,5.0,
75.0,55.0,5.0,
80.0,55.0,5.0,
85.0,55.0,5.0,
90.0,55.0,5.0,
95.0,55.0,5.0,
100.0,55.0,5.0,
105.0,55.0,5.0,
110.0,55.0,5.0,
120.0,55.0,5.0,
140.0,55.0,5.0,
180.0,55.0,5.0,
260.0,55.0,5.0,
420.0,55.0,5.0,
740.0,55.0,5.0,
0.0,60.0,5.0,
5.0,60.0,5.0,
10.0,60.0,5.0,
15.0,60.0,5.0,
20.0,60.0,5.0,
25.0,60.0,5.0,
30.0,60.0,5.0,
35.0,60.0,5.0,
40.0,60.0,5.0,
45.0,60.0,5.0,
50.0,60.0,5.0,
55.0,60.0,5.0,
60.0,60.0,5.0,
65.0,60.0,5.0,
70.0,60.0,5.0,
75.0,60.0,5.0,
80.0,60.0,5.0,
85.0,60.0,5.0,
90.0,60.0,5.0,
95.0,60.0,5.0,
100.0,60.0,5.0,
105.0,60.0,5.0,
110.0,60.0,5.0,
120.0,60.0,5.0,
140.0,60.0,5.0,
180.0,60.0,5.0,
260.0,60.0,5.0,
420.0,60.0,5.0,
740.0,60.0,5.0,
0.0,65.0,5.0,
5.0,65.0,5.0,
10.0,65.0,5.0,
15.0,65.0,5.0,
20.0,65.0,5.0,
25.0,65.0,5.0,
30.0,65.0,5.0,
35.0,65.0,5.0,
40.0,65.0,5.0,
45.0,65.0,5.0,
50.0,65.0,5.0,
55.0,65.0,5.0,
60.0,65.0,5.0,
65.0,65.0,5.0,
70.0,65.0,5.0,
75.0,65.0,5.0,
80.0,65.0,5.0,
85.0,65.0,5.0,
90.0,65.0,5.0,
95.0,65.0,5.0,
100.0,65.0,5.0,
105.0,65.0,5.0,
110.0,65.0,5.0,
120.0,65.0,5.0,
140.0,65.0,5.0,
180.0,65.0,5.0,
260.0,65.0,5.0,
420.0,65.0,5.0,
740.0,65.0,5.0,
0.0,70.0,5.0,
5.0,70.0,5.0,
10.0,70.0,5.0,
15.0,70.0,5.0,
20.0,70.0,5.0,
25.0,70.0,5.0,
30.0,70.0,5.0,
35.0,70.0,5.0,
40.0,70.0,5.0,
45.0,70.0,5.0,
50.0,70.0,5.0,
55.0,70.0,5.0,
60.0,70.0,5.0,
65.0,70.0,5.0,
70.0,70.0,5.0,
75.0,70.0,5.0,
80.0,70.0,5.0,
85.0,70.0,5.0,
90.0,70.0,5.0,
95.0,70.0,5.0,
100.0,70.0,5.0,
105.0,70.0,5.0,
110.0,70.0,5.0,
120.0,70.0,5.0,
140.0,70.0,5.0,
180.0,70.0,5.0,
260.0,70.0,5.0,
420.0,70.0,5.0,
740.0,70.0,5.0,
0.0,75.0,5.0,
5.0,75.0,5.0,
10.0,75.0,5.0,
15.0,75.0,5.0,
20.0,75.0,5.0,
25.0,75.0,5.0,
30.0,75.0,5.0,
35.0,75.0,5.0,
40.0,75.0,5.0,
45.0,75.0,5.0,
50.0,75.0,5.0,
55.0,75.0,5.0,
60.0,75.0,5.0,
65.0,75.0,5.0,
70.0,75.0,5.0,
75.0,75.0,5.0,
80.0,75.0,5.0,
85.0,75.0,5.0,
90.0,75.0,5.0,
95.0,75.0,5.0,
100.0,75.0,5.0,
105.0,75.0,5.0,
110.0,75.0,5.0,
120.0,75.0,5.0,
140.0,75.0,5.0,
180.0,75.0,5.0,
260.0,75.0,5.0,
420.0,75.0,5.0,
740.0,75.0,5.0,
0.0,80.0,5.0,
5.0,80.0,5.0,
10.0,80.0,5.0,
15.0,80.0,5.0,
20.0,80.0,5.0,
25.0,80.0,5.0,
30.0,80.0,5.0,
35.0,80.0,5.0,
40.0,80.0,5.0,
45.0,80.0,5.0,
50.0,80.0,5.0,
55.0,80.0,5.0,
60.0,80.0,5.0,
65.0,80.0,5.0,
70.0,80.0,5.0,
75.0,80.0,5.0,
80.0,80.0,5.0,
85.0,80.0,5.0,
90.0,80.0,5.0,
95.0,80.0,5.0,
100.0,80.0,5.0,
105.0,80.0,5.0,
110.0,80.0,5.0,
120.0,80.0,5.0,
140.0,80.0,5.0,
180.0,80.0,5.0,
260.0,80.0,5.0,
420.0,80.0,5.0,
740.0,80.0,5.0,
0.0,85.0,5.0,
5.0,85.0,5.0,
10.0,85.0,5.0,
15.0,85.0,5.0,
20.0,85.0,5.0,
25.0,85.0,5.0,
30.0,85.0,5.0,
35.0,85.0,5.0,
40.0,85.0,5.0,
45.0,85.0,5.0,
50.0,85.0,5.0,
55.0,85.0,5.0,
60.0,85.0,5.0,
65.0,85.0,5.0,
70.0,85.0,5.0,
75.0,85.0,5.0,
80.0,85.0,5.0,
85.0,85.0,5.0,
90.0,85.0,5.0,
95.0,85.0,5.0,
100.0,85.0,5.0,
105.0,85.0,5.0,
110.0,85.0,5.0,
120.0,85.0,5.0,
140.0,85.0,5.0,
180.0,85.0,5.0,
260.0,85.0,5.0,
420.0,85.0,5.0,
740.0,85.0,5.0,
0.0,90.0,5.0,
5.0,90.0,5.0,
10.0,90.0,5.0,
15.0,90.0,5.0,
20.0,90.0,5.0,
25.0,90.0,5.0,
30.0,90.0,5.0,
35.0,90.0,5.0,
40.0,90.0,5.0,
45.0,90.0,5.0,
50.0,90.0,5.0,
55.0,90.0,5.0,
60.0,90.0,5.0,
65.0,90.0,5.0,
70.0,90.0,5.0,
75.0,90.0,5.0,
80.0,90.0,5.0,
85.0,90.0,5.0,
90.0,90.0,5.0,
95.0,90.0,5.0,
100.0,90.0,5.0,
105.0,90.0,5.0,
110.0,90.0,5.0,
120.0,90.0,5.0,
140.0,90.0,5.0,
180.0,90.0,5.0,
260.0,90.0,5.0,
420.0,90.0,5.0,
740.0,90.0,5.0,
0.0,95.0,5.0,
5.0,95.0,5.0,
10.0,95.0,5.0,
15.0,95.0,5.0,
20.0,95.0,5.0,
25.0,95.0,5.0,
30.0,95.0,5.0,
35.0,95.0,5.0,
40.0,95.0,5.0,
45.0,95.0,5.0,
50.0,95.0,5.0,
55.0,95.0,5.0,
60.0,95.0,5.0,
65.0,95.0,5.0,
70.0,95.0,5.0,
75.0,95.0,5.0,
80.0,95.0,5.0,
85.0,95.0,5.0,
90.0,95.0,5.0,
95.0,95.0,5.0,
100.0,95.0,5.0,
105.0,95.0,5.0,
110.0,95.0,5.0,
120.0,95.0,5.0,
140.0,95.0,5.0,
180.0,95.0,5.0,
260.0,95.0,5.0,
420.0,95.0,5.0,
740.0,95.0,5.0,
0.0,100.0,5.0,
5.0,100.0,5.0,
10.0,100.0,5.0,
15.0,100.0,5.0,
20.0,100.0,5.0,
25.0,100.0,5.0,
30.0,100.0,5.0,
35.0,100.0,5.0,
40.0,100.0,5.0,
45.0,100.0,5.0,
50.0,100.0,5.0,
55.0,100.0,5.0,
60.0,100.0,5.0,
65.0,100.0,5.0,
70.0,100.0,5.0,
75.0,100.0,5.0,
80.0,100.0,5.0,
85.0,100.0,5.0,
90.0,100.0,5.0,
95.0,100.0,5.0,
100.0,100.0,5.0,
105.0,100.0,5.0,
110.0,100.0,5.0,
120.0,100.0,5.0,
140.0,100.0,5.0,
180.0,100.0,5.0,
260.0,100.0,5.0,
420.0,100.0,5.0,
740.0,100.0,5.0,
0.0,105.0,5.0,
5.0,105.0,5.0,
10.0,105.0,5.0,
15.0,105.0,5.0,
20.0,105.0,5.0,
25.0,105.0,5.0,
30.0,105.0,5.0,
35.0,105.0,5.0,
40.0,105.0,5.0,
45.0,105.0,5.0,
50.0,105.0,5.0,
55.0,105.0,5.0,
60.0,105.0,5.0,
65.0,105.0,5.0,
70.0,105.0,5.0,
75.0,105.0,5.0,
80.0,105.0,5.0,
85.0,105.0,5.0,
90.0,105.0,5.0,
95.0,105.0,5.0,
100.0,105.0,5.0,
105.0,105.0,5.0,
110.0,105.0,5.0,
120.0,105.0,5.0,
140.0,105.0,5.0,
180.0,105.0,5.0,
260.0,105.0,5.0,
420.0,105.0,5.0,
740.0,105.0,5.0,
0.0,110.0,5.0,
5.0,110.0,5.0,
10.0,110.0,5.0,
15.0,110.0,5.0,
20.0,110.0,5.0,
25.0,110.0,5.0,
30.0,110.0,5.0,
35.0,110.0,5.0,
40.0,110.0,5.0,
45.0,110.0,5.0,
50.0,110.0,5.0,
55.0,110.0,5.0,
60.0,110.0,5.0,
65.0,110.0,5.0,
70.0,110.0,5.0,
75.0,110.0,5.0,
80.0,110.0,5.0,
85.0,110.0,5.0,
90.0,110.0,5.0,
95.0,110.0,5.0,
100.0,110.0,5.0,
105.0,110.0,5.0,
110.0,110.0,5.0,
120.0,110.0,5.0,
140.0,110.0,5.0,
180.0,110.0,5.0,
260.0,110.0,5.0,
420.0,110.0,5.0,
740.0,110.0,5.0,
0.0,115.0,5.0,
5.0,115.0,5.0,
10.0,115.0,5.0,
15.0,115.0,5.0,
20.0,115.0,5.0,
25.0,115.0,5.0,
30.0,115.0,5.0,
35.0,115.0,5.0,
40.0,115.0,5.0,
45.0,115.0,5.0,
50.0,115.0,5.0,
55.0,115.0,5.0,
60.0,115.0,5.0,
65.0,115.0,5.0,
70.0,115.0,5.0,
75.0,115.0,5.0,
80.0,115.0,5.0,
85.0,115.0,5.0,
90.0,115.0,5.0,
95.0,115.0,5.0,
100.0,115.0,5.0,
105.0,115.0,5.0,
110.0,115.0,5.0,
120.0,115.0,5.0,
140.0,115.0,5.0,
180.0,115.0,5.0,
260.0,115.0,5.0,
420.0,115.0,5.0,
740.0,115.0,5.0,
0.0,120.0,5.0,
5.0,120.0,5.0,
10.0,120.0,5.0,
15.0,120.0,5.0,
20.0,120.0,5.0,
25.0,120.0,5.0,
30.0,120.0,5.0,
35.0,120.0,5.0,
40.0,120.0,5.0,
45.0,120.0,5.0,
50.0,120.0,5.0,
55.0,120.0,5.0,
60.0,120.0,5.0,
65.0,120.0,5.0,
70.0,120.0,5.0,
75.0,120.0,5.0,
80.0,120.0,5.0,
85.0,120.0,5.0,
90.0,120.0,5.0,
95.0,120.0,5.0,
100.0,120.0,5.0,
105.0,120.0,5.0,
110.0,120.0,5.0,
120.0,120.0,5.0,
140.0,120.0,5.0,
180.0,120.0,5.0,
260.0,120.0,5.0,
420.0,120.0,5.0,
740.0,120.0,5.0,
0.0,125.0,5.0,
5.0,125.0,5.0,
10.0,125.0,5.0,
15.0,125.0,5.0,
20.0,125.0,5.0,
25.0,125.0,5.0,
30.0,125.0,5.0,
35.0,125.0,5.0,
40.0,125.0,5.0,
45.0,125.0,5.0,
50.0,125.0,5.0,
55.0,125.0,5.0,
60.0,125.0,5.0,
65.0,125.0,5.0,
70.0,125.0,5.0,
75.0,125.0,5.0,
80.0,125.0,5.0,
85.0,125.0,5.0,
90.0,125.0,5.0,
95.0,125.0,5.0,
100.0,125.0,5.0,
105.0,125.0,5.0,
110.0,125.0,5.0,
120.0,125.0,5.0,
140.0,125.0,5.0,
180.0,125.0,5.0,
260.0,125.0,5.0,
420.0,125.0,5.0,
740.0,125.0,5.0,
0.0,130.0,5.0,
5.0,130.0,5.0,
10.0,130.0,5.0,
15.0,130.0,5.0,
20.0,130.0,5.0,
25.0,130.0,5.0,
30.0,130.0,5.0,
35.0,130.0,5.0,
40.0,130.0,5.0,
45.0,130.0,5.0,
50.0,130.0,5.0,
55.0,130.0,5.0,
60.0,130.0,5.0,
65.0,130.0,5.0,
70.0,130.0,5.0,
75.0,130.0,5.0,
80.0,130.0,5.0,
85.0,130.0,5.0,
90.0,130.0,5.0,
95.0,130.0,5.0,
100.0,130.0,5.0,
105.0,130.0,5.0,
110.0,130.0,5.0,
120.0,130.0,5.0,
140.0,130.0,5.0,
180.0,130.0,5.0,
260.0,130.0,5.0,
420.0,130.0,5.0,
740.0,130.0,5.0,
0.0,135.0,5.0,
5.0,135.0,5.0,
10.0,135.0,5.0,
15.0,135.0,5.0,
20.0,135.0,5.0,
25.0,135.0,5.0,
30.0,135.0,5.0,
35.0,135.0,5.0,
40.0,135.0,5.0,
45.0,135.0,5.0,
50.0,135.0,5.0,
55.0,135.0,5.0,
60.0,135.0,5.0,
65.0,135.0,5.0,
70.0,135.0,5.0,
75.0,135.0,5.0,
80.0,135.0,5.0,
85.0,135.0,5.0,
90.0,135.0,5.0,
95.0,135.0,5.0,
100.0,135.0,5.0,
105.0,135.0,5.0,
110.0,135.0,5.0,
120.0,135.0,5.0,
140.0,135.0,5.0,
180.0,135.0,5.0,
260.0,135.0,5.0,
420.0,135.0,5.0,
740.0,135.0,5.0,
0.0,140.0,5.0,
5.0,140.0,5.0,
10.0,140.0,5.0,
15.0,140.0,5.0,
20.0,140.0,5.0,
25.0,140.0,5.0,
30.0,140.0,5.0,
35.0,140.0,5.0,
40.0,140.0,5.0,
45.0,140.0,5.0,
50.0,140.0,5.0,
55.0,140.0,5.0,
60.0,140.0,5.0,
65.0,140.0,5.0,
70.0,140.0,5.0,
75.0,140.0,5.0,
80.0,140.0,5.0,
85.0,140.0,5.0,
90.0,140.0,5.0,
95.0,140.0,5.0,
100.0,140.0,5.0,
105.0,140.0,5.0,
110.0,140.0,5.0,
120.0,140.0,5.0,
140.0,140.0,5.0,
180.0,140.0,5.0,
260.0,140.0,5.0,
420.0,140.0,5.0,
740.0,140.0,5.0,
0.0,145.0,5.0,
5.0,145.0,5.0,
10.0,145.0,5.0,
15.0,145.0,5.0,
20.0,145.0,5.0,
25.0,145.0,5.0,
30.0,145.0,5.0,
35.0,145.0,5.0,
40.0,145.0,5.0,
45.0,145.0,5.0,
50.0,145.0,5.0,
55.0,145.0,5.0,
60.0,145.0,5.0,
65.0,145.0,5.0,
70.0,145.0,5.0,
75.0,145.0,5.0,
80.0,145.0,5.0,
85.0,145.0,5.0,
90.0,145.0,5.0,
95.0,145.0,5.0,
100.0,145.0,5.0,
105.0,145.0,5.0,
110.0,145.0,5.0,
120.0,145.0,5.0,
140.0,145.0,5.0,
180.0,145.0,5.0,
260.0,145.0,5.0,
420.0,145.0,5.0,
740.0,145.0,5.0,
0.0,150.0,5.0,
5.0,150.0,5.0,
10.0,150.0,5.0,
15.0,150.0,5.0,
20.0,150.0,5.0,
25.0,150.0,5.0,
30.0,150.0,5.0,
35.0,150.0,5.0,
40.0,150.0,5.0,
45.0,150.0,5.0,
50.0,150.0,5.0,
55.0,150.0,5.0,
60.0,150.0,5.0,
65.0,150.0,5.0,
70.0,150.0,5.0,
75.0,150.0,5.0,
80.0,150.0,5.0,
85.0,150.0,5.0,
90.0,150.0,5.0,
95.0,150.0,5.0,
100.0,150.0,5.0,
105.0,150.0,5.0,
110.0,150.0,5.0,
120.0,150.0,5.0,
140.0,150.0,5.0,
180.0,150.0,5.0,
260.0,150.0,5.0,
420.0,150.0,5.0,
740.0,150.0,5.0,
0.0,155.0,5.0,
5.0,155.0,5.0,
10.0,155.0,5.0,
15.0,155.0,5.0,
20.0,155.0,5.0,
25.0,155.0,5.0,
30.0,155.0,5.0,
35.0,155.0,5.0,
40.0,155.0,5.0,
45.0,155.0,5.0,
50.0,155.0,5.0,
55.0,155.0,5.0,
60.0,155.0,5.0,
65.0,155.0,5.0,
70.0,155.0,5.0,
75.0,155.0,5.0,
80.0,155.0,5.0,
85.0,155.0,5.0,
90.0,155.0,5.0,
95.0,155.0,5.0,
100.0,155.0,5.0,
105.0,155.0,5.0,
110.0,155.0,5.0,
120.0,155.0,5.0,
140.0,155.0,5.0,
180.0,155.0,5.0,
260.0,155.0,5.0,
420.0,155.0,5.0,
740.0,155.0,5.0,
0.0,165.0,5.0,
5.0,165.0,5.0,
10.0,165.0,5.0,
15.0,165.0,5.0,
20.0,165.0,5.0,
25.0,165.0,5.0,
30.0,165.0,5.0,
35.0,165.0,5.0,
40.0,165.0,5.0,
45.0,165.0,5.0,
50.0,165.0,5.0,
55.0,165.0,5.0,
60.0,165.0,5.0,
65.0,165.0,5.0,
70.0,165.0,5.0,
75.0,165.0,5.0,
80.0,165.0,5.0,
85.0,165.0,5.0,
90.0,165.0,5.0,
95.0,165.0,5.0,
100.0,165.0,5.0,
105.0,165.0,5.0,
110.0,165.0,5.0,
120.0,165.0,5.0,
140.0,165.0,5.0,
180.0,165.0,5.0,
260.0,165.0,5.0,
420.0,165.0,5.0,
740.0,165.0,5.0,
0.0,185.0,5.0,
5.0,185.0,5.0,
10.0,185.0,5.0,
15.0,185.0,5.0,
20.0,185.0,5.0,
25.0,185.0,5.0,
30.0,185.0,5.0,
35.0,185.0,5.0,
40.0,185.0,5.0,
45.0,185.0,5.0,
50.0,185.0,5.0,
55.0,185.0,5.0,
60.0,185.0,5.0,
65.0,185.0,5.0,
70.0,185.0,5.0,
75.0,185.0,5.0,
80.0,185.0,5.0,
85.0,185.0,5.0,
90.0,185.0,5.0,
95.0,185.0,5.0,
100.0,185.0,5.0,
105.0,185.0,5.0,
110.0,185.0,5.0,
120.0,185.0,5.0,
140.0,185.0,5.0,
180.0,185.0,5.0,
260.0,185.0,5.0,
420.0,185.0,5.0,
740.0,185.0,5.0,
0.0,225.0,5.0,
5.0,225.0,5.0,
10.0,225.0,5.0,
15.0,225.0,5.0,
20.0,225.0,5.0,
25.0,225.0,5.0,
30.0,225.0,5.0,
35.0,225.0,5.0,
40.0,225.0,5.0,
45.0,225.0,5.0,
50.0,225.0,5.0,
55.0,225.0,5.0,
60.0,225.0,5.0,
65.0,225.0,5.0,
70.0,225.0,5.0,
75.0,225.0,5.0,
80.0,225.0,5.0,
85.0,225.0,5.0,
90.0,225.0,5.0,
95.0,225.0,5.0,
100.0,225.0,5.0,
105.0,225.0,5.0,
110.0,225.0,5.0,
120.0,225.0,5.0,
140.0,225.0,5.0,
180.0,225.0,5.0,
260.0,225.0,5.0,
420.0,225.0,5.0,
740.0,225.0,5.0,
0.0,305.0,5.0,
5.0,305.0,5.0,
10.0,305.0,5.0,
15.0,305.0,5.0,
20.0,305.0,5.0,
25.0,305.0,5.0,
30.0,305.0,5.0,
35.0,305.0,5.0,
40.0,305.0,5.0,
45.0,305.0,5.0,
50.0,305.0,5.0,
55.0,305.0,5.0,
60.0,305.0,5.0,
65.0,305.0,5.0,
70.0,305.0,5.0,
75.0,305.0,5.0,
80.0,305.0,5.0,
85.0,305.0,5.0,
90.0,305.0,5.0,
95.0,305.0,5.0,
100.0,305.0,5.0,
105.0,305.0,5.0,
110.0,305.0,5.0,
120.0,305.0,5.0,
140.0,305.0,5.0,
180.0,305.0,5.0,
260.0,305.0,5.0,
420.0,305.0,5.0,
740.0,305.0,5.0,
0.0,465.0,5.0,
5.0,465.0,5.0,
10.0,465.0,5.0,
15.0,465.0,5.0,
20.0,465.0,5.0,
25.0,465.0,5.0,
30.0,465.0,5.0,
35.0,465.0,5.0,
40.0,465.0,5.0,
45.0,465.0,5.0,
50.0,465.0,5.0,
55.0,465.0,5.0,
60.0,465.0,5.0,
65.0,465.0,5.0,
70.0,465.0,5.0,
75.0,465.0,5.0,
80.0,465.0,5.0,
85.0,465.0,5.0,
90.0,465.0,5.0,
95.0,465.0,5.0,
100.0,465.0,5.0,
105.0,465.0,5.0,
110.0,465.0,5.0,
120.0,465.0,5.0,
140.0,465.0,5.0,
180.0,465.0,5.0,
260.0,465.0,5.0,
420.0,465.0,5.0,
740.0,465.0,5.0,
0.0,785.0,5.0,
5.0,785.0,5.0,
10.0,785.0,5.0,
15.0,785.0,5.0,
20.0,785.0,5.0,
25.0,785.0,5.0,
30.0,785.0,5.0,
35.0,785.0,5.0,
40.0,785.0,5.0,
45.0,785.0,5.0,
50.0,785.0,5.0,
55.0,785.0,5.0,
60.0,785.0,5.0,
65.0,785.0,5.0,
70.0,785.0,5.0,
75.0,785.0,5.0,
80.0,785.0,5.0,
85.0,785.0,5.0,
90.0,785.0,5.0,
95.0,785.0,5.0,
100.0,785.0,5.0,
105.0,785.0,5.0,
110.0,785.0,5.0,
120.0,785.0,5.0,
140.0,785.0,5.0,
180.0,785.0,5.0,
260.0,785.0,5.0,
420.0,785.0,5.0,
740.0,785.0,5.0,
1,360,coil,
361,424,air,
425,488,air,
489,1036,air,
