prism
//Number_of_Node
278
//Number_of_Element
228
//Number_of_Region
2
//Factor
1.0
254,231,232,115,92,93,
150,149,256,11,10,117,
254,232,255,115,93,116,
152,256,255,13,117,116,
255,233,152,116,94,13,
149,257,256,10,118,117,
233,255,232,94,116,93,
258,144,143,119,5,4,
144,258,145,5,119,6,
258,143,259,119,4,120,
259,143,142,120,4,3,
147,257,148,8,118,9,
146,145,258,7,6,119,
146,258,257,7,119,118,
146,257,147,7,118,8,
257,149,148,118,10,9,
233,234,153,94,95,14,
235,236,159,96,97,20,
160,159,236,21,20,97,
236,161,160,97,22,21,
235,159,158,96,20,19,
237,163,162,98,24,23,
161,236,162,22,97,23,
162,236,237,23,97,98,
152,233,153,13,94,14,
150,256,151,11,117,12,
151,256,152,12,117,13,
158,157,235,19,18,96,
154,234,155,15,95,16,
155,234,156,16,95,17,
157,156,235,18,17,96,
234,154,153,95,15,14,
235,156,234,96,17,95,
259,141,230,120,2,91,
141,259,142,2,120,3,
229,259,230,90,120,91,
259,229,260,120,90,121,
229,228,260,90,89,121,
227,226,260,88,87,121,
228,227,260,89,88,121,
260,226,261,121,87,122,
223,262,261,84,123,122,
264,263,244,125,124,105,
263,262,220,124,123,81,
264,243,265,125,104,126,
244,263,220,105,124,81,
243,264,244,104,125,105,
219,245,244,80,106,105,
261,225,224,122,86,85,
261,226,225,122,87,86,
222,262,223,83,123,84,
220,262,221,81,123,82,
221,262,222,82,123,83,
218,245,219,79,106,80,
216,246,245,77,107,106,
216,245,217,77,106,78,
217,245,218,78,106,79,
219,244,220,80,105,81,
215,214,246,76,75,107,
213,247,246,74,108,107,
246,214,213,107,75,74,
215,246,216,76,107,77,
213,212,247,74,73,108,
247,210,248,108,71,109,
211,210,247,72,71,108,
212,211,247,73,72,108,
248,210,209,109,71,70,
223,261,224,84,122,85,
163,237,164,24,98,25,
164,237,165,25,98,26,
167,166,238,28,27,99,
165,238,166,26,99,27,
238,239,168,99,100,29,
169,168,239,30,29,100,
239,170,169,100,31,30,
238,168,167,99,29,28,
237,238,165,98,99,26,
171,170,239,32,31,100,
172,171,240,33,32,101,
240,174,173,101,35,34,
269,176,175,130,37,36,
269,177,176,130,38,37,
175,174,241,36,35,102,
173,172,240,34,33,101,
239,240,171,100,101,32,
268,175,241,129,36,102,
267,241,242,128,102,103,
269,175,268,130,36,129,
241,174,240,102,35,101,
266,267,242,127,128,103,
269,178,177,130,39,38,
269,270,178,130,131,39,
267,268,241,128,129,102,
178,270,179,39,131,40,
179,270,180,40,131,41,
182,181,271,43,42,132,
270,181,180,131,42,41,
183,271,184,44,132,45,
271,183,182,132,44,43,
272,185,184,133,46,45,
272,186,185,133,47,46,
272,184,271,133,45,132,
271,181,270,132,42,131,
251,201,200,112,62,61,
202,201,250,63,62,111,
201,251,250,62,112,111,
275,197,196,136,58,57,
251,199,198,112,60,59,
198,197,252,59,58,113,
251,200,199,112,61,60,
248,207,249,109,68,110,
248,208,207,109,69,68,
248,209,208,109,70,69,
207,206,249,68,67,110,
204,203,250,65,64,111,
204,249,205,65,110,66,
249,204,250,110,65,111,
205,249,206,66,110,67,
203,202,250,64,63,111,
196,195,275,57,56,136,
191,190,273,52,51,134,
274,193,192,135,54,53,
192,191,274,53,52,135,
187,272,188,48,133,49,
272,187,186,133,48,47,
189,188,273,50,49,134,
273,188,272,134,49,133,
189,273,190,50,134,51,
273,274,191,134,135,52,
194,275,195,55,136,56,
198,252,251,59,113,112,
276,253,252,137,114,113,
197,276,252,58,137,113,
274,275,194,135,136,55,
276,277,253,137,138,114,
277,278,253,138,139,114,
276,197,275,137,58,136,
194,193,274,55,54,135,
143,140,142,4,1,3,
140,143,144,1,4,5,
148,140,147,9,1,8,
140,146,147,1,7,8,
145,146,140,6,7,1,
142,140,141,3,1,2,
148,149,140,9,10,1,
140,159,160,1,20,21,
163,140,162,24,1,23,
140,161,162,1,22,23,
159,140,158,20,1,19,
150,140,149,11,1,10,
151,152,140,12,13,1,
151,140,150,12,1,11,
153,140,152,14,1,13,
158,140,157,19,1,18,
140,155,156,1,16,17,
157,140,156,18,1,17,
140,153,154,1,14,15,
155,140,154,16,1,15,
145,140,144,6,1,5,
161,140,160,22,1,21,
229,230,140,90,91,1,
227,228,140,88,89,1,
229,140,228,90,1,89,
225,140,224,86,1,85,
226,140,225,87,1,86,
140,230,141,1,91,2,
217,140,216,78,1,77,
220,221,140,81,82,1,
223,140,222,84,1,83,
219,220,140,80,81,1,
218,140,217,79,1,78,
218,219,140,79,80,1,
216,140,215,77,1,76,
140,223,224,1,84,85,
213,214,140,74,75,1,
211,212,140,72,73,1,
210,140,209,71,1,70,
215,140,214,76,1,75,
213,140,212,74,1,73,
227,140,226,88,1,87,
221,222,140,82,83,1,
210,211,140,71,72,1,
140,164,165,1,25,26,
166,140,165,27,1,26,
167,140,166,28,1,27,
168,140,167,29,1,28,
140,168,169,1,29,30,
170,171,140,31,32,1,
140,172,173,1,33,34,
172,140,171,33,1,32,
170,140,169,31,1,30,
140,174,175,1,35,36,
177,140,176,38,1,37,
140,175,176,1,36,37,
174,140,173,35,1,34,
140,177,178,1,38,39,
164,140,163,25,1,24,
180,181,140,41,42,1,
182,140,181,43,1,42,
183,140,182,44,1,43,
185,186,140,46,47,1,
184,185,140,45,46,1,
183,184,140,44,45,1,
180,140,179,41,1,40,
178,179,140,39,40,1,
140,186,187,1,47,48,
199,200,140,60,61,1,
202,140,201,63,1,62,
201,140,200,62,1,61,
199,140,198,60,1,59,
198,140,197,59,1,58,
196,197,140,57,58,1,
203,140,202,64,1,63,
207,208,140,68,69,1,
140,195,196,1,56,57,
205,206,140,66,67,1,
205,140,204,66,1,65,
203,204,140,64,65,1,
207,140,206,68,1,67,
192,140,191,53,1,52,
193,140,192,54,1,53,
194,195,140,55,56,1,
190,140,189,51,1,50,
140,188,189,1,49,50,
193,194,140,54,55,1,
140,190,191,1,51,52,
188,140,187,49,1,48,
208,209,140,69,70,1,
0.0000000 ,0.0000000 ,0.0000000 ,
-0.2500000 ,-0.0000000 ,0.0000000 ,
-0.2493910 ,-0.0174391 ,0.0000000 ,
-0.2475670 ,-0.0347933 ,0.0000000 ,
-0.2445369 ,-0.0519779 ,0.0000000 ,
-0.2403154 ,-0.0689093 ,0.0000000 ,
-0.2349232 ,-0.0855050 ,0.0000000 ,
-0.2283864 ,-0.1016842 ,0.0000000 ,
-0.2207369 ,-0.1173679 ,0.0000000 ,
-0.2120120 ,-0.1324798 ,0.0000000 ,
-0.2022542 ,-0.1469463 ,0.0000000 ,
-0.1915111 ,-0.1606969 ,0.0000000 ,
-0.1798350 ,-0.1736646 ,0.0000000 ,
-0.1672827 ,-0.1857862 ,0.0000000 ,
-0.1539154 ,-0.1970027 ,0.0000000 ,
-0.1397982 ,-0.2072594 ,0.0000000 ,
-0.1250000 ,-0.2165064 ,0.0000000 ,
-0.1095928 ,-0.2246985 ,0.0000000 ,
-0.0936516 ,-0.2317960 ,0.0000000 ,
-0.0772542 ,-0.2377641 ,0.0000000 ,
-0.0604805 ,-0.2425739 ,0.0000000 ,
-0.0434120 ,-0.2462019 ,0.0000000 ,
-0.0261321 ,-0.2486305 ,0.0000000 ,
-0.0087249 ,-0.2498477 ,0.0000000 ,
0.0087249 ,-0.2498477 ,0.0000000 ,
0.0261321 ,-0.2486305 ,0.0000000 ,
0.0434120 ,-0.2462019 ,0.0000000 ,
0.0604805 ,-0.2425739 ,0.0000000 ,
0.0772542 ,-0.2377641 ,0.0000000 ,
0.0936516 ,-0.2317960 ,0.0000000 ,
0.1095928 ,-0.2246985 ,0.0000000 ,
0.1250000 ,-0.2165064 ,0.0000000 ,
0.1397982 ,-0.2072594 ,0.0000000 ,
0.1539154 ,-0.1970027 ,0.0000000 ,
0.1672827 ,-0.1857862 ,0.0000000 ,
0.1798350 ,-0.1736646 ,0.0000000 ,
0.1915111 ,-0.1606969 ,0.0000000 ,
0.2022542 ,-0.1469463 ,0.0000000 ,
0.2120120 ,-0.1324798 ,0.0000000 ,
0.2207369 ,-0.1173679 ,0.0000000 ,
0.2283864 ,-0.1016842 ,0.0000000 ,
0.2349232 ,-0.0855050 ,0.0000000 ,
0.2403154 ,-0.0689093 ,0.0000000 ,
0.2445369 ,-0.0519779 ,0.0000000 ,
0.2475670 ,-0.0347933 ,0.0000000 ,
0.2493910 ,-0.0174391 ,0.0000000 ,
0.2500000 ,0.0000000 ,0.0000000 ,
0.2493910 ,0.0174391 ,0.0000000 ,
0.2475670 ,0.0347933 ,0.0000000 ,
0.2445369 ,0.0519779 ,0.0000000 ,
0.2403154 ,0.0689093 ,0.0000000 ,
0.2349232 ,0.0855050 ,0.0000000 ,
0.2283864 ,0.1016842 ,0.0000000 ,
0.2207369 ,0.1173679 ,0.0000000 ,
0.2120120 ,0.1324798 ,0.0000000 ,
0.2022542 ,0.1469463 ,0.0000000 ,
0.1915111 ,0.1606969 ,0.0000000 ,
0.1798350 ,0.1736646 ,0.0000000 ,
0.1672827 ,0.1857862 ,0.0000000 ,
0.1539154 ,0.1970027 ,0.0000000 ,
0.1397982 ,0.2072594 ,0.0000000 ,
0.1250000 ,0.2165064 ,0.0000000 ,
0.1095928 ,0.2246985 ,0.0000000 ,
0.0936516 ,0.2317960 ,0.0000000 ,
0.0772542 ,0.2377641 ,0.0000000 ,
0.0604805 ,0.2425739 ,0.0000000 ,
0.0434120 ,0.2462019 ,0.0000000 ,
0.0261321 ,0.2486305 ,0.0000000 ,
0.0087249 ,0.2498477 ,0.0000000 ,
-0.0087249 ,0.2498477 ,0.0000000 ,
-0.0261321 ,0.2486305 ,0.0000000 ,
-0.0434120 ,0.2462019 ,0.0000000 ,
-0.0604805 ,0.2425739 ,0.0000000 ,
-0.0772542 ,0.2377641 ,0.0000000 ,
-0.0936516 ,0.2317960 ,0.0000000 ,
-0.1095928 ,0.2246985 ,0.0000000 ,
-0.1250000 ,0.2165064 ,0.0000000 ,
-0.1397982 ,0.2072594 ,0.0000000 ,
-0.1539154 ,0.1970027 ,0.0000000 ,
-0.1672827 ,0.1857862 ,0.0000000 ,
-0.1798350 ,0.1736646 ,0.0000000 ,
-0.1915111 ,0.1606969 ,0.0000000 ,
-0.2022542 ,0.1469463 ,0.0000000 ,
-0.2120120 ,0.1324798 ,0.0000000 ,
-0.2207369 ,0.1173679 ,0.0000000 ,
-0.2283864 ,0.1016842 ,0.0000000 ,
-0.2349232 ,0.0855050 ,0.0000000 ,
-0.2403154 ,0.0689093 ,0.0000000 ,
-0.2445369 ,0.0519779 ,0.0000000 ,
-0.2475670 ,0.0347933 ,0.0000000 ,
-0.2493910 ,0.0174391 ,0.0000000 ,
-0.5000000 ,-0.5000000 ,0.0000000 ,
-0.4166667 ,-0.5000000 ,0.0000000 ,
-0.3333333 ,-0.5000000 ,0.0000000 ,
-0.2500000 ,-0.5000000 ,0.0000000 ,
-0.1666667 ,-0.5000000 ,0.0000000 ,
-0.0833333 ,-0.5000000 ,0.0000000 ,
0.0000000 ,-0.5000000 ,0.0000000 ,
0.0833333 ,-0.5000000 ,0.0000000 ,
0.1666667 ,-0.5000000 ,0.0000000 ,
0.2500000 ,-0.5000000 ,0.0000000 ,
0.3333333 ,-0.5000000 ,0.0000000 ,
0.4166667 ,-0.5000000 ,0.0000000 ,
-0.4166667 ,0.5000000 ,0.0000000 ,
-0.3333333 ,0.5000000 ,0.0000000 ,
-0.2500000 ,0.5000000 ,0.0000000 ,
-0.1666667 ,0.5000000 ,0.0000000 ,
-0.0833333 ,0.5000000 ,0.0000000 ,
0.0000000 ,0.5000000 ,0.0000000 ,
0.0833333 ,0.5000000 ,0.0000000 ,
0.1666667 ,0.5000000 ,0.0000000 ,
0.2500000 ,0.5000000 ,0.0000000 ,
0.3333333 ,0.5000000 ,0.0000000 ,
0.4166667 ,0.5000000 ,0.0000000 ,
-0.5000000 ,-0.4166667 ,0.0000000 ,
-0.5000000 ,-0.3333333 ,0.0000000 ,
-0.5000000 ,-0.2500000 ,0.0000000 ,
-0.5000000 ,-0.1666667 ,0.0000000 ,
-0.5000000 ,-0.0833333 ,0.0000000 ,
-0.5000000 ,0.0000000 ,0.0000000 ,
-0.5000000 ,0.0833333 ,0.0000000 ,
-0.5000000 ,0.1666667 ,0.0000000 ,
-0.5000000 ,0.2500000 ,0.0000000 ,
-0.5000000 ,0.3333333 ,0.0000000 ,
-0.5000000 ,0.4166667 ,0.0000000 ,
-0.5000000 ,0.5000000 ,0.0000000 ,
0.5000000 ,-0.5000000 ,0.0000000 ,
0.5000000 ,-0.4166667 ,0.0000000 ,
0.5000000 ,-0.3333333 ,0.0000000 ,
0.5000000 ,-0.2500000 ,0.0000000 ,
0.5000000 ,-0.1666667 ,0.0000000 ,
0.5000000 ,-0.0833333 ,0.0000000 ,
0.5000000 ,0.0000000 ,0.0000000 ,
0.5000000 ,0.0833333 ,0.0000000 ,
0.5000000 ,0.1666667 ,0.0000000 ,
0.5000000 ,0.2500000 ,0.0000000 ,
0.5000000 ,0.3333333 ,0.0000000 ,
0.5000000 ,0.4166667 ,0.0000000 ,
0.5000000 ,0.5000000 ,0.0000000 ,
0.0000000 ,0.0000000 ,1.0000000 ,
-0.2500000 ,-0.0000000 ,1.0000000 ,
-0.2493910 ,-0.0174391 ,1.0000000 ,
-0.2475670 ,-0.0347933 ,1.0000000 ,
-0.2445369 ,-0.0519779 ,1.0000000 ,
-0.2403154 ,-0.0689093 ,1.0000000 ,
-0.2349232 ,-0.0855050 ,1.0000000 ,
-0.2283864 ,-0.1016842 ,1.0000000 ,
-0.2207369 ,-0.1173679 ,1.0000000 ,
-0.2120120 ,-0.1324798 ,1.0000000 ,
-0.2022542 ,-0.1469463 ,1.0000000 ,
-0.1915111 ,-0.1606969 ,1.0000000 ,
-0.1798350 ,-0.1736646 ,1.0000000 ,
-0.1672827 ,-0.1857862 ,1.0000000 ,
-0.1539154 ,-0.1970027 ,1.0000000 ,
-0.1397982 ,-0.2072594 ,1.0000000 ,
-0.1250000 ,-0.2165064 ,1.0000000 ,
-0.1095928 ,-0.2246985 ,1.0000000 ,
-0.0936516 ,-0.2317960 ,1.0000000 ,
-0.0772542 ,-0.2377641 ,1.0000000 ,
-0.0604805 ,-0.2425739 ,1.0000000 ,
-0.0434120 ,-0.2462019 ,1.0000000 ,
-0.0261321 ,-0.2486305 ,1.0000000 ,
-0.0087249 ,-0.2498477 ,1.0000000 ,
0.0087249 ,-0.2498477 ,1.0000000 ,
0.0261321 ,-0.2486305 ,1.0000000 ,
0.0434120 ,-0.2462019 ,1.0000000 ,
0.0604805 ,-0.2425739 ,1.0000000 ,
0.0772542 ,-0.2377641 ,1.0000000 ,
0.0936516 ,-0.2317960 ,1.0000000 ,
0.1095928 ,-0.2246985 ,1.0000000 ,
0.1250000 ,-0.2165064 ,1.0000000 ,
0.1397982 ,-0.2072594 ,1.0000000 ,
0.1539154 ,-0.1970027 ,1.0000000 ,
0.1672827 ,-0.1857862 ,1.0000000 ,
0.1798350 ,-0.1736646 ,1.0000000 ,
0.1915111 ,-0.1606969 ,1.0000000 ,
0.2022542 ,-0.1469463 ,1.0000000 ,
0.2120120 ,-0.1324798 ,1.0000000 ,
0.2207369 ,-0.1173679 ,1.0000000 ,
0.2283864 ,-0.1016842 ,1.0000000 ,
0.2349232 ,-0.0855050 ,1.0000000 ,
0.2403154 ,-0.0689093 ,1.0000000 ,
0.2445369 ,-0.0519779 ,1.0000000 ,
0.2475670 ,-0.0347933 ,1.0000000 ,
0.2493910 ,-0.0174391 ,1.0000000 ,
0.2500000 ,0.0000000 ,1.0000000 ,
0.2493910 ,0.0174391 ,1.0000000 ,
0.2475670 ,0.0347933 ,1.0000000 ,
0.2445369 ,0.0519779 ,1.0000000 ,
0.2403154 ,0.0689093 ,1.0000000 ,
0.2349232 ,0.0855050 ,1.0000000 ,
0.2283864 ,0.1016842 ,1.0000000 ,
0.2207369 ,0.1173679 ,1.0000000 ,
0.2120120 ,0.1324798 ,1.0000000 ,
0.2022542 ,0.1469463 ,1.0000000 ,
0.1915111 ,0.1606969 ,1.0000000 ,
0.1798350 ,0.1736646 ,1.0000000 ,
0.1672827 ,0.1857862 ,1.0000000 ,
0.1539154 ,0.1970027 ,1.0000000 ,
0.1397982 ,0.2072594 ,1.0000000 ,
0.1250000 ,0.2165064 ,1.0000000 ,
0.1095928 ,0.2246985 ,1.0000000 ,
0.0936516 ,0.2317960 ,1.0000000 ,
0.0772542 ,0.2377641 ,1.0000000 ,
0.0604805 ,0.2425739 ,1.0000000 ,
0.0434120 ,0.2462019 ,1.0000000 ,
0.0261321 ,0.2486305 ,1.0000000 ,
0.0087249 ,0.2498477 ,1.0000000 ,
-0.0087249 ,0.2498477 ,1.0000000 ,
-0.0261321 ,0.2486305 ,1.0000000 ,
-0.0434120 ,0.2462019 ,1.0000000 ,
-0.0604805 ,0.2425739 ,1.0000000 ,
-0.0772542 ,0.2377641 ,1.0000000 ,
-0.0936516 ,0.2317960 ,1.0000000 ,
-0.1095928 ,0.2246985 ,1.0000000 ,
-0.1250000 ,0.2165064 ,1.0000000 ,
-0.1397982 ,0.2072594 ,1.0000000 ,
-0.1539154 ,0.1970027 ,1.0000000 ,
-0.1672827 ,0.1857862 ,1.0000000 ,
-0.1798350 ,0.1736646 ,1.0000000 ,
-0.1915111 ,0.1606969 ,1.0000000 ,
-0.2022542 ,0.1469463 ,1.0000000 ,
-0.2120120 ,0.1324798 ,1.0000000 ,
-0.2207369 ,0.1173679 ,1.0000000 ,
-0.2283864 ,0.1016842 ,1.0000000 ,
-0.2349232 ,0.0855050 ,1.0000000 ,
-0.2403154 ,0.0689093 ,1.0000000 ,
-0.2445369 ,0.0519779 ,1.0000000 ,
-0.2475670 ,0.0347933 ,1.0000000 ,
-0.2493910 ,0.0174391 ,1.0000000 ,
-0.5000000 ,-0.5000000 ,1.0000000 ,
-0.4166667 ,-0.5000000 ,1.0000000 ,
-0.3333333 ,-0.5000000 ,1.0000000 ,
-0.2500000 ,-0.5000000 ,1.0000000 ,
-0.1666667 ,-0.5000000 ,1.0000000 ,
-0.0833333 ,-0.5000000 ,1.0000000 ,
0.0000000 ,-0.5000000 ,1.0000000 ,
0.0833333 ,-0.5000000 ,1.0000000 ,
0.1666667 ,-0.5000000 ,1.0000000 ,
0.2500000 ,-0.5000000 ,1.0000000 ,
0.3333333 ,-0.5000000 ,1.0000000 ,
0.4166667 ,-0.5000000 ,1.0000000 ,
-0.4166667 ,0.5000000 ,1.0000000 ,
-0.3333333 ,0.5000000 ,1.0000000 ,
-0.2500000 ,0.5000000 ,1.0000000 ,
-0.1666667 ,0.5000000 ,1.0000000 ,
-0.0833333 ,0.5000000 ,1.0000000 ,
0.0000000 ,0.5000000 ,1.0000000 ,
0.0833333 ,0.5000000 ,1.0000000 ,
0.1666667 ,0.5000000 ,1.0000000 ,
0.2500000 ,0.5000000 ,1.0000000 ,
0.3333333 ,0.5000000 ,1.0000000 ,
0.4166667 ,0.5000000 ,1.0000000 ,
-0.5000000 ,-0.4166667 ,1.0000000 ,
-0.5000000 ,-0.3333333 ,1.0000000 ,
-0.5000000 ,-0.2500000 ,1.0000000 ,
-0.5000000 ,-0.1666667 ,1.0000000 ,
-0.5000000 ,-0.0833333 ,1.0000000 ,
-0.5000000 ,0.0000000 ,1.0000000 ,
-0.5000000 ,0.0833333 ,1.0000000 ,
-0.5000000 ,0.1666667 ,1.0000000 ,
-0.5000000 ,0.2500000 ,1.0000000 ,
-0.5000000 ,0.3333333 ,1.0000000 ,
-0.5000000 ,0.4166667 ,1.0000000 ,
-0.5000000 ,0.5000000 ,1.0000000 ,
0.5000000 ,-0.5000000 ,1.0000000 ,
0.5000000 ,-0.4166667 ,1.0000000 ,
0.5000000 ,-0.3333333 ,1.0000000 ,
0.5000000 ,-0.2500000 ,1.0000000 ,
0.5000000 ,-0.1666667 ,1.0000000 ,
0.5000000 ,-0.0833333 ,1.0000000 ,
0.5000000 ,0.0000000 ,1.0000000 ,
0.5000000 ,0.0833333 ,1.0000000 ,
0.5000000 ,0.1666667 ,1.0000000 ,
0.5000000 ,0.2500000 ,1.0000000 ,
0.5000000 ,0.3333333 ,1.0000000 ,
0.5000000 ,0.4166667 ,1.0000000 ,
0.5000000 ,0.5000000 ,1.0000000 ,
1,138,iron
139,228,x2
