quadrangle
//Number_of_Node
1296
//Number_of_Element
1222
//Number_of_Region
4
//Factor
1000.0
824,823,775,776,
825,824,776,777,
826,825,777,778,
827,826,778,779,
828,827,779,780,
829,828,780,781,
830,829,781,782,
831,830,782,783,
832,831,783,784,
833,832,784,785,
834,833,785,786,
835,834,786,787,
836,835,787,788,
837,836,788,789,
838,837,789,790,
839,838,790,791,
840,839,791,792,
841,840,792,793,
842,841,793,794,
843,842,794,795,
844,843,795,796,
845,844,796,797,
846,845,797,798,
847,846,798,799,
848,847,799,800,
849,848,800,801,
850,849,801,802,
851,850,802,803,
852,851,803,804,
853,852,804,805,
854,853,805,806,
855,854,806,807,
856,855,807,808,
857,856,808,809,
858,857,809,810,
872,871,823,824,
873,872,824,825,
874,873,825,826,
875,874,826,827,
876,875,827,828,
877,876,828,829,
878,877,829,830,
879,878,830,831,
880,879,831,832,
881,880,832,833,
882,881,833,834,
883,882,834,835,
884,883,835,836,
885,884,836,837,
886,885,837,838,
887,886,838,839,
888,887,839,840,
889,888,840,841,
890,889,841,842,
891,890,842,843,
892,891,843,844,
893,892,844,845,
894,893,845,846,
895,894,846,847,
896,895,847,848,
897,896,848,849,
898,897,849,850,
899,898,850,851,
900,899,851,852,
901,900,852,853,
902,901,853,854,
903,902,854,855,
904,903,855,856,
905,904,856,857,
906,905,857,858,
920,919,871,872,
921,920,872,873,
922,921,873,874,
923,922,874,875,
924,923,875,876,
925,924,876,877,
926,925,877,878,
927,926,878,879,
928,927,879,880,
929,928,880,881,
930,929,881,882,
931,930,882,883,
932,931,883,884,
933,932,884,885,
934,933,885,886,
935,934,886,887,
936,935,887,888,
937,936,888,889,
938,937,889,890,
939,938,890,891,
940,939,891,892,
941,940,892,893,
942,941,893,894,
943,942,894,895,
944,943,895,896,
945,944,896,897,
946,945,897,898,
947,946,898,899,
948,947,899,900,
949,948,900,901,
950,949,901,902,
951,950,902,903,
952,951,903,904,
953,952,904,905,
954,953,905,906,
968,967,919,920,
969,968,920,921,
970,969,921,922,
971,970,922,923,
972,971,923,924,
973,972,924,925,
974,973,925,926,
975,974,926,927,
976,975,927,928,
977,976,928,929,
978,977,929,930,
979,978,930,931,
980,979,931,932,
981,980,932,933,
982,981,933,934,
983,982,934,935,
984,983,935,936,
985,984,936,937,
986,985,937,938,
987,986,938,939,
988,987,939,940,
989,988,940,941,
990,989,941,942,
991,990,942,943,
992,991,943,944,
993,992,944,945,
994,993,945,946,
995,994,946,947,
996,995,947,948,
997,996,948,949,
998,997,949,950,
999,998,950,951,
1000,999,951,952,
1001,1000,952,953,
1002,1001,953,954,
1016,1015,967,968,
1017,1016,968,969,
1018,1017,969,970,
1019,1018,970,971,
1020,1019,971,972,
1021,1020,972,973,
1022,1021,973,974,
1023,1022,974,975,
1024,1023,975,976,
1025,1024,976,977,
1026,1025,977,978,
1027,1026,978,979,
1028,1027,979,980,
1029,1028,980,981,
1030,1029,981,982,
1031,1030,982,983,
1032,1031,983,984,
1033,1032,984,985,
1034,1033,985,986,
1035,1034,986,987,
1036,1035,987,988,
1037,1036,988,989,
1038,1037,989,990,
1039,1038,990,991,
1040,1039,991,992,
1041,1040,992,993,
1042,1041,993,994,
1043,1042,994,995,
1044,1043,995,996,
1045,1044,996,997,
1046,1045,997,998,
1047,1046,998,999,
1048,1047,999,1000,
1049,1048,1000,1001,
1050,1049,1001,1002,
1064,1063,1015,1016,
1065,1064,1016,1017,
1066,1065,1017,1018,
1067,1066,1018,1019,
1068,1067,1019,1020,
1069,1068,1020,1021,
1070,1069,1021,1022,
1071,1070,1022,1023,
1072,1071,1023,1024,
1073,1072,1024,1025,
1074,1073,1025,1026,
1075,1074,1026,1027,
1076,1075,1027,1028,
1077,1076,1028,1029,
1078,1077,1029,1030,
1079,1078,1030,1031,
1080,1079,1031,1032,
1081,1080,1032,1033,
1082,1081,1033,1034,
1083,1082,1034,1035,
1084,1083,1035,1036,
1085,1084,1036,1037,
1086,1085,1037,1038,
1087,1086,1038,1039,
1088,1087,1039,1040,
1089,1088,1040,1041,
1090,1089,1041,1042,
1091,1090,1042,1043,
1092,1091,1043,1044,
1093,1092,1044,1045,
1094,1093,1045,1046,
1095,1094,1046,1047,
1096,1095,1047,1048,
1097,1096,1048,1049,
1098,1097,1049,1050,
1112,1111,1063,1064,
1113,1112,1064,1065,
1114,1113,1065,1066,
1115,1114,1066,1067,
1116,1115,1067,1068,
1117,1116,1068,1069,
1118,1117,1069,1070,
1119,1118,1070,1071,
1120,1119,1071,1072,
1121,1120,1072,1073,
1122,1121,1073,1074,
1123,1122,1074,1075,
1124,1123,1075,1076,
1125,1124,1076,1077,
1126,1125,1077,1078,
1127,1126,1078,1079,
1128,1127,1079,1080,
1129,1128,1080,1081,
1130,1129,1081,1082,
1131,1130,1082,1083,
1132,1131,1083,1084,
1133,1132,1084,1085,
1134,1133,1085,1086,
1135,1134,1086,1087,
1136,1135,1087,1088,
1137,1136,1088,1089,
1138,1137,1089,1090,
1139,1138,1090,1091,
1140,1139,1091,1092,
1141,1140,1092,1093,
1142,1141,1093,1094,
1143,1142,1094,1095,
1144,1143,1095,1096,
1145,1144,1096,1097,
1146,1145,1097,1098,
50,49,1,2,
51,50,2,3,
52,51,3,4,
53,52,4,5,
54,53,5,6,
55,54,6,7,
98,97,49,50,
99,98,50,51,
100,99,51,52,
101,100,52,53,
102,101,53,54,
103,102,54,55,
146,145,97,98,
147,146,98,99,
148,147,99,100,
149,148,100,101,
150,149,101,102,
151,150,102,103,
194,193,145,146,
195,194,146,147,
196,195,147,148,
197,196,148,149,
198,197,149,150,
199,198,150,151,
242,241,193,194,
243,242,194,195,
244,243,195,196,
245,244,196,197,
246,245,197,198,
247,246,198,199,
290,289,241,242,
291,290,242,243,
292,291,243,244,
293,292,244,245,
294,293,245,246,
295,294,246,247,
338,337,289,290,
339,338,290,291,
340,339,291,292,
341,340,292,293,
342,341,293,294,
343,342,294,295,
386,385,337,338,
387,386,338,339,
388,387,339,340,
389,388,340,341,
390,389,341,342,
391,390,342,343,
434,433,385,386,
435,434,386,387,
436,435,387,388,
437,436,388,389,
438,437,389,390,
439,438,390,391,
482,481,433,434,
483,482,434,435,
484,483,435,436,
485,484,436,437,
486,485,437,438,
487,486,438,439,
530,529,481,482,
531,530,482,483,
532,531,483,484,
533,532,484,485,
534,533,485,486,
535,534,486,487,
578,577,529,530,
579,578,530,531,
580,579,531,532,
581,580,532,533,
582,581,533,534,
583,582,534,535,
626,625,577,578,
627,626,578,579,
628,627,579,580,
629,628,580,581,
630,629,581,582,
631,630,582,583,
674,673,625,626,
675,674,626,627,
676,675,627,628,
677,676,628,629,
678,677,629,630,
679,678,630,631,
680,679,631,632,
681,680,632,633,
682,681,633,634,
683,682,634,635,
684,683,635,636,
685,684,636,637,
686,685,637,638,
687,686,638,639,
688,687,639,640,
689,688,640,641,
700,699,651,652,
701,700,652,653,
702,701,653,654,
703,702,654,655,
704,703,655,656,
705,704,656,657,
706,705,657,658,
707,706,658,659,
708,707,659,660,
709,708,660,661,
710,709,661,662,
711,710,662,663,
712,711,663,664,
713,712,664,665,
714,713,665,666,
715,714,666,667,
716,715,667,668,
717,716,668,669,
718,717,669,670,
719,718,670,671,
720,719,671,672,
722,721,673,674,
723,722,674,675,
724,723,675,676,
725,724,676,677,
726,725,677,678,
727,726,678,679,
728,727,679,680,
729,728,680,681,
730,729,681,682,
731,730,682,683,
732,731,683,684,
733,732,684,685,
734,733,685,686,
735,734,686,687,
736,735,687,688,
737,736,688,689,
748,747,699,700,
749,748,700,701,
750,749,701,702,
751,750,702,703,
752,751,703,704,
753,752,704,705,
754,753,705,706,
755,754,706,707,
756,755,707,708,
757,756,708,709,
758,757,709,710,
759,758,710,711,
760,759,711,712,
761,760,712,713,
762,761,713,714,
763,762,714,715,
764,763,715,716,
765,764,716,717,
766,765,717,718,
767,766,718,719,
768,767,719,720,
770,769,721,722,
771,770,722,723,
772,771,723,724,
773,772,724,725,
774,773,725,726,
775,774,726,727,
776,775,727,728,
777,776,728,729,
778,777,729,730,
779,778,730,731,
780,779,731,732,
781,780,732,733,
782,781,733,734,
783,782,734,735,
784,783,735,736,
785,784,736,737,
796,795,747,748,
797,796,748,749,
798,797,749,750,
799,798,750,751,
800,799,751,752,
801,800,752,753,
802,801,753,754,
803,802,754,755,
804,803,755,756,
805,804,756,757,
806,805,757,758,
807,806,758,759,
808,807,759,760,
809,808,760,761,
810,809,761,762,
811,810,762,763,
812,811,763,764,
813,812,764,765,
814,813,765,766,
815,814,766,767,
816,815,767,768,
818,817,769,770,
819,818,770,771,
820,819,771,772,
821,820,772,773,
822,821,773,774,
823,822,774,775,
859,858,810,811,
860,859,811,812,
861,860,812,813,
862,861,813,814,
863,862,814,815,
864,863,815,816,
866,865,817,818,
867,866,818,819,
868,867,819,820,
869,868,820,821,
870,869,821,822,
871,870,822,823,
907,906,858,859,
908,907,859,860,
909,908,860,861,
910,909,861,862,
911,910,862,863,
912,911,863,864,
914,913,865,866,
915,914,866,867,
916,915,867,868,
917,916,868,869,
918,917,869,870,
919,918,870,871,
955,954,906,907,
956,955,907,908,
957,956,908,909,
958,957,909,910,
959,958,910,911,
960,959,911,912,
962,961,913,914,
963,962,914,915,
964,963,915,916,
965,964,916,917,
966,965,917,918,
967,966,918,919,
1003,1002,954,955,
1004,1003,955,956,
1005,1004,956,957,
1006,1005,957,958,
1007,1006,958,959,
1008,1007,959,960,
1010,1009,961,962,
1011,1010,962,963,
1012,1011,963,964,
1013,1012,964,965,
1014,1013,965,966,
1015,1014,966,967,
1051,1050,1002,1003,
1052,1051,1003,1004,
1053,1052,1004,1005,
1054,1053,1005,1006,
1055,1054,1006,1007,
1056,1055,1007,1008,
1058,1057,1009,1010,
1059,1058,1010,1011,
1060,1059,1011,1012,
1061,1060,1012,1013,
1062,1061,1013,1014,
1063,1062,1014,1015,
1099,1098,1050,1051,
1100,1099,1051,1052,
1101,1100,1052,1053,
1102,1101,1053,1054,
1103,1102,1054,1055,
1104,1103,1055,1056,
1106,1105,1057,1058,
1107,1106,1058,1059,
1108,1107,1059,1060,
1109,1108,1060,1061,
1110,1109,1061,1062,
1111,1110,1062,1063,
1147,1146,1098,1099,
1148,1147,1099,1100,
1149,1148,1100,1101,
1150,1149,1101,1102,
1151,1150,1102,1103,
1152,1151,1103,1104,
1154,1153,1105,1106,
1155,1154,1106,1107,
1156,1155,1107,1108,
1157,1156,1108,1109,
1158,1157,1109,1110,
1159,1158,1110,1111,
1160,1159,1111,1112,
1161,1160,1112,1113,
1162,1161,1113,1114,
1163,1162,1114,1115,
1164,1163,1115,1116,
1165,1164,1116,1117,
1166,1165,1117,1118,
1167,1166,1118,1119,
1168,1167,1119,1120,
1169,1168,1120,1121,
1170,1169,1121,1122,
1171,1170,1122,1123,
1172,1171,1123,1124,
1173,1172,1124,1125,
1174,1173,1125,1126,
1175,1174,1126,1127,
1176,1175,1127,1128,
1177,1176,1128,1129,
1178,1177,1129,1130,
1179,1178,1130,1131,
1180,1179,1131,1132,
1181,1180,1132,1133,
1182,1181,1133,1134,
1183,1182,1134,1135,
1184,1183,1135,1136,
1185,1184,1136,1137,
1186,1185,1137,1138,
1187,1186,1138,1139,
1188,1187,1139,1140,
1189,1188,1140,1141,
1190,1189,1141,1142,
1191,1190,1142,1143,
1192,1191,1143,1144,
1193,1192,1144,1145,
1194,1193,1145,1146,
1195,1194,1146,1147,
1196,1195,1147,1148,
1197,1196,1148,1149,
1198,1197,1149,1150,
1199,1198,1150,1151,
1200,1199,1151,1152,
1202,1201,1153,1154,
1203,1202,1154,1155,
1204,1203,1155,1156,
1205,1204,1156,1157,
1206,1205,1157,1158,
1207,1206,1158,1159,
1208,1207,1159,1160,
1209,1208,1160,1161,
1210,1209,1161,1162,
1211,1210,1162,1163,
1212,1211,1163,1164,
1213,1212,1164,1165,
1214,1213,1165,1166,
1215,1214,1166,1167,
1216,1215,1167,1168,
1217,1216,1168,1169,
1218,1217,1169,1170,
1219,1218,1170,1171,
1220,1219,1171,1172,
1221,1220,1172,1173,
1222,1221,1173,1174,
1223,1222,1174,1175,
1224,1223,1175,1176,
1225,1224,1176,1177,
1226,1225,1177,1178,
1227,1226,1178,1179,
1228,1227,1179,1180,
1229,1228,1180,1181,
1230,1229,1181,1182,
1231,1230,1182,1183,
1232,1231,1183,1184,
1233,1232,1184,1185,
1234,1233,1185,1186,
1235,1234,1186,1187,
1236,1235,1187,1188,
1237,1236,1188,1189,
1238,1237,1189,1190,
1239,1238,1190,1191,
1240,1239,1191,1192,
1241,1240,1192,1193,
1242,1241,1193,1194,
1243,1242,1194,1195,
1244,1243,1195,1196,
1245,1244,1196,1197,
1246,1245,1197,1198,
1247,1246,1198,1199,
1248,1247,1199,1200,
1250,1249,1201,1202,
1251,1250,1202,1203,
1252,1251,1203,1204,
1253,1252,1204,1205,
1254,1253,1205,1206,
1255,1254,1206,1207,
1256,1255,1207,1208,
1257,1256,1208,1209,
1258,1257,1209,1210,
1259,1258,1210,1211,
1260,1259,1211,1212,
1261,1260,1212,1213,
1262,1261,1213,1214,
1263,1262,1214,1215,
1264,1263,1215,1216,
1265,1264,1216,1217,
1266,1265,1217,1218,
1267,1266,1218,1219,
1268,1267,1219,1220,
1269,1268,1220,1221,
1270,1269,1221,1222,
1271,1270,1222,1223,
1272,1271,1223,1224,
1273,1272,1224,1225,
1274,1273,1225,1226,
1275,1274,1226,1227,
1276,1275,1227,1228,
1277,1276,1228,1229,
1278,1277,1229,1230,
1279,1278,1230,1231,
1280,1279,1231,1232,
1281,1280,1232,1233,
1282,1281,1233,1234,
1283,1282,1234,1235,
1284,1283,1235,1236,
1285,1284,1236,1237,
1286,1285,1237,1238,
1287,1286,1238,1239,
1288,1287,1239,1240,
1289,1288,1240,1241,
1290,1289,1241,1242,
1291,1290,1242,1243,
1292,1291,1243,1244,
1293,1292,1244,1245,
1294,1293,1245,1246,
1295,1294,1246,1247,
1296,1295,1247,1248,
74,73,25,26,
75,74,26,27,
76,75,27,28,
77,76,28,29,
78,77,29,30,
79,78,30,31,
80,79,31,32,
81,80,32,33,
122,121,73,74,
123,122,74,75,
124,123,75,76,
125,124,76,77,
126,125,77,78,
127,126,78,79,
128,127,79,80,
129,128,80,81,
170,169,121,122,
171,170,122,123,
172,171,123,124,
173,172,124,125,
174,173,125,126,
175,174,126,127,
176,175,127,128,
177,176,128,129,
218,217,169,170,
219,218,170,171,
220,219,171,172,
221,220,172,173,
222,221,173,174,
223,222,174,175,
224,223,175,176,
225,224,176,177,
255,254,206,207,
256,255,207,208,
257,256,208,209,
258,257,209,210,
259,258,210,211,
260,259,211,212,
261,260,212,213,
262,261,213,214,
263,262,214,215,
264,263,215,216,
265,264,216,217,
266,265,217,218,
267,266,218,219,
268,267,219,220,
269,268,220,221,
270,269,221,222,
271,270,222,223,
272,271,223,224,
273,272,224,225,
274,273,225,226,
275,274,226,227,
276,275,227,228,
277,276,228,229,
278,277,229,230,
279,278,230,231,
303,302,254,255,
304,303,255,256,
305,304,256,257,
306,305,257,258,
307,306,258,259,
308,307,259,260,
309,308,260,261,
310,309,261,262,
311,310,262,263,
312,311,263,264,
313,312,264,265,
314,313,265,266,
315,314,266,267,
316,315,267,268,
317,316,268,269,
318,317,269,270,
319,318,270,271,
320,319,271,272,
321,320,272,273,
322,321,273,274,
323,322,274,275,
324,323,275,276,
325,324,276,277,
326,325,277,278,
327,326,278,279,
351,350,302,303,
352,351,303,304,
353,352,304,305,
354,353,305,306,
355,354,306,307,
356,355,307,308,
357,356,308,309,
358,357,309,310,
359,358,310,311,
360,359,311,312,
361,360,312,313,
362,361,313,314,
363,362,314,315,
364,363,315,316,
365,364,316,317,
366,365,317,318,
367,366,318,319,
368,367,319,320,
369,368,320,321,
370,369,321,322,
371,370,322,323,
372,371,323,324,
373,372,324,325,
374,373,325,326,
375,374,326,327,
399,398,350,351,
400,399,351,352,
401,400,352,353,
402,401,353,354,
403,402,354,355,
404,403,355,356,
405,404,356,357,
406,405,357,358,
407,406,358,359,
408,407,359,360,
409,408,360,361,
410,409,361,362,
411,410,362,363,
412,411,363,364,
413,412,364,365,
414,413,365,366,
415,414,366,367,
416,415,367,368,
417,416,368,369,
418,417,369,370,
419,418,370,371,
420,419,371,372,
421,420,372,373,
422,421,373,374,
423,422,374,375,
447,446,398,399,
448,447,399,400,
449,448,400,401,
450,449,401,402,
451,450,402,403,
452,451,403,404,
453,452,404,405,
454,453,405,406,
455,454,406,407,
456,455,407,408,
457,456,408,409,
458,457,409,410,
459,458,410,411,
460,459,411,412,
461,460,412,413,
462,461,413,414,
463,462,414,415,
464,463,415,416,
465,464,416,417,
466,465,417,418,
467,466,418,419,
468,467,419,420,
469,468,420,421,
470,469,421,422,
471,470,422,423,
56,55,7,8,
57,56,8,9,
58,57,9,10,
59,58,10,11,
60,59,11,12,
61,60,12,13,
62,61,13,14,
88,87,39,40,
89,88,40,41,
90,89,41,42,
91,90,42,43,
92,91,43,44,
93,92,44,45,
94,93,45,46,
95,94,46,47,
96,95,47,48,
104,103,55,56,
105,104,56,57,
106,105,57,58,
107,106,58,59,
108,107,59,60,
109,108,60,61,
110,109,61,62,
136,135,87,88,
137,136,88,89,
138,137,89,90,
139,138,90,91,
140,139,91,92,
141,140,92,93,
142,141,93,94,
143,142,94,95,
144,143,95,96,
152,151,103,104,
153,152,104,105,
154,153,105,106,
155,154,106,107,
156,155,107,108,
157,156,108,109,
158,157,109,110,
184,183,135,136,
185,184,136,137,
186,185,137,138,
187,186,138,139,
188,187,139,140,
189,188,140,141,
190,189,141,142,
191,190,142,143,
192,191,143,144,
200,199,151,152,
201,200,152,153,
202,201,153,154,
203,202,154,155,
204,203,155,156,
205,204,156,157,
206,205,157,158,
232,231,183,184,
233,232,184,185,
234,233,185,186,
235,234,186,187,
236,235,187,188,
237,236,188,189,
238,237,189,190,
239,238,190,191,
240,239,191,192,
248,247,199,200,
249,248,200,201,
250,249,201,202,
251,250,202,203,
252,251,203,204,
253,252,204,205,
254,253,205,206,
280,279,231,232,
281,280,232,233,
282,281,233,234,
283,282,234,235,
284,283,235,236,
285,284,236,237,
286,285,237,238,
287,286,238,239,
288,287,239,240,
296,295,247,248,
297,296,248,249,
298,297,249,250,
299,298,250,251,
300,299,251,252,
301,300,252,253,
302,301,253,254,
328,327,279,280,
329,328,280,281,
330,329,281,282,
331,330,282,283,
332,331,283,284,
333,332,284,285,
334,333,285,286,
335,334,286,287,
336,335,287,288,
344,343,295,296,
345,344,296,297,
346,345,297,298,
347,346,298,299,
348,347,299,300,
349,348,300,301,
350,349,301,302,
376,375,327,328,
377,376,328,329,
378,377,329,330,
379,378,330,331,
380,379,331,332,
381,380,332,333,
382,381,333,334,
383,382,334,335,
384,383,335,336,
392,391,343,344,
393,392,344,345,
394,393,345,346,
395,394,346,347,
396,395,347,348,
397,396,348,349,
398,397,349,350,
424,423,375,376,
425,424,376,377,
426,425,377,378,
427,426,378,379,
428,427,379,380,
429,428,380,381,
430,429,381,382,
431,430,382,383,
432,431,383,384,
440,439,391,392,
441,440,392,393,
442,441,393,394,
443,442,394,395,
444,443,395,396,
445,444,396,397,
446,445,397,398,
472,471,423,424,
473,472,424,425,
474,473,425,426,
475,474,426,427,
476,475,427,428,
477,476,428,429,
478,477,429,430,
479,478,430,431,
480,479,431,432,
488,487,439,440,
489,488,440,441,
490,489,441,442,
491,490,442,443,
492,491,443,444,
493,492,444,445,
494,493,445,446,
495,494,446,447,
496,495,447,448,
497,496,448,449,
498,497,449,450,
499,498,450,451,
500,499,451,452,
501,500,452,453,
502,501,453,454,
503,502,454,455,
504,503,455,456,
505,504,456,457,
506,505,457,458,
507,506,458,459,
508,507,459,460,
509,508,460,461,
510,509,461,462,
511,510,462,463,
512,511,463,464,
513,512,464,465,
514,513,465,466,
515,514,466,467,
516,515,467,468,
517,516,468,469,
518,517,469,470,
519,518,470,471,
520,519,471,472,
521,520,472,473,
522,521,473,474,
523,522,474,475,
524,523,475,476,
525,524,476,477,
526,525,477,478,
527,526,478,479,
528,527,479,480,
536,535,487,488,
537,536,488,489,
538,537,489,490,
539,538,490,491,
540,539,491,492,
541,540,492,493,
542,541,493,494,
543,542,494,495,
544,543,495,496,
545,544,496,497,
546,545,497,498,
547,546,498,499,
548,547,499,500,
549,548,500,501,
550,549,501,502,
551,550,502,503,
552,551,503,504,
553,552,504,505,
554,553,505,506,
555,554,506,507,
556,555,507,508,
557,556,508,509,
558,557,509,510,
559,558,510,511,
560,559,511,512,
561,560,512,513,
562,561,513,514,
563,562,514,515,
564,563,515,516,
565,564,516,517,
566,565,517,518,
567,566,518,519,
568,567,519,520,
569,568,520,521,
570,569,521,522,
571,570,522,523,
572,571,523,524,
573,572,524,525,
574,573,525,526,
575,574,526,527,
576,575,527,528,
584,583,535,536,
585,584,536,537,
586,585,537,538,
587,586,538,539,
588,587,539,540,
589,588,540,541,
590,589,541,542,
591,590,542,543,
592,591,543,544,
593,592,544,545,
594,593,545,546,
595,594,546,547,
596,595,547,548,
597,596,548,549,
598,597,549,550,
599,598,550,551,
600,599,551,552,
601,600,552,553,
602,601,553,554,
603,602,554,555,
604,603,555,556,
605,604,556,557,
606,605,557,558,
607,606,558,559,
608,607,559,560,
609,608,560,561,
610,609,561,562,
611,610,562,563,
612,611,563,564,
613,612,564,565,
614,613,565,566,
615,614,566,567,
616,615,567,568,
617,616,568,569,
618,617,569,570,
619,618,570,571,
620,619,571,572,
621,620,572,573,
622,621,573,574,
623,622,574,575,
624,623,575,576,
632,631,583,584,
633,632,584,585,
634,633,585,586,
635,634,586,587,
636,635,587,588,
637,636,588,589,
638,637,589,590,
639,638,590,591,
640,639,591,592,
641,640,592,593,
642,641,593,594,
643,642,594,595,
644,643,595,596,
645,644,596,597,
646,645,597,598,
647,646,598,599,
648,647,599,600,
649,648,600,601,
650,649,601,602,
651,650,602,603,
652,651,603,604,
653,652,604,605,
654,653,605,606,
655,654,606,607,
656,655,607,608,
657,656,608,609,
658,657,609,610,
659,658,610,611,
660,659,611,612,
661,660,612,613,
662,661,613,614,
663,662,614,615,
664,663,615,616,
665,664,616,617,
666,665,617,618,
667,666,618,619,
668,667,619,620,
669,668,620,621,
670,669,621,622,
671,670,622,623,
672,671,623,624,
690,689,641,642,
691,690,642,643,
692,691,643,644,
693,692,644,645,
694,693,645,646,
695,694,646,647,
696,695,647,648,
697,696,648,649,
698,697,649,650,
699,698,650,651,
738,737,689,690,
739,738,690,691,
740,739,691,692,
741,740,692,693,
742,741,693,694,
743,742,694,695,
744,743,695,696,
745,744,696,697,
746,745,697,698,
747,746,698,699,
786,785,737,738,
787,786,738,739,
788,787,739,740,
789,788,740,741,
790,789,741,742,
791,790,742,743,
792,791,743,744,
793,792,744,745,
794,793,745,746,
795,794,746,747,
63,62,14,15,
64,63,15,16,
65,64,16,17,
66,65,17,18,
67,66,18,19,
68,67,19,20,
69,68,20,21,
70,69,21,22,
71,70,22,23,
72,71,23,24,
73,72,24,25,
111,110,62,63,
112,111,63,64,
113,112,64,65,
114,113,65,66,
115,114,66,67,
116,115,67,68,
117,116,68,69,
118,117,69,70,
119,118,70,71,
120,119,71,72,
121,120,72,73,
159,158,110,111,
160,159,111,112,
161,160,112,113,
162,161,113,114,
163,162,114,115,
164,163,115,116,
165,164,116,117,
166,165,117,118,
167,166,118,119,
168,167,119,120,
169,168,120,121,
207,206,158,159,
208,207,159,160,
209,208,160,161,
210,209,161,162,
211,210,162,163,
212,211,163,164,
213,212,164,165,
214,213,165,166,
215,214,166,167,
216,215,167,168,
217,216,168,169,
82,81,33,34,
83,82,34,35,
84,83,35,36,
85,84,36,37,
86,85,37,38,
87,86,38,39,
130,129,81,82,
131,130,82,83,
132,131,83,84,
133,132,84,85,
134,133,85,86,
135,134,86,87,
178,177,129,130,
179,178,130,131,
180,179,131,132,
181,180,132,133,
182,181,133,134,
183,182,134,135,
226,225,177,178,
227,226,178,179,
228,227,179,180,
229,228,180,181,
230,229,181,182,
231,230,182,183,
1.00000 ,43.00000 ,
1.00000 ,42.50000 ,
1.00000 ,42.00000 ,
1.00000 ,41.50000 ,
1.00000 ,41.00000 ,
1.00000 ,40.50000 ,
1.00000 ,40.00000 ,
1.00000 ,39.20000 ,
1.00000 ,38.00000 ,
1.00000 ,36.66667 ,
1.00000 ,35.33333 ,
1.00000 ,34.00000 ,
1.00000 ,32.80000 ,
1.00000 ,32.00000 ,
1.00000 ,31.33333 ,
1.00000 ,30.66667 ,
1.00000 ,30.00000 ,
1.00000 ,29.20000 ,
1.00000 ,28.00000 ,
1.00000 ,26.20000 ,
1.00000 ,24.46667 ,
1.00000 ,22.73333 ,
1.00000 ,21.00000 ,
1.00000 ,19.80000 ,
1.00000 ,19.00000 ,
1.00000 ,18.50000 ,
1.00000 ,18.00000 ,
1.00000 ,17.20000 ,
1.00000 ,16.00000 ,
1.00000 ,14.60000 ,
1.00000 ,13.20000 ,
1.00000 ,11.80000 ,
1.00000 ,11.00000 ,
1.00000 ,10.20000 ,
1.00000 ,9.00000 ,
1.00000 ,7.93333 ,
1.00000 ,6.86667 ,
1.00000 ,5.80000 ,
1.00000 ,5.00000 ,
1.00000 ,4.33333 ,
1.00000 ,3.66667 ,
1.00000 ,3.00000 ,
1.00000 ,2.50000 ,
1.00000 ,2.00000 ,
1.00000 ,1.50000 ,
1.00000 ,1.00000 ,
1.00000 ,0.50000 ,
1.00000 ,0.00000 ,
1.75000 ,43.00000 ,
1.75000 ,42.50000 ,
1.75000 ,42.00000 ,
1.75000 ,41.50000 ,
1.75000 ,41.00000 ,
1.75000 ,40.50000 ,
1.75000 ,40.00000 ,
1.75000 ,39.20000 ,
1.75000 ,38.00000 ,
1.75000 ,36.66667 ,
1.75000 ,35.33333 ,
1.75000 ,34.00000 ,
1.75000 ,32.80000 ,
1.75000 ,32.00000 ,
1.75000 ,31.33333 ,
1.75000 ,30.66667 ,
1.75000 ,30.00000 ,
1.75000 ,29.20000 ,
1.75000 ,28.00000 ,
1.75000 ,26.20000 ,
1.75000 ,24.46667 ,
1.75000 ,22.73333 ,
1.75000 ,21.00000 ,
1.75000 ,19.80000 ,
1.75000 ,19.00000 ,
1.75000 ,18.50000 ,
1.75000 ,18.00000 ,
1.75000 ,17.20000 ,
1.75000 ,16.00000 ,
1.75000 ,14.60000 ,
1.75000 ,13.20000 ,
1.75000 ,11.80000 ,
1.75000 ,11.00000 ,
1.75000 ,10.20000 ,
1.75000 ,9.00000 ,
1.75000 ,7.93333 ,
1.75000 ,6.86667 ,
1.75000 ,5.80000 ,
1.75000 ,5.00000 ,
1.75000 ,4.33333 ,
1.75000 ,3.66667 ,
1.75000 ,3.00000 ,
1.75000 ,2.50000 ,
1.75000 ,2.00000 ,
1.75000 ,1.50000 ,
1.75000 ,1.00000 ,
1.75000 ,0.50000 ,
1.75000 ,0.00000 ,
2.50000 ,43.00000 ,
2.50000 ,42.50000 ,
2.50000 ,42.00000 ,
2.50000 ,41.50000 ,
2.50000 ,41.00000 ,
2.50000 ,40.50000 ,
2.50000 ,40.00000 ,
2.50000 ,39.20000 ,
2.50000 ,38.00000 ,
2.50000 ,36.66667 ,
2.50000 ,35.33333 ,
2.50000 ,34.00000 ,
2.50000 ,32.80000 ,
2.50000 ,32.00000 ,
2.50000 ,31.33333 ,
2.50000 ,30.66667 ,
2.50000 ,30.00000 ,
2.50000 ,29.20000 ,
2.50000 ,28.00000 ,
2.50000 ,26.20000 ,
2.50000 ,24.46667 ,
2.50000 ,22.73333 ,
2.50000 ,21.00000 ,
2.50000 ,19.80000 ,
2.50000 ,19.00000 ,
2.50000 ,18.50000 ,
2.50000 ,18.00000 ,
2.50000 ,17.20000 ,
2.50000 ,16.00000 ,
2.50000 ,14.60000 ,
2.50000 ,13.20000 ,
2.50000 ,11.80000 ,
2.50000 ,11.00000 ,
2.50000 ,10.20000 ,
2.50000 ,9.00000 ,
2.50000 ,7.93333 ,
2.50000 ,6.86667 ,
2.50000 ,5.80000 ,
2.50000 ,5.00000 ,
2.50000 ,4.33333 ,
2.50000 ,3.66667 ,
2.50000 ,3.00000 ,
2.50000 ,2.50000 ,
2.50000 ,2.00000 ,
2.50000 ,1.50000 ,
2.50000 ,1.00000 ,
2.50000 ,0.50000 ,
2.50000 ,0.00000 ,
3.25000 ,43.00000 ,
3.25000 ,42.50000 ,
3.25000 ,42.00000 ,
3.25000 ,41.50000 ,
3.25000 ,41.00000 ,
3.25000 ,40.50000 ,
3.25000 ,40.00000 ,
3.25000 ,39.20000 ,
3.25000 ,38.00000 ,
3.25000 ,36.66667 ,
3.25000 ,35.33333 ,
3.25000 ,34.00000 ,
3.25000 ,32.80000 ,
3.25000 ,32.00000 ,
3.25000 ,31.33333 ,
3.25000 ,30.66667 ,
3.25000 ,30.00000 ,
3.25000 ,29.20000 ,
3.25000 ,28.00000 ,
3.25000 ,26.20000 ,
3.25000 ,24.46667 ,
3.25000 ,22.73333 ,
3.25000 ,21.00000 ,
3.25000 ,19.80000 ,
3.25000 ,19.00000 ,
3.25000 ,18.50000 ,
3.25000 ,18.00000 ,
3.25000 ,17.20000 ,
3.25000 ,16.00000 ,
3.25000 ,14.60000 ,
3.25000 ,13.20000 ,
3.25000 ,11.80000 ,
3.25000 ,11.00000 ,
3.25000 ,10.20000 ,
3.25000 ,9.00000 ,
3.25000 ,7.93333 ,
3.25000 ,6.86667 ,
3.25000 ,5.80000 ,
3.25000 ,5.00000 ,
3.25000 ,4.33333 ,
3.25000 ,3.66667 ,
3.25000 ,3.00000 ,
3.25000 ,2.50000 ,
3.25000 ,2.00000 ,
3.25000 ,1.50000 ,
3.25000 ,1.00000 ,
3.25000 ,0.50000 ,
3.25000 ,0.00000 ,
4.00000 ,43.00000 ,
4.00000 ,42.50000 ,
4.00000 ,42.00000 ,
4.00000 ,41.50000 ,
4.00000 ,41.00000 ,
4.00000 ,40.50000 ,
4.00000 ,40.00000 ,
4.00000 ,39.20000 ,
4.00000 ,38.00000 ,
4.00000 ,36.66667 ,
4.00000 ,35.33333 ,
4.00000 ,34.00000 ,
4.00000 ,32.80000 ,
4.00000 ,32.00000 ,
4.00000 ,31.33333 ,
4.00000 ,30.66667 ,
4.00000 ,30.00000 ,
4.00000 ,29.20000 ,
4.00000 ,28.00000 ,
4.00000 ,26.20000 ,
4.00000 ,24.46667 ,
4.00000 ,22.73333 ,
4.00000 ,21.00000 ,
4.00000 ,19.80000 ,
4.00000 ,19.00000 ,
4.00000 ,18.50000 ,
4.00000 ,18.00000 ,
4.00000 ,17.20000 ,
4.00000 ,16.00000 ,
4.00000 ,14.60000 ,
4.00000 ,13.20000 ,
4.00000 ,11.80000 ,
4.00000 ,11.00000 ,
4.00000 ,10.20000 ,
4.00000 ,9.00000 ,
4.00000 ,7.93333 ,
4.00000 ,6.86667 ,
4.00000 ,5.80000 ,
4.00000 ,5.00000 ,
4.00000 ,4.33333 ,
4.00000 ,3.66667 ,
4.00000 ,3.00000 ,
4.00000 ,2.50000 ,
4.00000 ,2.00000 ,
4.00000 ,1.50000 ,
4.00000 ,1.00000 ,
4.00000 ,0.50000 ,
4.00000 ,0.00000 ,
4.69123 ,43.00000 ,
4.68805 ,42.50000 ,
4.67889 ,42.00000 ,
4.66522 ,41.50000 ,
4.65012 ,41.00000 ,
4.63809 ,40.50000 ,
4.63347 ,40.00000 ,
4.55500 ,39.20000 ,
4.51392 ,38.00000 ,
4.53790 ,36.66667 ,
4.57912 ,35.33333 ,
4.59275 ,34.00000 ,
4.52788 ,32.80000 ,
4.44708 ,32.00000 ,
4.45567 ,31.33333 ,
4.47831 ,30.66667 ,
4.50877 ,30.00000 ,
4.54935 ,29.20000 ,
4.61246 ,28.00000 ,
4.70796 ,26.20000 ,
4.80000 ,24.46667 ,
4.80000 ,22.73333 ,
4.80000 ,21.00000 ,
4.80000 ,19.80000 ,
4.80000 ,19.00000 ,
4.80000 ,18.50000 ,
4.80000 ,18.00000 ,
4.80000 ,17.20000 ,
4.80000 ,16.00000 ,
4.80000 ,14.60000 ,
4.80000 ,13.20000 ,
4.80000 ,11.80000 ,
4.80000 ,11.00000 ,
4.80000 ,10.20000 ,
4.80000 ,9.00000 ,
4.80000 ,7.93333 ,
4.80000 ,6.86667 ,
4.80000 ,5.80000 ,
4.80000 ,5.00000 ,
4.80000 ,4.33333 ,
4.80000 ,3.66667 ,
4.80000 ,3.00000 ,
4.80000 ,2.50000 ,
4.80000 ,2.00000 ,
4.80000 ,1.50000 ,
4.80000 ,1.00000 ,
4.80000 ,0.50000 ,
4.80000 ,0.00000 ,
5.21469 ,43.00000 ,
5.20890 ,42.50000 ,
5.19191 ,42.00000 ,
5.16568 ,41.50000 ,
5.13540 ,41.00000 ,
5.11030 ,40.50000 ,
5.10043 ,40.00000 ,
4.95618 ,39.20000 ,
4.89135 ,38.00000 ,
4.94017 ,36.66667 ,
5.01525 ,35.33333 ,
5.04859 ,34.00000 ,
4.93690 ,32.80000 ,
4.77405 ,32.00000 ,
4.79100 ,31.33333 ,
4.83396 ,30.66667 ,
4.88927 ,30.00000 ,
4.96107 ,29.20000 ,
5.07177 ,28.00000 ,
5.23893 ,26.20000 ,
5.40000 ,24.46667 ,
5.40000 ,22.73333 ,
5.40000 ,21.00000 ,
5.40000 ,19.80000 ,
5.40000 ,19.00000 ,
5.40000 ,18.50000 ,
5.40000 ,18.00000 ,
5.40000 ,17.20000 ,
5.40000 ,16.00000 ,
5.40000 ,14.60000 ,
5.40000 ,13.20000 ,
5.40000 ,11.80000 ,
5.40000 ,11.00000 ,
5.40000 ,10.20000 ,
5.40000 ,9.00000 ,
5.40000 ,7.93333 ,
5.40000 ,6.86667 ,
5.40000 ,5.80000 ,
5.40000 ,5.00000 ,
5.40000 ,4.33333 ,
5.40000 ,3.66667 ,
5.40000 ,3.00000 ,
5.40000 ,2.50000 ,
5.40000 ,2.00000 ,
5.40000 ,1.50000 ,
5.40000 ,1.00000 ,
5.40000 ,0.50000 ,
5.40000 ,0.00000 ,
5.74660 ,43.00000 ,
5.73802 ,42.50000 ,
5.71227 ,42.00000 ,
5.67019 ,41.50000 ,
5.61751 ,41.00000 ,
5.57017 ,40.50000 ,
5.55066 ,40.00000 ,
5.32896 ,39.20000 ,
5.25672 ,38.00000 ,
5.34114 ,36.66667 ,
5.45343 ,35.33333 ,
5.52169 ,34.00000 ,
5.37701 ,32.80000 ,
5.08483 ,32.00000 ,
5.11540 ,31.33333 ,
5.18562 ,30.66667 ,
5.26844 ,30.00000 ,
5.37245 ,29.20000 ,
5.53105 ,28.00000 ,
5.76991 ,26.20000 ,
6.00000 ,24.46667 ,
6.00000 ,22.73333 ,
6.00000 ,21.00000 ,
6.00000 ,19.80000 ,
6.00000 ,19.00000 ,
6.00000 ,18.50000 ,
6.00000 ,18.00000 ,
6.00000 ,17.20000 ,
6.00000 ,16.00000 ,
6.00000 ,14.60000 ,
6.00000 ,13.20000 ,
6.00000 ,11.80000 ,
6.00000 ,11.00000 ,
6.00000 ,10.20000 ,
6.00000 ,9.00000 ,
6.00000 ,7.93333 ,
6.00000 ,6.86667 ,
6.00000 ,5.80000 ,
6.00000 ,5.00000 ,
6.00000 ,4.33333 ,
6.00000 ,3.66667 ,
6.00000 ,3.00000 ,
6.00000 ,2.50000 ,
6.00000 ,2.00000 ,
6.00000 ,1.50000 ,
6.00000 ,1.00000 ,
6.00000 ,0.50000 ,
6.00000 ,0.00000 ,
6.29076 ,43.00000 ,
6.27957 ,42.50000 ,
6.24505 ,42.00000 ,
6.18477 ,41.50000 ,
6.09885 ,41.00000 ,
6.00766 ,40.50000 ,
5.96509 ,40.00000 ,
5.65228 ,39.20000 ,
5.60855 ,38.00000 ,
5.74079 ,36.66667 ,
5.89427 ,35.33333 ,
6.01113 ,34.00000 ,
5.89370 ,32.80000 ,
5.36100 ,32.00000 ,
5.42620 ,31.33333 ,
5.53420 ,30.66667 ,
5.64635 ,30.00000 ,
5.78354 ,29.20000 ,
5.99030 ,28.00000 ,
6.30088 ,26.20000 ,
6.60000 ,24.46667 ,
6.60000 ,22.73333 ,
6.60000 ,21.00000 ,
6.60000 ,19.80000 ,
6.60000 ,19.00000 ,
6.60000 ,18.50000 ,
6.60000 ,18.00000 ,
6.60000 ,17.20000 ,
6.60000 ,16.00000 ,
6.60000 ,14.60000 ,
6.60000 ,13.20000 ,
6.60000 ,11.80000 ,
6.60000 ,11.00000 ,
6.60000 ,10.20000 ,
6.60000 ,9.00000 ,
6.60000 ,7.93333 ,
6.60000 ,6.86667 ,
6.60000 ,5.80000 ,
6.60000 ,5.00000 ,
6.60000 ,4.33333 ,
6.60000 ,3.66667 ,
6.60000 ,3.00000 ,
6.60000 ,2.50000 ,
6.60000 ,2.00000 ,
6.60000 ,1.50000 ,
6.60000 ,1.00000 ,
6.60000 ,0.50000 ,
6.60000 ,0.00000 ,
6.66209 ,43.00000 ,
6.64952 ,42.50000 ,
6.61012 ,42.00000 ,
6.53871 ,41.50000 ,
6.42575 ,41.00000 ,
6.28055 ,40.50000 ,
6.19897 ,40.00000 ,
5.82640 ,39.20000 ,
5.83790 ,38.00000 ,
6.00549 ,36.66667 ,
6.19273 ,35.33333 ,
6.33412 ,34.00000 ,
6.33312 ,32.80000 ,
5.50000 ,32.00000 ,
5.63280 ,31.33333 ,
5.76500 ,30.66667 ,
5.89800 ,30.00000 ,
6.05753 ,29.20000 ,
6.29646 ,28.00000 ,
6.65487 ,26.20000 ,
7.00000 ,24.46667 ,
7.00000 ,22.73333 ,
7.00000 ,21.00000 ,
7.00000 ,19.80000 ,
7.00000 ,19.00000 ,
7.00000 ,18.50000 ,
7.00000 ,18.00000 ,
7.00000 ,17.20000 ,
7.00000 ,16.00000 ,
7.00000 ,14.60000 ,
7.00000 ,13.20000 ,
7.00000 ,11.80000 ,
7.00000 ,11.00000 ,
7.00000 ,10.20000 ,
7.00000 ,9.00000 ,
7.00000 ,7.93333 ,
7.00000 ,6.86667 ,
7.00000 ,5.80000 ,
7.00000 ,5.00000 ,
7.00000 ,4.33333 ,
7.00000 ,3.66667 ,
7.00000 ,3.00000 ,
7.00000 ,2.50000 ,
7.00000 ,2.00000 ,
7.00000 ,1.50000 ,
7.00000 ,1.00000 ,
7.00000 ,0.50000 ,
7.00000 ,0.00000 ,
6.89811 ,43.00000 ,
6.88494 ,42.50000 ,
6.84322 ,42.00000 ,
6.76635 ,41.50000 ,
6.63800 ,41.00000 ,
6.44323 ,40.50000 ,
6.30998 ,40.00000 ,
5.91447 ,39.20000 ,
5.98045 ,38.00000 ,
6.17135 ,36.66667 ,
6.37576 ,35.33333 ,
6.55530 ,34.00000 ,
6.55587 ,32.80000 ,
6.08714 ,32.00000 ,
6.15175 ,31.33333 ,
6.29231 ,30.66667 ,
6.39568 ,30.00000 ,
6.43320 ,29.20000 ,
6.60761 ,28.00000 ,
6.93384 ,26.20000 ,
7.25000 ,24.46667 ,
7.25000 ,22.73333 ,
7.25000 ,21.00000 ,
7.25000 ,19.80000 ,
7.25000 ,19.00000 ,
7.25000 ,18.50000 ,
7.25000 ,18.00000 ,
7.25000 ,17.20000 ,
7.25000 ,16.00000 ,
7.25000 ,14.60000 ,
7.25000 ,13.20000 ,
7.25000 ,11.80000 ,
7.25000 ,11.00000 ,
7.25000 ,10.20000 ,
7.25000 ,9.00000 ,
7.25000 ,7.93333 ,
7.25000 ,6.86667 ,
7.25000 ,5.80000 ,
7.25000 ,5.00000 ,
7.25000 ,4.33333 ,
7.25000 ,3.66667 ,
7.25000 ,3.00000 ,
7.25000 ,2.50000 ,
7.25000 ,2.00000 ,
7.25000 ,1.50000 ,
7.25000 ,1.00000 ,
7.25000 ,0.50000 ,
7.25000 ,0.00000 ,
7.13732 ,43.00000 ,
7.12381 ,42.50000 ,
7.08065 ,42.00000 ,
6.99952 ,41.50000 ,
6.86180 ,41.00000 ,
6.60618 ,40.50000 ,
6.36752 ,40.00000 ,
5.98756 ,39.20000 ,
6.12370 ,38.00000 ,
6.33603 ,36.66667 ,
6.56130 ,35.33333 ,
6.77042 ,34.00000 ,
6.82116 ,32.80000 ,
6.61464 ,32.00000 ,
6.67917 ,31.33333 ,
6.81873 ,30.66667 ,
6.90269 ,30.00000 ,
6.80209 ,29.20000 ,
6.91905 ,28.00000 ,
7.21270 ,26.20000 ,
7.50000 ,24.46667 ,
7.50000 ,22.73333 ,
7.50000 ,21.00000 ,
7.50000 ,19.80000 ,
7.50000 ,19.00000 ,
7.50000 ,18.50000 ,
7.50000 ,18.00000 ,
7.50000 ,17.20000 ,
7.50000 ,16.00000 ,
7.50000 ,14.60000 ,
7.50000 ,13.20000 ,
7.50000 ,11.80000 ,
7.50000 ,11.00000 ,
7.50000 ,10.20000 ,
7.50000 ,9.00000 ,
7.50000 ,7.93333 ,
7.50000 ,6.86667 ,
7.50000 ,5.80000 ,
7.50000 ,5.00000 ,
7.50000 ,4.33333 ,
7.50000 ,3.66667 ,
7.50000 ,3.00000 ,
7.50000 ,2.50000 ,
7.50000 ,2.00000 ,
7.50000 ,1.50000 ,
7.50000 ,1.00000 ,
7.50000 ,0.50000 ,
7.50000 ,0.00000 ,
7.37985 ,43.00000 ,
7.36615 ,42.50000 ,
7.32296 ,42.00000 ,
7.23828 ,41.50000 ,
7.09982 ,41.00000 ,
6.79471 ,40.50000 ,
6.31425 ,40.00000 ,
6.05639 ,39.20000 ,
6.26640 ,38.00000 ,
6.50030 ,36.66667 ,
6.74764 ,35.33333 ,
6.98450 ,34.00000 ,
7.10739 ,32.80000 ,
7.11262 ,32.00000 ,
7.20650 ,31.33333 ,
7.34541 ,30.66667 ,
7.43079 ,30.00000 ,
7.15546 ,29.20000 ,
7.23175 ,28.00000 ,
7.49117 ,26.20000 ,
7.75000 ,24.46667 ,
7.75000 ,22.73333 ,
7.75000 ,21.00000 ,
7.75000 ,19.80000 ,
7.75000 ,19.00000 ,
7.75000 ,18.50000 ,
7.75000 ,18.00000 ,
7.75000 ,17.20000 ,
7.75000 ,16.00000 ,
7.75000 ,14.60000 ,
7.75000 ,13.20000 ,
7.75000 ,11.80000 ,
7.75000 ,11.00000 ,
7.75000 ,10.20000 ,
7.75000 ,9.00000 ,
7.75000 ,7.93333 ,
7.75000 ,6.86667 ,
7.75000 ,5.80000 ,
7.75000 ,5.00000 ,
7.75000 ,4.33333 ,
7.75000 ,3.66667 ,
7.75000 ,3.00000 ,
7.75000 ,2.50000 ,
7.75000 ,2.00000 ,
7.75000 ,1.50000 ,
7.75000 ,1.00000 ,
7.75000 ,0.50000 ,
7.75000 ,0.00000 ,
7.62560 ,43.00000 ,
7.61226 ,42.50000 ,
7.56916 ,42.00000 ,
7.48793 ,41.50000 ,
7.33350 ,41.00000 ,
7.09790 ,40.50000 ,
6.00000 ,40.00000 ,
6.16000 ,39.20000 ,
6.40000 ,38.00000 ,
6.66670 ,36.66667 ,
6.93334 ,35.33333 ,
7.20000 ,34.00000 ,
7.40000 ,32.80000 ,
7.60000 ,32.00000 ,
7.73334 ,31.33333 ,
7.86667 ,30.66667 ,
8.00000 ,30.00000 ,
7.47943 ,29.20000 ,
7.54832 ,28.00000 ,
7.76850 ,26.20000 ,
8.00000 ,24.46667 ,
8.00000 ,22.73333 ,
8.00000 ,21.00000 ,
8.00000 ,19.80000 ,
8.00000 ,19.00000 ,
8.00000 ,18.50000 ,
8.00000 ,18.00000 ,
8.00000 ,17.20000 ,
8.00000 ,16.00000 ,
8.00000 ,14.60000 ,
8.00000 ,13.20000 ,
8.00000 ,11.80000 ,
8.00000 ,11.00000 ,
8.00000 ,10.20000 ,
8.00000 ,9.00000 ,
8.00000 ,7.93333 ,
8.00000 ,6.86667 ,
8.00000 ,5.80000 ,
8.00000 ,5.00000 ,
8.00000 ,4.33333 ,
8.00000 ,3.66667 ,
8.00000 ,3.00000 ,
8.00000 ,2.50000 ,
8.00000 ,2.00000 ,
8.00000 ,1.50000 ,
8.00000 ,1.00000 ,
8.00000 ,0.50000 ,
8.00000 ,0.00000 ,
8.29634 ,43.00000 ,
8.28499 ,42.50000 ,
8.24903 ,42.00000 ,
8.18021 ,41.50000 ,
8.06516 ,41.00000 ,
7.81768 ,40.50000 ,
7.57262 ,40.00000 ,
7.44754 ,39.20000 ,
7.60102 ,38.00000 ,
7.77744 ,36.66667 ,
7.95608 ,35.33333 ,
8.12889 ,34.00000 ,
8.27688 ,32.80000 ,
8.39360 ,32.00000 ,
8.48671 ,31.33333 ,
8.57045 ,30.66667 ,
8.61041 ,30.00000 ,
8.40299 ,29.20000 ,
8.36719 ,28.00000 ,
8.51324 ,26.20000 ,
8.66667 ,24.46667 ,
8.66667 ,22.73333 ,
8.66667 ,21.00000 ,
8.66667 ,19.80000 ,
8.66667 ,19.00000 ,
8.66667 ,18.50000 ,
8.66667 ,18.00000 ,
8.66667 ,17.20000 ,
8.66667 ,16.00000 ,
8.66667 ,14.60000 ,
8.66667 ,13.20000 ,
8.66667 ,11.80000 ,
8.66667 ,11.00000 ,
8.66667 ,10.20000 ,
8.66667 ,9.00000 ,
8.66667 ,7.93333 ,
8.66667 ,6.86667 ,
8.66667 ,5.80000 ,
8.66667 ,5.00000 ,
8.66667 ,4.33333 ,
8.66667 ,3.66667 ,
8.66667 ,3.00000 ,
8.66667 ,2.50000 ,
8.66667 ,2.00000 ,
8.66667 ,1.50000 ,
8.66667 ,1.00000 ,
8.66667 ,0.50000 ,
8.66667 ,0.00000 ,
8.98621 ,43.00000 ,
8.97851 ,42.50000 ,
8.95478 ,42.00000 ,
8.91396 ,41.50000 ,
8.85261 ,41.00000 ,
8.80427 ,40.50000 ,
8.76870 ,40.00000 ,
8.74434 ,39.20000 ,
8.79769 ,38.00000 ,
8.88931 ,36.66667 ,
8.97778 ,35.33333 ,
9.06388 ,34.00000 ,
9.14008 ,32.80000 ,
9.19620 ,32.00000 ,
9.24218 ,31.33333 ,
9.27975 ,30.66667 ,
9.29521 ,30.00000 ,
9.21688 ,29.20000 ,
9.18735 ,28.00000 ,
9.25616 ,26.20000 ,
9.33333 ,24.46667 ,
9.33333 ,22.73333 ,
9.33333 ,21.00000 ,
9.33333 ,19.80000 ,
9.33333 ,19.00000 ,
9.33333 ,18.50000 ,
9.33333 ,18.00000 ,
9.33333 ,17.20000 ,
9.33333 ,16.00000 ,
9.33333 ,14.60000 ,
9.33333 ,13.20000 ,
9.33333 ,11.80000 ,
9.33333 ,11.00000 ,
9.33333 ,10.20000 ,
9.33333 ,9.00000 ,
9.33333 ,7.93333 ,
9.33333 ,6.86667 ,
9.33333 ,5.80000 ,
9.33333 ,5.00000 ,
9.33333 ,4.33333 ,
9.33333 ,3.66667 ,
9.33333 ,3.00000 ,
9.33333 ,2.50000 ,
9.33333 ,2.00000 ,
9.33333 ,1.50000 ,
9.33333 ,1.00000 ,
9.33333 ,0.50000 ,
9.33333 ,0.00000 ,
9.68949 ,43.00000 ,
9.68590 ,42.50000 ,
9.67608 ,42.00000 ,
9.66387 ,41.50000 ,
9.66351 ,41.00000 ,
9.71040 ,40.50000 ,
10.00000 ,40.00000 ,
10.00000 ,39.20000 ,
10.00000 ,38.00000 ,
10.00000 ,36.66667 ,
10.00000 ,35.33333 ,
10.00000 ,34.00000 ,
10.00000 ,32.80000 ,
10.00000 ,32.00000 ,
10.00000 ,31.33333 ,
10.00000 ,30.66667 ,
10.00000 ,30.00000 ,
10.00000 ,29.20000 ,
10.00000 ,28.00000 ,
10.00000 ,26.20000 ,
10.00000 ,24.46667 ,
10.00000 ,22.73333 ,
10.00000 ,21.00000 ,
10.00000 ,19.80000 ,
10.00000 ,19.00000 ,
10.00000 ,18.50000 ,
10.00000 ,18.00000 ,
10.00000 ,17.20000 ,
10.00000 ,16.00000 ,
10.00000 ,14.60000 ,
10.00000 ,13.20000 ,
10.00000 ,11.80000 ,
10.00000 ,11.00000 ,
10.00000 ,10.20000 ,
10.00000 ,9.00000 ,
10.00000 ,7.93333 ,
10.00000 ,6.86667 ,
10.00000 ,5.80000 ,
10.00000 ,5.00000 ,
10.00000 ,4.33333 ,
10.00000 ,3.66667 ,
10.00000 ,3.00000 ,
10.00000 ,2.50000 ,
10.00000 ,2.00000 ,
10.00000 ,1.50000 ,
10.00000 ,1.00000 ,
10.00000 ,0.50000 ,
10.00000 ,0.00000 ,
10.54182 ,43.00000 ,
10.54236 ,42.50000 ,
10.54566 ,42.00000 ,
10.55795 ,41.50000 ,
10.59299 ,41.00000 ,
10.67809 ,40.50000 ,
10.80000 ,40.00000 ,
10.80000 ,39.20000 ,
10.80000 ,38.00000 ,
10.80000 ,36.66667 ,
10.80000 ,35.33333 ,
10.80000 ,34.00000 ,
10.80000 ,32.80000 ,
10.80000 ,32.00000 ,
10.80000 ,31.33333 ,
10.80000 ,30.66667 ,
10.80000 ,30.00000 ,
10.80000 ,29.20000 ,
10.80000 ,28.00000 ,
10.80000 ,26.20000 ,
10.80000 ,24.46667 ,
10.80000 ,22.73333 ,
10.80000 ,21.00000 ,
10.80000 ,19.80000 ,
10.80000 ,19.00000 ,
10.80000 ,18.50000 ,
10.80000 ,18.00000 ,
10.80000 ,17.20000 ,
10.80000 ,16.00000 ,
10.80000 ,14.60000 ,
10.80000 ,13.20000 ,
10.80000 ,11.80000 ,
10.80000 ,11.00000 ,
10.80000 ,10.20000 ,
10.80000 ,9.00000 ,
10.80000 ,7.93333 ,
10.80000 ,6.86667 ,
10.80000 ,5.80000 ,
10.80000 ,5.00000 ,
10.80000 ,4.33333 ,
10.80000 ,3.66667 ,
10.80000 ,3.00000 ,
10.80000 ,2.50000 ,
10.80000 ,2.00000 ,
10.80000 ,1.50000 ,
10.80000 ,1.00000 ,
10.80000 ,0.50000 ,
10.80000 ,0.00000 ,
11.81862 ,43.00000 ,
11.82212 ,42.50000 ,
11.83367 ,42.00000 ,
11.85614 ,41.50000 ,
11.89295 ,41.00000 ,
11.94228 ,40.50000 ,
12.00000 ,40.00000 ,
12.00000 ,39.20000 ,
12.00000 ,38.00000 ,
12.00000 ,36.66667 ,
12.00000 ,35.33333 ,
12.00000 ,34.00000 ,
12.00000 ,32.80000 ,
12.00000 ,32.00000 ,
12.00000 ,31.33333 ,
12.00000 ,30.66667 ,
12.00000 ,30.00000 ,
12.00000 ,29.20000 ,
12.00000 ,28.00000 ,
12.00000 ,26.20000 ,
12.00000 ,24.46667 ,
12.00000 ,22.73333 ,
12.00000 ,21.00000 ,
12.00000 ,19.80000 ,
12.00000 ,19.00000 ,
12.00000 ,18.50000 ,
12.00000 ,18.00000 ,
12.00000 ,17.20000 ,
12.00000 ,16.00000 ,
12.00000 ,14.60000 ,
12.00000 ,13.20000 ,
12.00000 ,11.80000 ,
12.00000 ,11.00000 ,
12.00000 ,10.20000 ,
12.00000 ,9.00000 ,
12.00000 ,7.93333 ,
12.00000 ,6.86667 ,
12.00000 ,5.80000 ,
12.00000 ,5.00000 ,
12.00000 ,4.33333 ,
12.00000 ,3.66667 ,
12.00000 ,3.00000 ,
12.00000 ,2.50000 ,
12.00000 ,2.00000 ,
12.00000 ,1.50000 ,
12.00000 ,1.00000 ,
12.00000 ,0.50000 ,
12.00000 ,0.00000 ,
13.56450 ,43.00000 ,
13.56770 ,42.50000 ,
13.57727 ,42.00000 ,
13.59301 ,41.50000 ,
13.61403 ,41.00000 ,
13.63927 ,40.50000 ,
13.66667 ,40.00000 ,
13.66667 ,39.20000 ,
13.66667 ,38.00000 ,
13.66667 ,36.66667 ,
13.66667 ,35.33333 ,
13.66667 ,34.00000 ,
13.66667 ,32.80000 ,
13.66667 ,32.00000 ,
13.66667 ,31.33333 ,
13.66667 ,30.66667 ,
13.66667 ,30.00000 ,
13.66667 ,29.20000 ,
13.66667 ,28.00000 ,
13.66667 ,26.20000 ,
13.66667 ,24.46667 ,
13.66667 ,22.73333 ,
13.66667 ,21.00000 ,
13.66667 ,19.80000 ,
13.66667 ,19.00000 ,
13.66667 ,18.50000 ,
13.66667 ,18.00000 ,
13.66667 ,17.20000 ,
13.66667 ,16.00000 ,
13.66667 ,14.60000 ,
13.66667 ,13.20000 ,
13.66667 ,11.80000 ,
13.66667 ,11.00000 ,
13.66667 ,10.20000 ,
13.66667 ,9.00000 ,
13.66667 ,7.93333 ,
13.66667 ,6.86667 ,
13.66667 ,5.80000 ,
13.66667 ,5.00000 ,
13.66667 ,4.33333 ,
13.66667 ,3.66667 ,
13.66667 ,3.00000 ,
13.66667 ,2.50000 ,
13.66667 ,2.00000 ,
13.66667 ,1.50000 ,
13.66667 ,1.00000 ,
13.66667 ,0.50000 ,
13.66667 ,0.00000 ,
15.27706 ,43.00000 ,
15.27895 ,42.50000 ,
15.28452 ,42.00000 ,
15.29340 ,41.50000 ,
15.30506 ,41.00000 ,
15.31867 ,40.50000 ,
15.33333 ,40.00000 ,
15.33333 ,39.20000 ,
15.33333 ,38.00000 ,
15.33333 ,36.66667 ,
15.33333 ,35.33333 ,
15.33333 ,34.00000 ,
15.33333 ,32.80000 ,
15.33333 ,32.00000 ,
15.33333 ,31.33333 ,
15.33333 ,30.66667 ,
15.33333 ,30.00000 ,
15.33333 ,29.20000 ,
15.33333 ,28.00000 ,
15.33333 ,26.20000 ,
15.33333 ,24.46667 ,
15.33333 ,22.73333 ,
15.33333 ,21.00000 ,
15.33333 ,19.80000 ,
15.33333 ,19.00000 ,
15.33333 ,18.50000 ,
15.33333 ,18.00000 ,
15.33333 ,17.20000 ,
15.33333 ,16.00000 ,
15.33333 ,14.60000 ,
15.33333 ,13.20000 ,
15.33333 ,11.80000 ,
15.33333 ,11.00000 ,
15.33333 ,10.20000 ,
15.33333 ,9.00000 ,
15.33333 ,7.93333 ,
15.33333 ,6.86667 ,
15.33333 ,5.80000 ,
15.33333 ,5.00000 ,
15.33333 ,4.33333 ,
15.33333 ,3.66667 ,
15.33333 ,3.00000 ,
15.33333 ,2.50000 ,
15.33333 ,2.00000 ,
15.33333 ,1.50000 ,
15.33333 ,1.00000 ,
15.33333 ,0.50000 ,
15.33333 ,0.00000 ,
16.96746 ,43.00000 ,
16.96856 ,42.50000 ,
16.97179 ,42.00000 ,
16.97694 ,41.50000 ,
16.98367 ,41.00000 ,
16.99154 ,40.50000 ,
17.00000 ,40.00000 ,
17.00000 ,39.20000 ,
17.00000 ,38.00000 ,
17.00000 ,36.66667 ,
17.00000 ,35.33333 ,
17.00000 ,34.00000 ,
17.00000 ,32.80000 ,
17.00000 ,32.00000 ,
17.00000 ,31.33333 ,
17.00000 ,30.66667 ,
17.00000 ,30.00000 ,
17.00000 ,29.20000 ,
17.00000 ,28.00000 ,
17.00000 ,26.20000 ,
17.00000 ,24.46667 ,
17.00000 ,22.73333 ,
17.00000 ,21.00000 ,
17.00000 ,19.80000 ,
17.00000 ,19.00000 ,
17.00000 ,18.50000 ,
17.00000 ,18.00000 ,
17.00000 ,17.20000 ,
17.00000 ,16.00000 ,
17.00000 ,14.60000 ,
17.00000 ,13.20000 ,
17.00000 ,11.80000 ,
17.00000 ,11.00000 ,
17.00000 ,10.20000 ,
17.00000 ,9.00000 ,
17.00000 ,7.93333 ,
17.00000 ,6.86667 ,
17.00000 ,5.80000 ,
17.00000 ,5.00000 ,
17.00000 ,4.33333 ,
17.00000 ,3.66667 ,
17.00000 ,3.00000 ,
17.00000 ,2.50000 ,
17.00000 ,2.00000 ,
17.00000 ,1.50000 ,
17.00000 ,1.00000 ,
17.00000 ,0.50000 ,
17.00000 ,0.00000 ,
18.17613 ,43.00000 ,
18.17692 ,42.50000 ,
18.17926 ,42.00000 ,
18.18298 ,41.50000 ,
18.18786 ,41.00000 ,
18.19367 ,40.50000 ,
18.20000 ,40.00000 ,
18.20000 ,39.20000 ,
18.20000 ,38.00000 ,
18.20000 ,36.66667 ,
18.20000 ,35.33333 ,
18.20000 ,34.00000 ,
18.20000 ,32.80000 ,
18.20000 ,32.00000 ,
18.20000 ,31.33333 ,
18.20000 ,30.66667 ,
18.20000 ,30.00000 ,
18.20000 ,29.20000 ,
18.20000 ,28.00000 ,
18.20000 ,26.20000 ,
18.20000 ,24.46667 ,
18.20000 ,22.73333 ,
18.20000 ,21.00000 ,
18.20000 ,19.80000 ,
18.20000 ,19.00000 ,
18.20000 ,18.50000 ,
18.20000 ,18.00000 ,
18.20000 ,17.20000 ,
18.20000 ,16.00000 ,
18.20000 ,14.60000 ,
18.20000 ,13.20000 ,
18.20000 ,11.80000 ,
18.20000 ,11.00000 ,
18.20000 ,10.20000 ,
18.20000 ,9.00000 ,
18.20000 ,7.93333 ,
18.20000 ,6.86667 ,
18.20000 ,5.80000 ,
18.20000 ,5.00000 ,
18.20000 ,4.33333 ,
18.20000 ,3.66667 ,
18.20000 ,3.00000 ,
18.20000 ,2.50000 ,
18.20000 ,2.00000 ,
18.20000 ,1.50000 ,
18.20000 ,1.00000 ,
18.20000 ,0.50000 ,
18.20000 ,0.00000 ,
18.97918 ,43.00000 ,
18.97987 ,42.50000 ,
18.98187 ,42.00000 ,
18.98505 ,41.50000 ,
18.98919 ,41.00000 ,
18.99393 ,40.50000 ,
19.00000 ,40.00000 ,
19.00000 ,39.20000 ,
19.00000 ,38.00000 ,
19.00000 ,36.66667 ,
19.00000 ,35.33333 ,
19.00000 ,34.00000 ,
19.00000 ,32.80000 ,
19.00000 ,32.00000 ,
19.00000 ,31.33333 ,
19.00000 ,30.66667 ,
19.00000 ,30.00000 ,
19.00000 ,29.20000 ,
19.00000 ,28.00000 ,
19.00000 ,26.20000 ,
19.00000 ,24.46667 ,
19.00000 ,22.73333 ,
19.00000 ,21.00000 ,
19.00000 ,19.80000 ,
19.00000 ,19.00000 ,
19.00000 ,18.50000 ,
19.00000 ,18.00000 ,
19.00000 ,17.20000 ,
19.00000 ,16.00000 ,
19.00000 ,14.60000 ,
19.00000 ,13.20000 ,
19.00000 ,11.80000 ,
19.00000 ,11.00000 ,
19.00000 ,10.20000 ,
19.00000 ,9.00000 ,
19.00000 ,7.93333 ,
19.00000 ,6.86667 ,
19.00000 ,5.80000 ,
19.00000 ,5.00000 ,
19.00000 ,4.33333 ,
19.00000 ,3.66667 ,
19.00000 ,3.00000 ,
19.00000 ,2.50000 ,
19.00000 ,2.00000 ,
19.00000 ,1.50000 ,
19.00000 ,1.00000 ,
19.00000 ,0.50000 ,
19.00000 ,0.00000 ,
19.31324 ,43.00000 ,
19.31390 ,42.50000 ,
19.31583 ,42.00000 ,
19.31887 ,41.50000 ,
19.32279 ,41.00000 ,
19.32732 ,40.50000 ,
19.33158 ,40.00000 ,
19.33322 ,39.20000 ,
19.33332 ,38.00000 ,
19.33333 ,36.66667 ,
19.33333 ,35.33333 ,
19.33333 ,34.00000 ,
19.33333 ,32.80000 ,
19.33333 ,32.00000 ,
19.33333 ,31.33333 ,
19.33333 ,30.66667 ,
19.33333 ,30.00000 ,
19.33333 ,29.20000 ,
19.33333 ,28.00000 ,
19.33333 ,26.20000 ,
19.33333 ,24.46667 ,
19.33333 ,22.73333 ,
19.33333 ,21.00000 ,
19.33333 ,19.80000 ,
19.33333 ,19.00000 ,
19.33333 ,18.50000 ,
19.33333 ,18.00000 ,
19.33333 ,17.20000 ,
19.33333 ,16.00000 ,
19.33333 ,14.60000 ,
19.33333 ,13.20000 ,
19.33333 ,11.80000 ,
19.33333 ,11.00000 ,
19.33333 ,10.20000 ,
19.33333 ,9.00000 ,
19.33333 ,7.93333 ,
19.33333 ,6.86667 ,
19.33333 ,5.80000 ,
19.33333 ,5.00000 ,
19.33333 ,4.33333 ,
19.33333 ,3.66667 ,
19.33333 ,3.00000 ,
19.33333 ,2.50000 ,
19.33333 ,2.00000 ,
19.33333 ,1.50000 ,
19.33333 ,1.00000 ,
19.33333 ,0.50000 ,
19.33333 ,0.00000 ,
19.64702 ,43.00000 ,
19.64766 ,42.50000 ,
19.64954 ,42.00000 ,
19.65250 ,41.50000 ,
19.65630 ,41.00000 ,
19.66052 ,40.50000 ,
19.66414 ,40.00000 ,
19.66639 ,39.20000 ,
19.66668 ,38.00000 ,
19.66667 ,36.66667 ,
19.66667 ,35.33333 ,
19.66667 ,34.00000 ,
19.66667 ,32.80000 ,
19.66667 ,32.00000 ,
19.66667 ,31.33333 ,
19.66667 ,30.66667 ,
19.66667 ,30.00000 ,
19.66667 ,29.20000 ,
19.66667 ,28.00000 ,
19.66667 ,26.20000 ,
19.66667 ,24.46667 ,
19.66667 ,22.73333 ,
19.66667 ,21.00000 ,
19.66667 ,19.80000 ,
19.66667 ,19.00000 ,
19.66667 ,18.50000 ,
19.66667 ,18.00000 ,
19.66667 ,17.20000 ,
19.66667 ,16.00000 ,
19.66667 ,14.60000 ,
19.66667 ,13.20000 ,
19.66667 ,11.80000 ,
19.66667 ,11.00000 ,
19.66667 ,10.20000 ,
19.66667 ,9.00000 ,
19.66667 ,7.93333 ,
19.66667 ,6.86667 ,
19.66667 ,5.80000 ,
19.66667 ,5.00000 ,
19.66667 ,4.33333 ,
19.66667 ,3.66667 ,
19.66667 ,3.00000 ,
19.66667 ,2.50000 ,
19.66667 ,2.00000 ,
19.66667 ,1.50000 ,
19.66667 ,1.00000 ,
19.66667 ,0.50000 ,
19.66667 ,0.00000 ,
19.98049 ,43.00000 ,
19.98113 ,42.50000 ,
19.98299 ,42.00000 ,
19.98592 ,41.50000 ,
19.98969 ,41.00000 ,
19.99379 ,40.50000 ,
19.99724 ,40.00000 ,
19.99965 ,39.20000 ,
20.00002 ,38.00000 ,
20.00000 ,36.66667 ,
20.00000 ,35.33333 ,
20.00000 ,34.00000 ,
20.00000 ,32.80000 ,
20.00000 ,32.00000 ,
20.00000 ,31.33333 ,
20.00000 ,30.66667 ,
20.00000 ,30.00000 ,
20.00000 ,29.20000 ,
20.00000 ,28.00000 ,
20.00000 ,26.20000 ,
20.00000 ,24.46667 ,
20.00000 ,22.73333 ,
20.00000 ,21.00000 ,
20.00000 ,19.80000 ,
20.00000 ,19.00000 ,
20.00000 ,18.50000 ,
20.00000 ,18.00000 ,
20.00000 ,17.20000 ,
20.00000 ,16.00000 ,
20.00000 ,14.60000 ,
20.00000 ,13.20000 ,
20.00000 ,11.80000 ,
20.00000 ,11.00000 ,
20.00000 ,10.20000 ,
20.00000 ,9.00000 ,
20.00000 ,7.93333 ,
20.00000 ,6.86667 ,
20.00000 ,5.80000 ,
20.00000 ,5.00000 ,
20.00000 ,4.33333 ,
20.00000 ,3.66667 ,
20.00000 ,3.00000 ,
20.00000 ,2.50000 ,
20.00000 ,2.00000 ,
20.00000 ,1.50000 ,
20.00000 ,1.00000 ,
20.00000 ,0.50000 ,
20.00000 ,0.00000 ,
1,245,coil
246,659,frame
660,816,plung
817,1222,soft
