quadrangle
//Number_of_Node
325
//Number_of_Element
295
//Number_of_Region
3
//Factor
1.0
74,75,149,152,
74,152,151,73,
149,150,151,152,
150,146,147,151,
151,147,148,153,
151,153,72,73,
148,71,72,153,
76,77,137,154,
76,154,149,75,
137,138,149,154,
139,140,146,150,
150,149,138,139,
146,140,141,142,
142,143,147,146,
143,144,148,147,
145,69,70,155,
145,155,148,144,
70,71,148,155,
142,141,131,132,
132,133,143,142,
133,134,144,143,
136,67,68,156,
136,156,145,135,
68,69,145,156,
145,144,134,135,
137,77,78,118,
118,119,138,137,
119,120,139,138,
120,121,140,139,
121,122,141,140,
122,123,131,141,
159,134,133,160,
159,160,126,127,
133,132,126,160,
158,135,134,159,
159,127,128,158,
132,131,125,126,
157,136,135,158,
158,128,129,157,
131,123,124,125,
130,64,65,161,
130,161,157,129,
65,66,157,161,
66,67,136,157,
162,130,129,163,
162,163,108,109,
129,128,108,163,
128,127,107,108,
63,162,109,110,
110,62,63,63,
63,64,130,162,
127,126,106,107,
126,125,105,106,
125,124,104,105,
119,118,164,165,
119,165,113,120,
164,112,113,165,
113,114,121,120,
111,112,164,79,
79,80,111,111,
164,118,78,79,
114,115,122,121,
115,116,123,122,
116,117,124,123,
117,103,104,124,
166,167,170,171,
166,171,112,111,
170,169,112,171,
170,167,168,172,
170,172,88,169,
168,87,88,172,
113,112,169,173,
113,173,89,114,
169,88,89,173,
89,205,115,114,
174,168,167,175,
174,175,81,82,
167,166,81,175,
166,111,80,81,
86,87,168,174,
174,82,83,86,
90,91,116,115,
91,92,117,116,
92,93,103,117,
176,177,180,181,
176,181,100,101,
180,179,100,181,
180,177,178,182,
180,182,109,179,
178,110,109,182,
179,109,108,183,
179,183,204,100,
108,107,99,183,
107,106,98,99,
106,105,97,98,
177,176,184,185,
177,185,61,178,
184,60,61,185,
61,62,110,178,
102,59,60,184,
184,176,101,102,
105,104,96,97,
104,103,95,96,
103,93,94,95,
188,57,58,189,
189,186,187,188,
102,101,186,189,
189,58,59,102,
55,56,57,188,
188,187,54,55,
186,101,100,190,
190,191,187,186,
191,53,54,187,
191,190,193,192,
192,193,99,52,
191,192,52,53,
190,100,204,193,
99,98,51,52,
98,97,50,51,
96,95,48,49,
49,50,97,96,
95,94,47,48,
198,199,201,200,
200,201,37,90,
198,200,205,89,
199,38,37,201,
37,36,91,90,
36,35,92,91,
35,34,93,92,
198,89,88,196,
196,197,199,198,
197,39,38,199,
34,33,94,93,
196,88,87,194,
194,195,197,196,
195,40,39,197,
202,195,194,203,
203,84,85,202,
86,83,84,203,
203,194,87,86,
41,40,195,202,
202,85,42,41,
33,32,47,94,
193,204,183,99,
205,200,90,115,
56,206,238,57,
206,207,239,238,
207,208,209,239,
57,238,240,58,
238,239,241,240,
239,209,210,241,
58,240,242,59,
240,241,243,242,
241,210,211,243,
59,242,244,60,
242,243,245,244,
243,211,212,245,
60,244,246,61,
244,245,247,246,
245,212,213,247,
61,246,248,62,
246,247,249,248,
247,213,214,249,
80,284,286,81,
284,285,287,286,
285,232,233,287,
81,286,288,82,
286,287,289,288,
287,233,234,289,
82,288,290,83,
288,289,291,290,
289,234,235,291,
83,290,292,84,
290,291,293,292,
291,235,236,293,
84,292,294,85,
292,293,295,294,
293,236,237,295,
85,294,43,42,
294,295,44,43,
295,237,45,44,
45,237,325,46,
237,236,324,325,
236,235,323,324,
235,234,322,323,
234,233,321,322,
233,232,320,321,
214,213,301,302,
213,212,300,301,
212,211,299,300,
211,210,298,299,
210,209,297,298,
209,208,296,297,
62,248,250,63,
248,249,251,250,
249,214,215,251,
63,250,252,64,
250,251,253,252,
251,215,216,253,
64,252,254,65,
252,253,255,254,
253,216,217,255,
65,254,256,66,
254,255,257,256,
255,217,218,257,
66,256,258,67,
256,257,259,258,
257,218,219,259,
67,258,260,68,
258,259,261,260,
259,219,220,261,
68,260,262,69,
260,261,263,262,
261,220,221,263,
69,262,264,70,
262,263,265,264,
263,221,222,265,
70,264,266,71,
264,265,267,266,
265,222,223,267,
71,266,268,72,
266,267,269,268,
267,223,224,269,
72,268,270,73,
268,269,271,270,
269,224,225,271,
73,270,272,74,
270,271,273,272,
271,225,226,273,
74,272,274,75,
272,273,275,274,
273,226,227,275,
75,274,276,76,
274,275,277,276,
275,227,228,277,
76,276,278,77,
276,277,279,278,
277,228,229,279,
77,278,280,78,
278,279,281,280,
279,229,230,281,
78,280,282,79,
280,281,283,282,
281,230,231,283,
79,282,284,80,
282,283,285,284,
283,231,232,285,
232,231,319,320,
231,230,318,319,
230,229,317,318,
229,228,316,317,
228,227,315,316,
227,226,314,315,
226,225,313,314,
225,224,312,313,
224,223,311,312,
223,222,310,311,
222,221,309,310,
221,220,308,309,
220,219,307,308,
219,218,306,307,
218,217,305,306,
217,216,304,305,
216,215,303,304,
215,214,302,303,
46,325,14,3,
325,324,15,14,
324,323,16,15,
323,322,17,16,
322,321,18,17,
321,320,19,18,
320,319,20,19,
319,318,21,20,
318,317,22,21,
317,316,4,22,
316,315,5,4,
315,314,6,5,
314,313,7,6,
313,312,8,7,
312,311,9,8,
311,310,10,9,
310,309,11,10,
309,308,12,11,
308,307,13,12,
307,306,1,13,
306,305,23,1,
305,304,24,23,
304,303,25,24,
303,302,26,25,
302,301,27,26,
301,300,28,27,
300,299,29,28,
299,298,30,29,
298,297,31,30,
297,296,2,31,
0.034641020 ,0.020000000 ,
0.040000000 ,0.000000000 ,
0.000000000 ,0.040000000 ,
0.020000000 ,0.034641020 ,
0.021771110 ,0.033556200 ,
0.023492770 ,0.032374220 ,
0.025157110 ,0.031098550 ,
0.026756630 ,0.029733530 ,
0.028284270 ,0.028284270 ,
0.029733530 ,0.026756630 ,
0.031098550 ,0.025157110 ,
0.032374220 ,0.023492770 ,
0.033556200 ,0.021771110 ,
0.001947761 ,0.039952550 ,
0.003928052 ,0.039806660 ,
0.005934165 ,0.039557370 ,
0.007958666 ,0.039200250 ,
0.009993447 ,0.038731520 ,
0.012029780 ,0.038148190 ,
0.014058420 ,0.037448110 ,
0.016069670 ,0.036630120 ,
0.018053580 ,0.035694090 ,
0.035694090 ,0.018053580 ,
0.036630120 ,0.016069670 ,
0.037448110 ,0.014058420 ,
0.038148190 ,0.012029780 ,
0.038731520 ,0.009993447 ,
0.039200250 ,0.007958666 ,
0.039557370 ,0.005934165 ,
0.039806660 ,0.003928052 ,
0.039952550 ,0.001947761 ,
0.000000000 ,0.000000000 ,
0.000000000 ,0.005085673 ,
0.000000000 ,0.009586940 ,
0.000000000 ,0.013570960 ,
0.000000000 ,0.017097170 ,
0.000000000 ,0.020218170 ,
0.000000000 ,0.022980540 ,
0.000000000 ,0.025425470 ,
0.000000000 ,0.027589460 ,
0.000000000 ,0.029504780 ,
0.000000000 ,0.031200000 ,
0.000000000 ,0.033280000 ,
0.000000000 ,0.035360000 ,
0.000000000 ,0.037440000 ,
0.000000000 ,0.039520000 ,
0.005085673 ,0.000000000 ,
0.009586940 ,0.000000000 ,
0.013570960 ,0.000000000 ,
0.017097170 ,0.000000000 ,
0.020218170 ,0.000000000 ,
0.022980540 ,0.000000000 ,
0.025425470 ,0.000000000 ,
0.027589460 ,0.000000000 ,
0.029504780 ,0.000000000 ,
0.031200000 ,0.000000000 ,
0.031164670 ,0.001484442 ,
0.031056080 ,0.002993226 ,
0.030870630 ,0.004521488 ,
0.030605060 ,0.006063845 ,
0.030256570 ,0.007614430 ,
0.029822940 ,0.009166932 ,
0.029302490 ,0.010714660 ,
0.028694300 ,0.012250610 ,
0.027998120 ,0.013767540 ,
0.027214520 ,0.015258100 ,
0.026344870 ,0.016714880 ,
0.025391370 ,0.018130590 ,
0.024357020 ,0.019498100 ,
0.023245620 ,0.020810610 ,
0.022061730 ,0.022061730 ,
0.020810610 ,0.023245620 ,
0.019498100 ,0.024357020 ,
0.018130590 ,0.025391370 ,
0.016714880 ,0.026344870 ,
0.015258100 ,0.027214520 ,
0.013767540 ,0.027998120 ,
0.012250610 ,0.028694300 ,
0.010714660 ,0.029302490 ,
0.009166932 ,0.029822940 ,
0.007614430 ,0.030256570 ,
0.006063845 ,0.030605060 ,
0.004521488 ,0.030870630 ,
0.002993226 ,0.031056080 ,
0.001484442 ,0.031164670 ,
0.004623854 ,0.029356370 ,
0.004967304 ,0.027840110 ,
0.005778027 ,0.026169120 ,
0.006453327 ,0.023718780 ,
0.003750433 ,0.019390950 ,
0.003792774 ,0.016254670 ,
0.003909618 ,0.012691050 ,
0.004129808 ,0.008783486 ,
0.004477544 ,0.004525835 ,
0.008692001 ,0.004239364 ,
0.012578910 ,0.004104067 ,
0.016157770 ,0.004093450 ,
0.019517210 ,0.004216575 ,
0.022844740 ,0.004540379 ,
0.026915390 ,0.005212266 ,
0.028214010 ,0.004667820 ,
0.029529050 ,0.004516359 ,
0.008108463 ,0.008316924 ,
0.011880010 ,0.008085670 ,
0.015435850 ,0.008050149 ,
0.018819590 ,0.008203626 ,
0.021960690 ,0.008372416 ,
0.024731130 ,0.009147373 ,
0.027077480 ,0.008674339 ,
0.028762470 ,0.009089306 ,
0.009217332 ,0.028704240 ,
0.009000226 ,0.026918900 ,
0.009624396 ,0.024677020 ,
0.008658200 ,0.022287030 ,
0.007347351 ,0.019539740 ,
0.007455966 ,0.015818500 ,
0.007724517 ,0.012176650 ,
0.012197070 ,0.026921190 ,
0.012167060 ,0.025282310 ,
0.011730710 ,0.023551840 ,
0.011287470 ,0.021291280 ,
0.010862740 ,0.018562370 ,
0.010990140 ,0.015353970 ,
0.011364610 ,0.011849980 ,
0.014852550 ,0.011812620 ,
0.018376210 ,0.012177360 ,
0.021401590 ,0.011538520 ,
0.023830720 ,0.011712720 ,
0.025627240 ,0.012138300 ,
0.027154450 ,0.012066360 ,
0.014197960 ,0.015146140 ,
0.017074630 ,0.015321110 ,
0.019197970 ,0.015889590 ,
0.021201180 ,0.016045710 ,
0.023178810 ,0.016104450 ,
0.024904300 ,0.016125300 ,
0.013694510 ,0.026521300 ,
0.013883390 ,0.024935620 ,
0.013880980 ,0.023021250 ,
0.013812240 ,0.020734550 ,
0.013859080 ,0.018130330 ,
0.016496620 ,0.018042720 ,
0.018802450 ,0.018197590 ,
0.020966540 ,0.018277930 ,
0.023064360 ,0.018257950 ,
0.016231860 ,0.020550640 ,
0.018529930 ,0.020556380 ,
0.020778390 ,0.020609310 ,
0.015798300 ,0.024953390 ,
0.016051940 ,0.022844850 ,
0.018292680 ,0.022884380 ,
0.017408260 ,0.024407030 ,
0.019962190 ,0.022244990 ,
0.014917160 ,0.026226460 ,
0.022364600 ,0.019892750 ,
0.024455160 ,0.017506200 ,
0.025643970 ,0.014171530 ,
0.023524290 ,0.013971350 ,
0.021461430 ,0.013894200 ,
0.019679070 ,0.013991650 ,
0.026929120 ,0.013334420 ,
0.027352140 ,0.010511830 ,
0.025911340 ,0.010614740 ,
0.010689220 ,0.027214350 ,
0.010816720 ,0.025710720 ,
0.007972490 ,0.028771580 ,
0.007022312 ,0.028447290 ,
0.006044297 ,0.028226610 ,
0.007469386 ,0.026356580 ,
0.007210933 ,0.027432800 ,
0.008069719 ,0.027708250 ,
0.006356716 ,0.027277140 ,
0.007824879 ,0.024898060 ,
0.005895958 ,0.029386530 ,
0.006836751 ,0.029357740 ,
0.028513970 ,0.005810299 ,
0.028622290 ,0.006784532 ,
0.028880690 ,0.007826633 ,
0.026638130 ,0.006762534 ,
0.027710220 ,0.006836230 ,
0.027684710 ,0.005927995 ,
0.027868650 ,0.007762690 ,
0.024953040 ,0.006413344 ,
0.029515410 ,0.005769298 ,
0.029466830 ,0.006734691 ,
0.027988950 ,0.003217273 ,
0.027774670 ,0.001613786 ,
0.029488890 ,0.001544489 ,
0.029505500 ,0.003057677 ,
0.026441200 ,0.003457817 ,
0.026072500 ,0.001734937 ,
0.024630820 ,0.001816734 ,
0.024877110 ,0.003751587 ,
0.003380941 ,0.027604490 ,
0.001707718 ,0.027528780 ,
0.003767037 ,0.025732960 ,
0.001844409 ,0.025533310 ,
0.003998236 ,0.023615300 ,
0.001959857 ,0.023473150 ,
0.003916739 ,0.021595260 ,
0.001943284 ,0.021753980 ,
0.001580036 ,0.029384850 ,
0.003149213 ,0.029350870 ,
0.025555420 ,0.005102317 ,
0.005879711 ,0.021599270 ,
0.033280000 ,0.000000000 ,
0.035360000 ,0.000000000 ,
0.037440000 ,0.000000000 ,
0.037397600 ,0.001781331 ,
0.037267310 ,0.003591872 ,
0.037044760 ,0.005425786 ,
0.036726070 ,0.007276614 ,
0.036307900 ,0.009137315 ,
0.035787520 ,0.011000320 ,
0.035162990 ,0.012857590 ,
0.034433150 ,0.014700730 ,
0.033597740 ,0.016521060 ,
0.032657440 ,0.018309720 ,
0.031613860 ,0.020057870 ,
0.030469650 ,0.021756710 ,
0.029228420 ,0.023397710 ,
0.027894740 ,0.024972720 ,
0.026474070 ,0.026474070 ,
0.024972720 ,0.027894740 ,
0.023397710 ,0.029228420 ,
0.021756710 ,0.030469650 ,
0.020057870 ,0.031613860 ,
0.018309720 ,0.032657440 ,
0.016521060 ,0.033597740 ,
0.014700730 ,0.034433150 ,
0.012857590 ,0.035162990 ,
0.011000320 ,0.035787520 ,
0.009137315 ,0.036307900 ,
0.007276614 ,0.036726070 ,
0.005425786 ,0.037044760 ,
0.003591872 ,0.037267310 ,
0.001781331 ,0.037397600 ,
0.033242310 ,0.001583405 ,
0.035319960 ,0.001682367 ,
0.033126500 ,0.003192775 ,
0.035196900 ,0.003392323 ,
0.032928680 ,0.004822921 ,
0.034986720 ,0.005124354 ,
0.032645400 ,0.006468101 ,
0.034685740 ,0.006872357 ,
0.032273690 ,0.008122058 ,
0.034290790 ,0.008629687 ,
0.031811120 ,0.009778061 ,
0.033799320 ,0.010389190 ,
0.031255990 ,0.011428980 ,
0.033209490 ,0.012143280 ,
0.030607250 ,0.013067320 ,
0.032520200 ,0.013884020 ,
0.029864660 ,0.014685380 ,
0.031731200 ,0.015603210 ,
0.029028820 ,0.016275300 ,
0.030843120 ,0.017292520 ,
0.028101210 ,0.017829210 ,
0.029857530 ,0.018943540 ,
0.027084130 ,0.019339290 ,
0.028776890 ,0.020548000 ,
0.025980820 ,0.020797970 ,
0.027604620 ,0.022097840 ,
0.024795330 ,0.022197980 ,
0.026345030 ,0.023585350 ,
0.023532520 ,0.023532520 ,
0.025003300 ,0.025003300 ,
0.022197980 ,0.024795330 ,
0.023585350 ,0.026345030 ,
0.020797970 ,0.025980820 ,
0.022097840 ,0.027604620 ,
0.019339290 ,0.027084130 ,
0.020548000 ,0.028776890 ,
0.017829210 ,0.028101210 ,
0.018943540 ,0.029857530 ,
0.016275300 ,0.029028820 ,
0.017292520 ,0.030843120 ,
0.014685380 ,0.029864660 ,
0.015603210 ,0.031731200 ,
0.013067320 ,0.030607250 ,
0.013884020 ,0.032520200 ,
0.011428980 ,0.031255990 ,
0.012143280 ,0.033209490 ,
0.009778061 ,0.031811120 ,
0.010389190 ,0.033799320 ,
0.008122058 ,0.032273690 ,
0.008629687 ,0.034290790 ,
0.006468101 ,0.032645400 ,
0.006872357 ,0.034685740 ,
0.004822921 ,0.032928680 ,
0.005124354 ,0.034986720 ,
0.003192775 ,0.033126500 ,
0.003392323 ,0.035196900 ,
0.001583405 ,0.033242310 ,
0.001682367 ,0.035319960 ,
0.039520000 ,0.000000000 ,
0.039475250 ,0.001880293 ,
0.039337710 ,0.003791420 ,
0.039102800 ,0.005727219 ,
0.038766420 ,0.007680870 ,
0.038325000 ,0.009644944 ,
0.037775710 ,0.011611440 ,
0.037116490 ,0.013571910 ,
0.036346110 ,0.015517430 ,
0.035464280 ,0.017438890 ,
0.034471740 ,0.019326920 ,
0.033370180 ,0.021172180 ,
0.032162410 ,0.022965420 ,
0.030852220 ,0.024697590 ,
0.029444450 ,0.026360100 ,
0.027944860 ,0.027944860 ,
0.026360100 ,0.029444450 ,
0.024697590 ,0.030852220 ,
0.022965420 ,0.032162410 ,
0.021172180 ,0.033370180 ,
0.019326920 ,0.034471740 ,
0.017438890 ,0.035464280 ,
0.015517430 ,0.036346110 ,
0.013571910 ,0.037116490 ,
0.011611440 ,0.037775710 ,
0.009644944 ,0.038325000 ,
0.007680870 ,0.038766420 ,
0.005727219 ,0.039102800 ,
0.003791420 ,0.039337710 ,
0.001880293 ,0.039475250 ,
1,193,region1
194,265,region2
266,295,region3

