triangle
//Number_of_Node
1052
//Number_of_Element
1674
//Number_of_Region
2
//Factor
1.0
4,30,5,
30,36,31,
6,5,31,
37,31,36,
38,37,41,
30,31,5,
32,31,37,
34,9,8,
7,33,8,
32,33,7,
6,31,32,
34,8,33,
38,33,32,
37,38,32,
32,7,6,
39,33,38,
38,41,42,
10,35,11,
10,9,35,
1,11,35,
1,35,2,
34,39,3,
34,33,39,
2,35,3,
38,42,39,
34,3,35,
35,9,34,
37,36,40,
40,43,44,
41,44,45,
44,41,40,
43,47,44,
40,41,37,
47,46,53,
50,52,49,
46,52,53,
46,47,43,
44,47,48,
44,48,45,
47,53,54,
48,47,54,
53,51,54,
50,16,51,
16,50,49,
12,51,16,
12,16,13,
50,51,53,
53,52,50,
49,29,16,
29,28,17,
20,24,21,
28,20,21,
24,55,25,
13,16,17,
21,24,25,
58,25,56,
56,25,55,
28,18,17,
21,18,28,
21,25,26,
29,17,16,
17,14,13,
17,18,14,
19,18,22,
18,15,14,
21,22,18,
26,27,23,
19,22,23,
19,15,18,
23,22,26,
25,58,26,
26,22,21,
58,57,27,
58,27,26,
42,41,45,
74,30,4,
95,36,30,
95,74,75,
36,95,100,
103,100,101,
74,95,30,
100,95,96,
77,78,98,
77,97,76,
76,97,96,
96,95,75,
97,77,98,
96,97,101,
96,101,100,
75,76,96,
101,97,102,
104,103,101,
80,99,79,
99,78,79,
99,80,71,
72,99,71,
73,102,98,
102,97,98,
73,99,72,
102,104,101,
99,73,98,
98,78,99,
40,36,100,
105,43,40,
106,105,103,
40,103,105,
105,107,43,
100,103,40,
111,46,107,
49,52,109,
111,52,46,
43,107,46,
108,107,105,
106,108,105,
112,111,107,
112,107,108,
112,110,111,
110,85,109,
49,109,85,
85,110,81,
82,85,81,
111,110,109,
109,52,111,
85,29,49,
86,28,29,
89,24,20,
89,20,28,
92,55,24,
86,85,82,
92,24,89,
113,92,115,
55,92,113,
86,87,28,
28,87,89,
93,92,89,
85,86,29,
82,83,86,
83,87,86,
90,87,88,
83,84,87,
87,90,89,
91,94,93,
91,90,88,
87,84,88,
93,90,91,
93,115,92,
89,90,93,
94,114,115,
93,94,115,
106,103,104,
128,154,129,
154,160,155,
130,129,155,
161,155,160,
162,161,165,
154,155,129,
156,155,161,
158,133,132,
131,157,132,
156,157,131,
130,155,156,
158,132,157,
162,157,156,
161,162,156,
156,131,130,
163,157,162,
162,165,166,
134,159,135,
134,133,159,
125,135,159,
125,159,126,
158,163,127,
158,157,163,
126,159,127,
162,166,163,
158,127,159,
159,133,158,
161,160,164,
164,167,168,
165,168,169,
168,165,164,
167,171,168,
164,165,161,
171,170,177,
174,176,173,
170,176,177,
170,171,167,
168,171,172,
168,172,169,
171,177,178,
172,171,178,
177,175,178,
174,140,175,
140,174,173,
136,175,140,
136,140,137,
174,175,177,
177,176,174,
173,153,140,
153,152,141,
144,148,145,
152,144,145,
148,179,149,
137,140,141,
145,148,149,
182,149,180,
180,149,179,
152,142,141,
145,142,152,
145,149,150,
153,141,140,
141,138,137,
141,142,138,
143,142,146,
142,139,138,
145,146,142,
150,151,147,
143,146,147,
143,139,142,
147,146,150,
149,182,150,
150,146,145,
182,181,151,
182,151,150,
166,165,169,
198,154,128,
215,160,154,
215,198,199,
160,215,220,
223,220,221,
198,215,154,
220,215,216,
201,202,218,
201,217,200,
200,217,216,
216,215,199,
217,201,218,
216,217,221,
216,221,220,
199,200,216,
221,217,222,
224,223,221,
204,219,203,
219,202,203,
219,204,195,
196,219,195,
197,222,218,
222,217,218,
197,219,196,
222,224,221,
219,197,218,
218,202,219,
164,160,220,
225,167,164,
226,225,223,
164,223,225,
225,227,167,
220,223,164,
231,170,227,
173,176,229,
231,176,170,
167,227,170,
228,227,225,
226,228,225,
232,231,227,
232,227,228,
232,230,231,
230,208,229,
173,229,208,
208,230,205,
206,208,205,
231,230,229,
229,176,231,
208,153,173,
209,152,153,
211,148,144,
211,144,152,
213,179,148,
209,208,206,
213,148,211,
233,213,234,
179,213,233,
209,210,152,
152,210,211,
214,213,211,
208,209,153,
206,207,209,
207,210,209,
212,210,19,
207,15,210,
210,212,211,
23,27,214,
23,212,19,
210,15,19,
214,212,23,
214,234,213,
211,212,214,
27,57,234,
214,27,234,
226,223,224,
244,270,245,
270,276,271,
246,245,271,
277,271,276,
278,277,281,
270,271,245,
272,271,277,
274,249,248,
247,273,248,
272,273,247,
246,271,272,
274,248,273,
278,273,272,
277,278,272,
272,247,246,
279,273,278,
278,281,282,
250,275,251,
250,249,275,
241,251,275,
241,275,242,
274,279,243,
274,273,279,
242,275,243,
278,282,279,
274,243,275,
275,249,274,
277,276,280,
280,283,284,
281,284,285,
284,281,280,
283,287,284,
280,281,277,
287,286,293,
290,292,289,
286,292,293,
286,287,283,
284,287,288,
284,288,285,
287,293,294,
288,287,294,
293,291,294,
290,256,291,
256,290,289,
252,291,256,
252,256,253,
290,291,293,
293,292,290,
289,269,256,
269,268,257,
260,264,261,
268,260,261,
264,295,265,
253,256,257,
261,264,265,
298,265,296,
296,265,295,
268,258,257,
261,258,268,
261,265,266,
269,257,256,
257,254,253,
257,258,254,
259,258,262,
258,255,254,
261,262,258,
266,267,263,
259,262,263,
259,255,258,
263,262,266,
265,298,266,
266,262,261,
298,297,267,
298,267,266,
282,281,285,
314,270,244,
331,276,270,
331,314,315,
276,331,336,
339,336,337,
314,331,270,
336,331,332,
317,318,334,
317,333,316,
316,333,332,
332,331,315,
333,317,334,
332,333,337,
332,337,336,
315,316,332,
337,333,338,
340,339,337,
320,335,319,
335,318,319,
335,320,311,
312,335,311,
313,338,334,
338,333,334,
313,335,312,
338,340,337,
335,313,334,
334,318,335,
280,276,336,
341,283,280,
342,341,339,
280,339,341,
341,343,283,
336,339,280,
347,286,343,
289,292,345,
347,292,286,
283,343,286,
344,343,341,
342,344,341,
348,347,343,
348,343,344,
348,346,347,
346,324,345,
289,345,324,
324,346,321,
322,324,321,
347,346,345,
345,292,347,
324,269,289,
325,268,269,
327,264,260,
327,260,268,
329,295,264,
325,324,322,
329,264,327,
349,329,350,
295,329,349,
325,326,268,
268,326,327,
330,329,327,
324,325,269,
322,323,325,
323,326,325,
328,326,143,
323,139,326,
326,328,327,
147,151,330,
147,328,143,
326,139,143,
330,328,147,
330,350,329,
327,328,330,
151,181,350,
330,151,350,
342,339,340,
360,386,361,
386,392,387,
362,361,387,
393,387,392,
394,393,397,
386,387,361,
388,387,393,
390,365,364,
363,389,364,
388,389,363,
362,387,388,
390,364,389,
394,389,388,
393,394,388,
388,363,362,
395,389,394,
394,397,398,
366,391,367,
366,365,391,
357,367,391,
357,391,358,
390,395,359,
390,389,395,
358,391,359,
394,398,395,
390,359,391,
391,365,390,
393,392,396,
396,399,400,
397,400,401,
400,397,396,
399,403,400,
396,397,393,
403,402,409,
406,408,405,
402,408,409,
402,403,399,
400,403,404,
400,404,401,
403,409,410,
404,403,410,
409,407,410,
406,372,407,
372,406,405,
368,407,372,
368,372,369,
406,407,409,
409,408,406,
405,385,372,
385,384,373,
376,380,377,
384,376,377,
380,411,381,
369,372,373,
377,380,381,
414,381,412,
412,381,411,
384,374,373,
377,374,384,
377,381,382,
385,373,372,
373,370,369,
373,374,370,
375,374,378,
374,371,370,
377,378,374,
382,383,379,
375,378,379,
375,371,374,
379,378,382,
381,414,382,
382,378,377,
414,413,383,
414,383,382,
398,397,401,
430,386,360,
447,392,386,
447,430,431,
392,447,452,
455,452,453,
430,447,386,
452,447,448,
433,434,450,
433,449,432,
432,449,448,
448,447,431,
449,433,450,
448,449,453,
448,453,452,
431,432,448,
453,449,454,
456,455,453,
436,451,435,
451,434,435,
451,436,427,
428,451,427,
429,454,450,
454,449,450,
429,451,428,
454,456,453,
451,429,450,
450,434,451,
396,392,452,
457,399,396,
458,457,455,
396,455,457,
457,459,399,
452,455,396,
463,402,459,
405,408,461,
463,408,402,
399,459,402,
460,459,457,
458,460,457,
464,463,459,
464,459,460,
464,462,463,
462,440,461,
405,461,440,
440,462,437,
438,440,437,
463,462,461,
461,408,463,
440,385,405,
441,384,385,
443,380,376,
443,376,384,
445,411,380,
441,440,438,
445,380,443,
465,445,466,
411,445,465,
441,442,384,
384,442,443,
446,445,443,
440,441,385,
438,439,441,
439,442,441,
444,442,259,
439,255,442,
442,444,443,
263,267,446,
263,444,259,
442,255,259,
446,444,263,
446,466,445,
443,444,446,
267,297,466,
446,267,466,
458,455,456,
476,502,477,
502,508,503,
478,477,503,
509,503,508,
510,509,513,
502,503,477,
504,503,509,
506,481,480,
479,505,480,
504,505,479,
478,503,504,
506,480,505,
510,505,504,
509,510,504,
504,479,478,
511,505,510,
510,513,514,
482,507,483,
482,481,507,
473,483,507,
473,507,474,
506,511,475,
506,505,511,
474,507,475,
510,514,511,
506,475,507,
507,481,506,
509,508,512,
512,515,516,
513,516,517,
516,513,512,
515,519,516,
512,513,509,
519,518,525,
522,524,521,
518,524,525,
518,519,515,
516,519,520,
516,520,517,
519,525,526,
520,519,526,
525,523,526,
522,488,523,
488,522,521,
484,523,488,
484,488,485,
522,523,525,
525,524,522,
521,501,488,
501,500,489,
492,496,493,
500,492,493,
496,527,497,
485,488,489,
493,496,497,
530,497,528,
528,497,527,
500,490,489,
493,490,500,
493,497,498,
501,489,488,
489,486,485,
489,490,486,
491,490,494,
490,487,486,
493,494,490,
498,499,495,
491,494,495,
491,487,490,
495,494,498,
497,530,498,
498,494,493,
530,529,499,
530,499,498,
514,513,517,
546,502,476,
563,508,502,
563,546,547,
508,563,568,
571,568,569,
546,563,502,
568,563,564,
549,550,566,
549,565,548,
548,565,564,
564,563,547,
565,549,566,
564,565,569,
564,569,568,
547,548,564,
569,565,570,
572,571,569,
552,567,551,
567,550,551,
567,552,543,
544,567,543,
545,570,566,
570,565,566,
545,567,544,
570,572,569,
567,545,566,
566,550,567,
512,508,568,
573,515,512,
574,573,571,
512,571,573,
573,575,515,
568,571,512,
579,518,575,
521,524,577,
579,524,518,
515,575,518,
576,575,573,
574,576,573,
580,579,575,
580,575,576,
580,578,579,
578,556,577,
521,577,556,
556,578,553,
554,556,553,
579,578,577,
577,524,579,
556,501,521,
557,500,501,
559,496,492,
559,492,500,
561,527,496,
557,556,554,
561,496,559,
581,561,582,
527,561,581,
557,558,500,
500,558,559,
562,561,559,
556,557,501,
554,555,557,
555,558,557,
560,558,375,
555,371,558,
558,560,559,
379,383,562,
379,560,375,
558,371,375,
562,560,379,
562,582,561,
559,560,562,
383,413,582,
562,383,582,
574,571,572,
592,618,593,
618,624,619,
594,593,619,
625,619,624,
626,625,629,
618,619,593,
620,619,625,
622,597,596,
595,621,596,
620,621,595,
594,619,620,
622,596,621,
626,621,620,
625,626,620,
620,595,594,
627,621,626,
626,629,630,
598,623,599,
598,597,623,
589,599,623,
589,623,590,
622,627,591,
622,621,627,
590,623,591,
626,630,627,
622,591,623,
623,597,622,
625,624,628,
628,631,632,
629,632,633,
632,629,628,
631,635,632,
628,629,625,
635,634,641,
638,640,637,
634,640,641,
634,635,631,
632,635,636,
632,636,633,
635,641,642,
636,635,642,
641,639,642,
638,604,639,
604,638,637,
600,639,604,
600,604,601,
638,639,641,
641,640,638,
637,617,604,
617,616,605,
608,612,609,
616,608,609,
612,643,613,
601,604,605,
609,612,613,
646,613,644,
644,613,643,
616,606,605,
609,606,616,
609,613,614,
617,605,604,
605,602,601,
605,606,602,
607,606,610,
606,603,602,
609,610,606,
614,615,611,
607,610,611,
607,603,606,
611,610,614,
613,646,614,
614,610,609,
646,645,615,
646,615,614,
630,629,633,
662,618,592,
679,624,618,
679,662,663,
624,679,684,
687,684,685,
662,679,618,
684,679,680,
665,666,682,
665,681,664,
664,681,680,
680,679,663,
681,665,682,
680,681,685,
680,685,684,
663,664,680,
685,681,686,
688,687,685,
668,683,667,
683,666,667,
683,668,659,
660,683,659,
661,686,682,
686,681,682,
661,683,660,
686,688,685,
683,661,682,
682,666,683,
628,624,684,
689,631,628,
690,689,687,
628,687,689,
689,691,631,
684,687,628,
695,634,691,
637,640,693,
695,640,634,
631,691,634,
692,691,689,
690,692,689,
696,695,691,
696,691,692,
696,694,695,
694,672,693,
637,693,672,
672,694,669,
670,672,669,
695,694,693,
693,640,695,
672,617,637,
673,616,617,
675,612,608,
675,608,616,
677,643,612,
673,672,670,
677,612,675,
697,677,698,
643,677,697,
673,674,616,
616,674,675,
678,677,675,
672,673,617,
670,671,673,
671,674,673,
676,674,491,
671,487,674,
674,676,675,
495,499,678,
495,676,491,
674,487,491,
678,676,495,
678,698,677,
675,676,678,
499,529,698,
678,499,698,
690,687,688,
708,734,709,
734,740,735,
710,709,735,
741,735,740,
742,741,745,
734,735,709,
736,735,741,
738,713,712,
711,737,712,
736,737,711,
710,735,736,
738,712,737,
742,737,736,
741,742,736,
736,711,710,
743,737,742,
742,745,746,
714,739,715,
714,713,739,
705,715,739,
705,739,706,
738,743,707,
738,737,743,
706,739,707,
742,746,743,
738,707,739,
739,713,738,
741,740,744,
744,747,748,
745,748,749,
748,745,744,
747,751,748,
744,745,741,
751,750,757,
754,756,753,
750,756,757,
750,751,747,
748,751,752,
748,752,749,
751,757,758,
752,751,758,
757,755,758,
754,720,755,
720,754,753,
716,755,720,
716,720,717,
754,755,757,
757,756,754,
753,733,720,
733,732,721,
724,728,725,
732,724,725,
728,759,729,
717,720,721,
725,728,729,
762,729,760,
760,729,759,
732,722,721,
725,722,732,
725,729,730,
733,721,720,
721,718,717,
721,722,718,
723,722,726,
722,719,718,
725,726,722,
730,731,727,
723,726,727,
723,719,722,
727,726,730,
729,762,730,
730,726,725,
762,761,731,
762,731,730,
746,745,749,
778,734,708,
795,740,734,
795,778,779,
740,795,800,
803,800,801,
778,795,734,
800,795,796,
781,782,798,
781,797,780,
780,797,796,
796,795,779,
797,781,798,
796,797,801,
796,801,800,
779,780,796,
801,797,802,
804,803,801,
784,799,783,
799,782,783,
799,784,775,
776,799,775,
777,802,798,
802,797,798,
777,799,776,
802,804,801,
799,777,798,
798,782,799,
744,740,800,
805,747,744,
806,805,803,
744,803,805,
805,807,747,
800,803,744,
811,750,807,
753,756,809,
811,756,750,
747,807,750,
808,807,805,
806,808,805,
812,811,807,
812,807,808,
812,810,811,
810,788,809,
753,809,788,
788,810,785,
786,788,785,
811,810,809,
809,756,811,
788,733,753,
789,732,733,
791,728,724,
791,724,732,
793,759,728,
789,788,786,
793,728,791,
813,793,814,
759,793,813,
789,790,732,
732,790,791,
794,793,791,
788,789,733,
786,787,789,
787,790,789,
792,790,607,
787,603,790,
790,792,791,
611,615,794,
611,792,607,
790,603,607,
794,792,611,
794,814,793,
791,792,794,
615,645,814,
794,615,814,
806,803,804,
824,850,825,
850,856,851,
826,825,851,
857,851,856,
858,857,861,
850,851,825,
852,851,857,
854,829,828,
827,853,828,
852,853,827,
826,851,852,
854,828,853,
858,853,852,
857,858,852,
852,827,826,
859,853,858,
858,861,862,
830,855,831,
830,829,855,
821,831,855,
821,855,822,
854,859,823,
854,853,859,
822,855,823,
858,862,859,
854,823,855,
855,829,854,
857,856,860,
860,863,864,
861,864,865,
864,861,860,
863,867,864,
860,861,857,
867,866,873,
870,872,869,
866,872,873,
866,867,863,
864,867,868,
864,868,865,
867,873,874,
868,867,874,
873,871,874,
870,836,871,
836,870,869,
832,871,836,
832,836,833,
870,871,873,
873,872,870,
869,849,836,
849,848,837,
840,844,841,
848,840,841,
844,875,845,
833,836,837,
841,844,845,
878,845,876,
876,845,875,
848,838,837,
841,838,848,
841,845,846,
849,837,836,
837,834,833,
837,838,834,
839,838,842,
838,835,834,
841,842,838,
846,847,843,
839,842,843,
839,835,838,
843,842,846,
845,878,846,
846,842,841,
878,877,847,
878,847,846,
862,861,865,
894,850,824,
911,856,850,
911,894,895,
856,911,916,
919,916,917,
894,911,850,
916,911,912,
897,898,914,
897,913,896,
896,913,912,
912,911,895,
913,897,914,
912,913,917,
912,917,916,
895,896,912,
917,913,918,
920,919,917,
900,915,899,
915,898,899,
915,900,891,
892,915,891,
893,918,914,
918,913,914,
893,915,892,
918,920,917,
915,893,914,
914,898,915,
860,856,916,
921,863,860,
922,921,919,
860,919,921,
921,923,863,
916,919,860,
927,866,923,
869,872,925,
927,872,866,
863,923,866,
924,923,921,
922,924,921,
928,927,923,
928,923,924,
928,926,927,
926,904,925,
869,925,904,
904,926,901,
902,904,901,
927,926,925,
925,872,927,
904,849,869,
905,848,849,
907,844,840,
907,840,848,
909,875,844,
905,904,902,
909,844,907,
929,909,930,
875,909,929,
905,906,848,
848,906,907,
910,909,907,
904,905,849,
902,903,905,
903,906,905,
908,906,723,
903,719,906,
906,908,907,
727,731,910,
727,908,723,
906,719,723,
910,908,727,
910,930,909,
907,908,910,
731,761,930,
910,731,930,
922,919,920,
940,966,941,
966,972,967,
942,941,967,
973,967,972,
974,973,977,
966,967,941,
968,967,973,
970,945,944,
943,969,944,
968,969,943,
942,967,968,
970,944,969,
974,969,968,
973,974,968,
968,943,942,
975,969,974,
974,977,978,
946,971,947,
946,945,971,
937,947,971,
937,971,938,
970,975,939,
970,969,975,
938,971,939,
974,978,975,
970,939,971,
971,945,970,
973,972,976,
976,979,980,
977,980,981,
980,977,976,
979,983,980,
976,977,973,
983,982,989,
986,988,985,
982,988,989,
982,983,979,
980,983,984,
980,984,981,
983,989,990,
984,983,990,
989,987,990,
986,952,987,
952,986,985,
948,987,952,
948,952,949,
986,987,989,
989,988,986,
985,965,952,
965,964,953,
956,960,957,
964,956,957,
960,991,961,
949,952,953,
957,960,961,
994,961,992,
992,961,991,
964,954,953,
957,954,964,
957,961,962,
965,953,952,
953,950,949,
953,954,950,
955,954,958,
954,951,950,
957,958,954,
962,963,959,
955,958,959,
955,951,954,
959,958,962,
961,994,962,
962,958,957,
994,993,963,
994,963,962,
978,977,981,
1010,966,940,
1027,972,966,
1027,1010,1011,
972,1027,1032,
1035,1032,1033,
1010,1027,966,
1032,1027,1028,
1013,1014,1030,
1013,1029,1012,
1012,1029,1028,
1028,1027,1011,
1029,1013,1030,
1028,1029,1033,
1028,1033,1032,
1011,1012,1028,
1033,1029,1034,
1036,1035,1033,
1016,1031,1015,
1031,1014,1015,
1031,1016,1007,
1008,1031,1007,
1009,1034,1030,
1034,1029,1030,
1009,1031,1008,
1034,1036,1033,
1031,1009,1030,
1030,1014,1031,
976,972,1032,
1037,979,976,
1038,1037,1035,
976,1035,1037,
1037,1039,979,
1032,1035,976,
1043,982,1039,
985,988,1041,
1043,988,982,
979,1039,982,
1040,1039,1037,
1038,1040,1037,
1044,1043,1039,
1044,1039,1040,
1044,1042,1043,
1042,1020,1041,
985,1041,1020,
1020,1042,1017,
1018,1020,1017,
1043,1042,1041,
1041,988,1043,
1020,965,985,
1021,964,965,
1023,960,956,
1023,956,964,
1025,991,960,
1021,1020,1018,
1025,960,1023,
1045,1025,1046,
991,1025,1045,
1021,1022,964,
964,1022,1023,
1026,1025,1023,
1020,1021,965,
1018,1019,1021,
1019,1022,1021,
1024,1022,839,
1019,835,1022,
1022,1024,1023,
843,847,1026,
843,1024,839,
1022,835,839,
1026,1024,843,
1026,1046,1025,
1023,1024,1026,
847,877,1046,
1026,847,1046,
1038,1035,1036,
55,59,60,
60,63,64,
59,63,60,
60,56,55,
68,63,67,
61,56,60,
58,61,57,
58,56,61,
61,64,65,
69,64,68,
64,63,68,
61,62,57,
61,65,66,
62,61,66,
65,70,66,
69,70,65,
65,64,69,
64,61,60,
116,59,55,
119,63,116,
116,63,59,
55,113,116,
67,63,122,
116,113,117,
114,117,115,
117,113,115,
120,119,117,
122,119,123,
122,63,119,
114,118,117,
121,120,117,
121,117,118,
121,124,120,
120,124,123,
123,119,120,
116,117,119,
179,183,184,
184,187,188,
183,187,184,
184,180,179,
192,187,191,
185,180,184,
182,185,181,
182,180,185,
185,188,189,
193,188,192,
188,187,192,
185,186,181,
185,189,190,
186,185,190,
189,194,190,
193,194,189,
189,188,193,
188,185,184,
235,183,179,
237,187,235,
235,187,183,
179,233,235,
191,187,239,
235,233,236,
57,236,234,
236,233,234,
238,237,236,
239,237,240,
239,187,237,
57,62,236,
66,238,236,
66,236,62,
66,70,238,
238,70,240,
240,237,238,
235,236,237,
295,299,300,
300,303,304,
299,303,300,
300,296,295,
308,303,307,
301,296,300,
298,301,297,
298,296,301,
301,304,305,
309,304,308,
304,303,308,
301,302,297,
301,305,306,
302,301,306,
305,310,306,
309,310,305,
305,304,309,
304,301,300,
351,299,295,
353,303,351,
351,303,299,
295,349,351,
307,303,355,
351,349,352,
181,352,350,
352,349,350,
354,353,352,
355,353,356,
355,303,353,
181,186,352,
190,354,352,
190,352,186,
190,194,354,
354,194,356,
356,353,354,
351,352,353,
411,415,416,
416,419,420,
415,419,416,
416,412,411,
424,419,423,
417,412,416,
414,417,413,
414,412,417,
417,420,421,
425,420,424,
420,419,424,
417,418,413,
417,421,422,
418,417,422,
421,426,422,
425,426,421,
421,420,425,
420,417,416,
467,415,411,
469,419,467,
467,419,415,
411,465,467,
423,419,471,
467,465,468,
297,468,466,
468,465,466,
470,469,468,
471,469,472,
471,419,469,
297,302,468,
306,470,468,
306,468,302,
306,310,470,
470,310,472,
472,469,470,
467,468,469,
527,531,532,
532,535,536,
531,535,532,
532,528,527,
540,535,539,
533,528,532,
530,533,529,
530,528,533,
533,536,537,
541,536,540,
536,535,540,
533,534,529,
533,537,538,
534,533,538,
537,542,538,
541,542,537,
537,536,541,
536,533,532,
583,531,527,
585,535,583,
583,535,531,
527,581,583,
539,535,587,
583,581,584,
413,584,582,
584,581,582,
586,585,584,
587,585,588,
587,535,585,
413,418,584,
422,586,584,
422,584,418,
422,426,586,
586,426,588,
588,585,586,
583,584,585,
643,647,648,
648,651,652,
647,651,648,
648,644,643,
656,651,655,
649,644,648,
646,649,645,
646,644,649,
649,652,653,
657,652,656,
652,651,656,
649,650,645,
649,653,654,
650,649,654,
653,658,654,
657,658,653,
653,652,657,
652,649,648,
699,647,643,
701,651,699,
699,651,647,
643,697,699,
655,651,703,
699,697,700,
529,700,698,
700,697,698,
702,701,700,
703,701,704,
703,651,701,
529,534,700,
538,702,700,
538,700,534,
538,542,702,
702,542,704,
704,701,702,
699,700,701,
759,763,764,
764,767,768,
763,767,764,
764,760,759,
772,767,771,
765,760,764,
762,765,761,
762,760,765,
765,768,769,
773,768,772,
768,767,772,
765,766,761,
765,769,770,
766,765,770,
769,774,770,
773,774,769,
769,768,773,
768,765,764,
815,763,759,
817,767,815,
815,767,763,
759,813,815,
771,767,819,
815,813,816,
645,816,814,
816,813,814,
818,817,816,
819,817,820,
819,767,817,
645,650,816,
654,818,816,
654,816,650,
654,658,818,
818,658,820,
820,817,818,
815,816,817,
875,879,880,
880,883,884,
879,883,880,
880,876,875,
888,883,887,
881,876,880,
878,881,877,
878,876,881,
881,884,885,
889,884,888,
884,883,888,
881,882,877,
881,885,886,
882,881,886,
885,890,886,
889,890,885,
885,884,889,
884,881,880,
931,879,875,
933,883,931,
931,883,879,
875,929,931,
887,883,935,
931,929,932,
761,932,930,
932,929,930,
934,933,932,
935,933,936,
935,883,933,
761,766,932,
770,934,932,
770,932,766,
770,774,934,
934,774,936,
936,933,934,
931,932,933,
991,995,996,
996,999,1000,
995,999,996,
996,992,991,
1004,999,1003,
997,992,996,
994,997,993,
994,992,997,
997,1000,1001,
1005,1000,1004,
1000,999,1004,
997,998,993,
997,1001,1002,
998,997,1002,
1001,1006,1002,
1005,1006,1001,
1001,1000,1005,
1000,997,996,
1047,995,991,
1049,999,1047,
1047,999,995,
991,1045,1047,
1003,999,1051,
1047,1045,1048,
877,1048,1046,
1048,1045,1046,
1050,1049,1048,
1051,1049,1052,
1051,999,1049,
877,882,1048,
886,1050,1048,
886,1048,882,
886,890,1050,
1050,890,1052,
1052,1049,1050,
1047,1048,1049,
0.0547509 ,0.0081215 ,
0.0550972 ,0.0081727 ,
0.0553239 ,0.0077430 ,
0.0547907 ,0.0047936 ,
0.0547468 ,0.0052715 ,
0.0546987 ,0.0057490 ,
0.0546465 ,0.0062260 ,
0.0545901 ,0.0067026 ,
0.0545295 ,0.0071788 ,
0.0544689 ,0.0076247 ,
0.0544048 ,0.0080701 ,
0.0726108 ,0.0088653 ,
0.0746275 ,0.0095298 ,
0.0758686 ,0.0112528 ,
0.0758598 ,0.0133761 ,
0.0727320 ,0.0078083 ,
0.0757419 ,0.0084398 ,
0.0778059 ,0.0107197 ,
0.0781356 ,0.0137774 ,
0.0811899 ,0.0071032 ,
0.0809489 ,0.0094616 ,
0.0806395 ,0.0118119 ,
0.0802619 ,0.0141523 ,
0.0841785 ,0.0073647 ,
0.0839287 ,0.0098099 ,
0.0836078 ,0.0122467 ,
0.0832163 ,0.0146733 ,
0.0791975 ,0.0069289 ,
0.0752127 ,0.0065803 ,
0.0551394 ,0.0048241 ,
0.0550835 ,0.0054252 ,
0.0550210 ,0.0060257 ,
0.0549521 ,0.0066255 ,
0.0548765 ,0.0072245 ,
0.0548155 ,0.0076732 ,
0.0558168 ,0.0048833 ,
0.0557399 ,0.0056945 ,
0.0556512 ,0.0065046 ,
0.0555507 ,0.0073132 ,
0.0569823 ,0.0049853 ,
0.0568626 ,0.0062037 ,
0.0567168 ,0.0074193 ,
0.0587755 ,0.0051422 ,
0.0586558 ,0.0063638 ,
0.0585107 ,0.0075826 ,
0.0627603 ,0.0054908 ,
0.0626406 ,0.0067194 ,
0.0624969 ,0.0079453 ,
0.0707298 ,0.0061881 ,
0.0706101 ,0.0074305 ,
0.0704686 ,0.0086706 ,
0.0670419 ,0.0058654 ,
0.0669224 ,0.0071006 ,
0.0667800 ,0.0083333 ,
0.0871670 ,0.0076261 ,
0.0869084 ,0.0101581 ,
0.0861706 ,0.0151942 ,
0.0865762 ,0.0126816 ,
0.0886613 ,0.0077569 ,
0.0883982 ,0.0103322 ,
0.0880603 ,0.0128989 ,
0.0876479 ,0.0154547 ,
0.0901556 ,0.0078876 ,
0.0898881 ,0.0105064 ,
0.0895445 ,0.0131163 ,
0.0891251 ,0.0157152 ,
0.0916499 ,0.0080183 ,
0.0913779 ,0.0106806 ,
0.0910287 ,0.0133337 ,
0.0906023 ,0.0159756 ,
0.0553294 ,0.0015093 ,
0.0556793 ,0.0015190 ,
0.0558279 ,0.0019816 ,
0.0548304 ,0.0043153 ,
0.0548660 ,0.0038367 ,
0.0548974 ,0.0033578 ,
0.0549246 ,0.0028786 ,
0.0549477 ,0.0023992 ,
0.0549654 ,0.0019496 ,
0.0549796 ,0.0014998 ,
0.0730472 ,0.0038781 ,
0.0751486 ,0.0035739 ,
0.0766700 ,0.0020926 ,
0.0770300 ,0.0000000 ,
0.0729830 ,0.0049401 ,
0.0760568 ,0.0048409 ,
0.0784853 ,0.0029540 ,
0.0793409 ,0.0000000 ,
0.0813621 ,0.0047388 ,
0.0814655 ,0.0023704 ,
0.0815000 ,0.0000000 ,
0.0843571 ,0.0049132 ,
0.0844642 ,0.0024577 ,
0.0845001 ,0.0000000 ,
0.0551887 ,0.0042224 ,
0.0552315 ,0.0036201 ,
0.0552677 ,0.0030175 ,
0.0552973 ,0.0024145 ,
0.0553152 ,0.0019620 ,
0.0558819 ,0.0040711 ,
0.0559352 ,0.0032580 ,
0.0559767 ,0.0024442 ,
0.0570760 ,0.0037646 ,
0.0571435 ,0.0025422 ,
0.0588697 ,0.0039183 ,
0.0589385 ,0.0026929 ,
0.0628558 ,0.0042602 ,
0.0629272 ,0.0030279 ,
0.0708277 ,0.0049436 ,
0.0709036 ,0.0036978 ,
0.0671387 ,0.0046282 ,
0.0672125 ,0.0033896 ,
0.0873520 ,0.0050877 ,
0.0875000 ,0.0000000 ,
0.0874630 ,0.0025449 ,
0.0888494 ,0.0051749 ,
0.0889623 ,0.0025885 ,
0.0890000 ,0.0000000 ,
0.0903469 ,0.0052621 ,
0.0904617 ,0.0026322 ,
0.0905000 ,0.0000000 ,
0.0918444 ,0.0053493 ,
0.0919611 ,0.0026758 ,
0.0920000 ,0.0000000 ,
0.0525088 ,0.0175056 ,
0.0528410 ,0.0176161 ,
0.0531388 ,0.0172323 ,
0.0531259 ,0.0142351 ,
0.0529997 ,0.0146982 ,
0.0528694 ,0.0151601 ,
0.0527351 ,0.0156207 ,
0.0525968 ,0.0160803 ,
0.0524545 ,0.0165388 ,
0.0523174 ,0.0169674 ,
0.0521769 ,0.0173949 ,
0.0699682 ,0.0213394 ,
0.0718389 ,0.0223440 ,
0.0727619 ,0.0242564 ,
0.0723846 ,0.0263459 ,
0.0702711 ,0.0203195 ,
0.0731256 ,0.0214641 ,
0.0747624 ,0.0240678 ,
0.0745561 ,0.0271363 ,
0.0787230 ,0.0210939 ,
0.0780761 ,0.0233746 ,
0.0773633 ,0.0256354 ,
0.0765850 ,0.0278747 ,
0.0816207 ,0.0218704 ,
0.0809501 ,0.0242350 ,
0.0802110 ,0.0265791 ,
0.0794040 ,0.0289008 ,
0.0767911 ,0.0205762 ,
0.0729274 ,0.0195410 ,
0.0534640 ,0.0143257 ,
0.0533046 ,0.0149080 ,
0.0531387 ,0.0154885 ,
0.0529667 ,0.0160672 ,
0.0527883 ,0.0166440 ,
0.0526503 ,0.0170753 ,
0.0541208 ,0.0145017 ,
0.0539042 ,0.0152872 ,
0.0536762 ,0.0160696 ,
0.0534368 ,0.0168484 ,
0.0552509 ,0.0148045 ,
0.0549214 ,0.0159836 ,
0.0545668 ,0.0171554 ,
0.0569896 ,0.0152704 ,
0.0566596 ,0.0164527 ,
0.0563051 ,0.0176277 ,
0.0608533 ,0.0163057 ,
0.0605221 ,0.0174948 ,
0.0601677 ,0.0186771 ,
0.0685807 ,0.0183763 ,
0.0682471 ,0.0195790 ,
0.0678924 ,0.0207757 ,
0.0650048 ,0.0174181 ,
0.0646727 ,0.0186138 ,
0.0643184 ,0.0198030 ,
0.0845185 ,0.0226467 ,
0.0838241 ,0.0250954 ,
0.0822230 ,0.0299268 ,
0.0830587 ,0.0275228 ,
0.0859673 ,0.0230350 ,
0.0852610 ,0.0255255 ,
0.0844826 ,0.0279946 ,
0.0836326 ,0.0304399 ,
0.0874162 ,0.0234232 ,
0.0866980 ,0.0259558 ,
0.0859065 ,0.0284664 ,
0.0850421 ,0.0309530 ,
0.0888651 ,0.0238114 ,
0.0881350 ,0.0263861 ,
0.0873304 ,0.0289382 ,
0.0864517 ,0.0314659 ,
0.0542267 ,0.0110943 ,
0.0545696 ,0.0111646 ,
0.0546356 ,0.0116460 ,
0.0532480 ,0.0137710 ,
0.0533662 ,0.0133059 ,
0.0534803 ,0.0128397 ,
0.0535903 ,0.0123725 ,
0.0536963 ,0.0119044 ,
0.0537918 ,0.0114647 ,
0.0538839 ,0.0110242 ,
0.0712640 ,0.0165038 ,
0.0733863 ,0.0165691 ,
0.0751418 ,0.0153745 ,
0.0710164 ,0.0175385 ,
0.0740607 ,0.0179746 ,
0.0767800 ,0.0165380 ,
0.0793031 ,0.0187953 ,
0.0798162 ,0.0164808 ,
0.0822223 ,0.0194871 ,
0.0827542 ,0.0170875 ,
0.0536170 ,0.0137417 ,
0.0537638 ,0.0131560 ,
0.0539041 ,0.0125689 ,
0.0540379 ,0.0119802 ,
0.0541341 ,0.0115376 ,
0.0543260 ,0.0137131 ,
0.0545197 ,0.0129216 ,
0.0547018 ,0.0121274 ,
0.0555552 ,0.0136186 ,
0.0558339 ,0.0124265 ,
0.0572949 ,0.0140815 ,
0.0575755 ,0.0128866 ,
0.0611611 ,0.0151103 ,
0.0614454 ,0.0139092 ,
0.0688932 ,0.0171677 ,
0.0691843 ,0.0159540 ,
0.0653150 ,0.0162165 ,
0.0656028 ,0.0150095 ,
0.0851414 ,0.0201790 ,
0.0856923 ,0.0176941 ,
0.0866009 ,0.0205249 ,
0.0871613 ,0.0179974 ,
0.0880605 ,0.0208708 ,
0.0886303 ,0.0183008 ,
0.0895202 ,0.0212168 ,
0.0900993 ,0.0186041 ,
0.0486712 ,0.0263577 ,
0.0489791 ,0.0265243 ,
0.0493391 ,0.0261980 ,
0.0498469 ,0.0232442 ,
0.0496421 ,0.0236782 ,
0.0494336 ,0.0241105 ,
0.0492214 ,0.0245409 ,
0.0490054 ,0.0249694 ,
0.0487856 ,0.0253962 ,
0.0485762 ,0.0257945 ,
0.0483636 ,0.0261911 ,
0.0651996 ,0.0331652 ,
0.0668674 ,0.0344794 ,
0.0674444 ,0.0365229 ,
0.0667099 ,0.0385152 ,
0.0656750 ,0.0322134 ,
0.0682874 ,0.0338362 ,
0.0694472 ,0.0366846 ,
0.0687112 ,0.0396706 ,
0.0738640 ,0.0344436 ,
0.0728309 ,0.0365773 ,
0.0717363 ,0.0386801 ,
0.0705810 ,0.0407502 ,
0.0765830 ,0.0357115 ,
0.0755119 ,0.0379238 ,
0.0743769 ,0.0401039 ,
0.0731791 ,0.0422502 ,
0.0720514 ,0.0335984 ,
0.0684261 ,0.0319079 ,
0.0501641 ,0.0233921 ,
0.0499060 ,0.0239378 ,
0.0496419 ,0.0244807 ,
0.0493720 ,0.0250208 ,
0.0490961 ,0.0255578 ,
0.0488853 ,0.0259586 ,
0.0507804 ,0.0236794 ,
0.0504307 ,0.0244154 ,
0.0500703 ,0.0251463 ,
0.0496993 ,0.0258717 ,
0.0518407 ,0.0241739 ,
0.0513115 ,0.0252779 ,
0.0507587 ,0.0263703 ,
0.0534721 ,0.0249346 ,
0.0529418 ,0.0260416 ,
0.0523886 ,0.0271373 ,
0.0570974 ,0.0266251 ,
0.0565647 ,0.0277387 ,
0.0560104 ,0.0288415 ,
0.0643477 ,0.0300061 ,
0.0638103 ,0.0311326 ,
0.0632532 ,0.0322495 ,
0.0609926 ,0.0284415 ,
0.0604579 ,0.0295613 ,
0.0599024 ,0.0306710 ,
0.0793018 ,0.0369793 ,
0.0781928 ,0.0392701 ,
0.0757770 ,0.0437501 ,
0.0770176 ,0.0415278 ,
0.0806613 ,0.0376132 ,
0.0795332 ,0.0399433 ,
0.0783378 ,0.0422396 ,
0.0770762 ,0.0445002 ,
0.0820207 ,0.0382472 ,
0.0808737 ,0.0406165 ,
0.0796582 ,0.0429515 ,
0.0783752 ,0.0452502 ,
0.0833802 ,0.0388811 ,
0.0822141 ,0.0412898 ,
0.0809785 ,0.0436634 ,
0.0796742 ,0.0460002 ,
0.0514764 ,0.0203422 ,
0.0518018 ,0.0204710 ,
0.0517833 ,0.0209565 ,
0.0500477 ,0.0228083 ,
0.0502449 ,0.0223707 ,
0.0504382 ,0.0219314 ,
0.0506276 ,0.0214904 ,
0.0508133 ,0.0210479 ,
0.0509837 ,0.0206314 ,
0.0511509 ,0.0202136 ,
0.0673155 ,0.0286280 ,
0.0693942 ,0.0290609 ,
0.0713305 ,0.0281893 ,
0.0668919 ,0.0296040 ,
0.0698143 ,0.0305621 ,
0.0727417 ,0.0296196 ,
0.0748345 ,0.0322807 ,
0.0757417 ,0.0300905 ,
0.0775892 ,0.0334689 ,
0.0785297 ,0.0311981 ,
0.0504162 ,0.0228435 ,
0.0506624 ,0.0222922 ,
0.0509026 ,0.0217383 ,
0.0511366 ,0.0211818 ,
0.0513082 ,0.0207627 ,
0.0511194 ,0.0229384 ,
0.0514475 ,0.0221926 ,
0.0517649 ,0.0214421 ,
0.0523463 ,0.0230588 ,
0.0528278 ,0.0219332 ,
0.0539792 ,0.0238168 ,
0.0544630 ,0.0226888 ,
0.0576080 ,0.0255014 ,
0.0580966 ,0.0243678 ,
0.0648654 ,0.0288701 ,
0.0653628 ,0.0277254 ,
0.0615067 ,0.0273120 ,
0.0619997 ,0.0261734 ,
0.0803438 ,0.0346572 ,
0.0813178 ,0.0323057 ,
0.0817211 ,0.0352513 ,
0.0827118 ,0.0328595 ,
0.0830985 ,0.0358454 ,
0.0841058 ,0.0334134 ,
0.0844758 ,0.0364395 ,
0.0854999 ,0.0339672 ,
0.0433548 ,0.0344090 ,
0.0436291 ,0.0346265 ,
0.0440403 ,0.0343677 ,
0.0450532 ,0.0315469 ,
0.0447763 ,0.0319388 ,
0.0444958 ,0.0323283 ,
0.0442121 ,0.0327153 ,
0.0439250 ,0.0330998 ,
0.0436344 ,0.0334819 ,
0.0433590 ,0.0338378 ,
0.0430808 ,0.0341915 ,
0.0584500 ,0.0439832 ,
0.0598642 ,0.0455670 ,
0.0600776 ,0.0476797 ,
0.0590083 ,0.0495142 ,
0.0590835 ,0.0431284 ,
0.0613743 ,0.0451803 ,
0.0620219 ,0.0481867 ,
0.0607785 ,0.0509996 ,
0.0667607 ,0.0467467 ,
0.0653728 ,0.0486687 ,
0.0639297 ,0.0505494 ,
0.0624325 ,0.0523874 ,
0.0692182 ,0.0484675 ,
0.0677793 ,0.0504602 ,
0.0662829 ,0.0524101 ,
0.0647306 ,0.0543158 ,
0.0651224 ,0.0455996 ,
0.0618458 ,0.0433053 ,
0.0453400 ,0.0317477 ,
0.0449910 ,0.0322403 ,
0.0446366 ,0.0327291 ,
0.0442770 ,0.0332141 ,
0.0439121 ,0.0336950 ,
0.0436349 ,0.0340531 ,
0.0458970 ,0.0321376 ,
0.0454248 ,0.0328017 ,
0.0449429 ,0.0334589 ,
0.0444516 ,0.0341089 ,
0.0468553 ,0.0328087 ,
0.0461425 ,0.0338040 ,
0.0454084 ,0.0347839 ,
0.0483299 ,0.0338412 ,
0.0476154 ,0.0348393 ,
0.0468803 ,0.0358222 ,
0.0516065 ,0.0361355 ,
0.0508885 ,0.0371397 ,
0.0501511 ,0.0381295 ,
0.0581596 ,0.0407242 ,
0.0574347 ,0.0417403 ,
0.0566921 ,0.0427435 ,
0.0551271 ,0.0386007 ,
0.0544061 ,0.0396107 ,
0.0536664 ,0.0406070 ,
0.0716756 ,0.0501882 ,
0.0701856 ,0.0522516 ,
0.0670286 ,0.0562441 ,
0.0686362 ,0.0542709 ,
0.0729043 ,0.0510486 ,
0.0713888 ,0.0531473 ,
0.0698128 ,0.0552012 ,
0.0681777 ,0.0572084 ,
0.0741330 ,0.0519089 ,
0.0725920 ,0.0540431 ,
0.0709895 ,0.0561316 ,
0.0693268 ,0.0581726 ,
0.0753618 ,0.0527693 ,
0.0737951 ,0.0549389 ,
0.0721661 ,0.0570619 ,
0.0704759 ,0.0591367 ,
0.0471619 ,0.0289720 ,
0.0474601 ,0.0291553 ,
0.0473575 ,0.0296302 ,
0.0453268 ,0.0311525 ,
0.0455969 ,0.0307558 ,
0.0458635 ,0.0303568 ,
0.0461267 ,0.0299554 ,
0.0463864 ,0.0295518 ,
0.0466265 ,0.0291713 ,
0.0468637 ,0.0287888 ,
0.0613215 ,0.0398824 ,
0.0632935 ,0.0406696 ,
0.0653517 ,0.0401475 ,
0.0607349 ,0.0407700 ,
0.0634465 ,0.0422210 ,
0.0664931 ,0.0418011 ,
0.0680921 ,0.0447852 ,
0.0693658 ,0.0427858 ,
0.0705986 ,0.0464338 ,
0.0719191 ,0.0443608 ,
0.0456835 ,0.0312512 ,
0.0460217 ,0.0307510 ,
0.0463544 ,0.0302473 ,
0.0466815 ,0.0297398 ,
0.0469233 ,0.0293569 ,
0.0463595 ,0.0314668 ,
0.0468122 ,0.0307893 ,
0.0472550 ,0.0301053 ,
0.0475468 ,0.0317984 ,
0.0482165 ,0.0307735 ,
0.0490234 ,0.0328284 ,
0.0496957 ,0.0318016 ,
0.0523045 ,0.0351175 ,
0.0529825 ,0.0340860 ,
0.0588666 ,0.0396953 ,
0.0595553 ,0.0386544 ,
0.0558296 ,0.0375777 ,
0.0565128 ,0.0365419 ,
0.0731050 ,0.0480823 ,
0.0744726 ,0.0459357 ,
0.0743582 ,0.0489066 ,
0.0757492 ,0.0467231 ,
0.0756115 ,0.0497308 ,
0.0770259 ,0.0475107 ,
0.0768647 ,0.0505551 ,
0.0783026 ,0.0482981 ,
0.0367210 ,0.0414148 ,
0.0369534 ,0.0416766 ,
0.0374033 ,0.0414932 ,
0.0388907 ,0.0388911 ,
0.0385498 ,0.0392290 ,
0.0382061 ,0.0395638 ,
0.0378595 ,0.0398957 ,
0.0375099 ,0.0402245 ,
0.0371574 ,0.0405503 ,
0.0368243 ,0.0408530 ,
0.0364889 ,0.0411530 ,
0.0499243 ,0.0534648 ,
0.0510421 ,0.0552701 ,
0.0508853 ,0.0573878 ,
0.0495137 ,0.0590087 ,
0.0506966 ,0.0527330 ,
0.0525964 ,0.0551515 ,
0.0527120 ,0.0582247 ,
0.0509991 ,0.0607789 ,
0.0576289 ,0.0576295 ,
0.0559284 ,0.0592812 ,
0.0541806 ,0.0608828 ,
0.0523870 ,0.0624329 ,
0.0597502 ,0.0597509 ,
0.0579871 ,0.0614634 ,
0.0561750 ,0.0631238 ,
0.0543153 ,0.0647311 ,
0.0562147 ,0.0562153 ,
0.0533863 ,0.0533869 ,
0.0391382 ,0.0391386 ,
0.0387090 ,0.0395631 ,
0.0382751 ,0.0399830 ,
0.0378368 ,0.0403981 ,
0.0373938 ,0.0408084 ,
0.0370587 ,0.0411129 ,
0.0396190 ,0.0396194 ,
0.0390387 ,0.0401913 ,
0.0384500 ,0.0407549 ,
0.0378533 ,0.0413097 ,
0.0404463 ,0.0404467 ,
0.0395714 ,0.0413031 ,
0.0386783 ,0.0421406 ,
0.0417191 ,0.0417195 ,
0.0408422 ,0.0425784 ,
0.0399476 ,0.0434188 ,
0.0445475 ,0.0445480 ,
0.0436661 ,0.0454122 ,
0.0427680 ,0.0462589 ,
0.0502043 ,0.0502048 ,
0.0493140 ,0.0510796 ,
0.0484085 ,0.0519386 ,
0.0475866 ,0.0475871 ,
0.0467011 ,0.0484565 ,
0.0457997 ,0.0493093 ,
0.0618715 ,0.0618721 ,
0.0600459 ,0.0636455 ,
0.0562435 ,0.0670291 ,
0.0581693 ,0.0653651 ,
0.0629321 ,0.0629328 ,
0.0610752 ,0.0647365 ,
0.0591665 ,0.0664855 ,
0.0572078 ,0.0681783 ,
0.0639928 ,0.0639935 ,
0.0621046 ,0.0658276 ,
0.0601637 ,0.0676061 ,
0.0581719 ,0.0693273 ,
0.0650535 ,0.0650541 ,
0.0631338 ,0.0669187 ,
0.0611610 ,0.0687266 ,
0.0591361 ,0.0704763 ,
0.0414144 ,0.0367214 ,
0.0416762 ,0.0369538 ,
0.0414927 ,0.0374037 ,
0.0392285 ,0.0385502 ,
0.0395634 ,0.0382065 ,
0.0398953 ,0.0378598 ,
0.0402242 ,0.0375102 ,
0.0405500 ,0.0371578 ,
0.0408526 ,0.0368248 ,
0.0411526 ,0.0364893 ,
0.0534644 ,0.0499249 ,
0.0552697 ,0.0510426 ,
0.0573873 ,0.0508858 ,
0.0527325 ,0.0506972 ,
0.0551510 ,0.0525970 ,
0.0582242 ,0.0527126 ,
0.0592807 ,0.0559290 ,
0.0608823 ,0.0541811 ,
0.0614629 ,0.0579877 ,
0.0631233 ,0.0561756 ,
0.0395627 ,0.0387094 ,
0.0399826 ,0.0382755 ,
0.0403977 ,0.0378371 ,
0.0408080 ,0.0373942 ,
0.0411126 ,0.0370591 ,
0.0401910 ,0.0390390 ,
0.0407545 ,0.0384504 ,
0.0413094 ,0.0378537 ,
0.0413027 ,0.0395718 ,
0.0421402 ,0.0386788 ,
0.0425780 ,0.0408425 ,
0.0434184 ,0.0399480 ,
0.0454117 ,0.0436667 ,
0.0462585 ,0.0427686 ,
0.0510792 ,0.0493144 ,
0.0519382 ,0.0484089 ,
0.0484560 ,0.0467016 ,
0.0493087 ,0.0458002 ,
0.0636449 ,0.0600465 ,
0.0653644 ,0.0581700 ,
0.0647359 ,0.0610758 ,
0.0664849 ,0.0591671 ,
0.0658270 ,0.0621052 ,
0.0676054 ,0.0601644 ,
0.0669181 ,0.0631346 ,
0.0687260 ,0.0611616 ,
0.0289715 ,0.0471622 ,
0.0291549 ,0.0474604 ,
0.0296297 ,0.0473579 ,
0.0315464 ,0.0450536 ,
0.0311521 ,0.0453271 ,
0.0307554 ,0.0455972 ,
0.0303564 ,0.0458638 ,
0.0299551 ,0.0461270 ,
0.0295513 ,0.0463866 ,
0.0291708 ,0.0466268 ,
0.0287884 ,0.0468640 ,
0.0398817 ,0.0613218 ,
0.0406690 ,0.0632939 ,
0.0401469 ,0.0653521 ,
0.0385146 ,0.0667102 ,
0.0407694 ,0.0607353 ,
0.0422203 ,0.0634469 ,
0.0418005 ,0.0664935 ,
0.0396701 ,0.0687115 ,
0.0467461 ,0.0667612 ,
0.0447845 ,0.0680925 ,
0.0427852 ,0.0693662 ,
0.0407496 ,0.0705814 ,
0.0484668 ,0.0692187 ,
0.0464331 ,0.0705991 ,
0.0443601 ,0.0719196 ,
0.0422496 ,0.0731795 ,
0.0455989 ,0.0651229 ,
0.0433046 ,0.0618463 ,
0.0317472 ,0.0453403 ,
0.0312508 ,0.0456839 ,
0.0307506 ,0.0460220 ,
0.0302468 ,0.0463547 ,
0.0297394 ,0.0466818 ,
0.0293564 ,0.0469235 ,
0.0321372 ,0.0458973 ,
0.0314664 ,0.0463598 ,
0.0307888 ,0.0468126 ,
0.0301048 ,0.0472553 ,
0.0328083 ,0.0468557 ,
0.0317980 ,0.0475471 ,
0.0307730 ,0.0482168 ,
0.0338407 ,0.0483302 ,
0.0328280 ,0.0490237 ,
0.0318010 ,0.0496960 ,
0.0361350 ,0.0516068 ,
0.0351169 ,0.0523048 ,
0.0340855 ,0.0529828 ,
0.0407235 ,0.0581601 ,
0.0396948 ,0.0588670 ,
0.0386539 ,0.0595557 ,
0.0386002 ,0.0551275 ,
0.0375772 ,0.0558299 ,
0.0365413 ,0.0565132 ,
0.0501875 ,0.0716761 ,
0.0480816 ,0.0731055 ,
0.0437495 ,0.0757774 ,
0.0459350 ,0.0744731 ,
0.0510478 ,0.0729048 ,
0.0489059 ,0.0743587 ,
0.0467225 ,0.0757496 ,
0.0444995 ,0.0770765 ,
0.0519082 ,0.0741336 ,
0.0497301 ,0.0756120 ,
0.0475100 ,0.0770264 ,
0.0452495 ,0.0783756 ,
0.0527686 ,0.0753623 ,
0.0505543 ,0.0768652 ,
0.0482974 ,0.0783031 ,
0.0459995 ,0.0796746 ,
0.0344086 ,0.0433551 ,
0.0346261 ,0.0436294 ,
0.0343672 ,0.0440406 ,
0.0319383 ,0.0447765 ,
0.0323278 ,0.0444962 ,
0.0327149 ,0.0442124 ,
0.0330994 ,0.0439252 ,
0.0334815 ,0.0436348 ,
0.0338373 ,0.0433593 ,
0.0341910 ,0.0430811 ,
0.0439827 ,0.0584505 ,
0.0455665 ,0.0598647 ,
0.0476791 ,0.0600780 ,
0.0431279 ,0.0590839 ,
0.0451796 ,0.0613748 ,
0.0481861 ,0.0620223 ,
0.0486680 ,0.0653733 ,
0.0505488 ,0.0639302 ,
0.0504596 ,0.0677797 ,
0.0524094 ,0.0662834 ,
0.0322398 ,0.0449913 ,
0.0327287 ,0.0446369 ,
0.0332136 ,0.0442773 ,
0.0336945 ,0.0439124 ,
0.0340527 ,0.0436353 ,
0.0328013 ,0.0454251 ,
0.0334584 ,0.0449433 ,
0.0341085 ,0.0444520 ,
0.0338036 ,0.0461428 ,
0.0347834 ,0.0454088 ,
0.0348388 ,0.0476157 ,
0.0358218 ,0.0468807 ,
0.0371391 ,0.0508890 ,
0.0381290 ,0.0501516 ,
0.0417398 ,0.0574351 ,
0.0427429 ,0.0566925 ,
0.0396102 ,0.0544064 ,
0.0406064 ,0.0536668 ,
0.0522509 ,0.0701861 ,
0.0542702 ,0.0686367 ,
0.0531467 ,0.0713893 ,
0.0552005 ,0.0698133 ,
0.0540424 ,0.0725925 ,
0.0561308 ,0.0709900 ,
0.0549382 ,0.0737957 ,
0.0570612 ,0.0721666 ,
0.0203416 ,0.0514766 ,
0.0204705 ,0.0518021 ,
0.0209559 ,0.0517836 ,
0.0232436 ,0.0498471 ,
0.0228078 ,0.0500480 ,
0.0223702 ,0.0502451 ,
0.0219310 ,0.0504384 ,
0.0214901 ,0.0506279 ,
0.0210474 ,0.0508135 ,
0.0206309 ,0.0509840 ,
0.0202131 ,0.0511511 ,
0.0286273 ,0.0673157 ,
0.0290602 ,0.0693944 ,
0.0281886 ,0.0713307 ,
0.0263453 ,0.0723848 ,
0.0296033 ,0.0668921 ,
0.0305614 ,0.0698145 ,
0.0296189 ,0.0727420 ,
0.0271357 ,0.0745563 ,
0.0344429 ,0.0738644 ,
0.0322799 ,0.0748348 ,
0.0300898 ,0.0757420 ,
0.0278741 ,0.0765852 ,
0.0357107 ,0.0765833 ,
0.0334682 ,0.0775896 ,
0.0311974 ,0.0785301 ,
0.0289001 ,0.0794043 ,
0.0335976 ,0.0720517 ,
0.0319071 ,0.0684265 ,
0.0233915 ,0.0501643 ,
0.0228430 ,0.0504165 ,
0.0222917 ,0.0506626 ,
0.0217378 ,0.0509028 ,
0.0211813 ,0.0511368 ,
0.0207622 ,0.0513084 ,
0.0236790 ,0.0507806 ,
0.0229380 ,0.0511196 ,
0.0221921 ,0.0514478 ,
0.0214416 ,0.0517651 ,
0.0241734 ,0.0518409 ,
0.0230584 ,0.0523465 ,
0.0219327 ,0.0528280 ,
0.0249341 ,0.0534724 ,
0.0238163 ,0.0539795 ,
0.0226882 ,0.0544632 ,
0.0266246 ,0.0570976 ,
0.0255007 ,0.0576082 ,
0.0243672 ,0.0580967 ,
0.0300054 ,0.0643481 ,
0.0288696 ,0.0648656 ,
0.0277249 ,0.0653631 ,
0.0284409 ,0.0609929 ,
0.0273114 ,0.0615070 ,
0.0261727 ,0.0620000 ,
0.0369785 ,0.0793022 ,
0.0346564 ,0.0803442 ,
0.0299261 ,0.0822232 ,
0.0323049 ,0.0813182 ,
0.0376124 ,0.0806617 ,
0.0352506 ,0.0817214 ,
0.0328588 ,0.0827121 ,
0.0304392 ,0.0836329 ,
0.0382463 ,0.0820211 ,
0.0358446 ,0.0830988 ,
0.0334126 ,0.0841062 ,
0.0309522 ,0.0850424 ,
0.0388803 ,0.0833806 ,
0.0364387 ,0.0844762 ,
0.0339664 ,0.0855003 ,
0.0314652 ,0.0864519 ,
0.0263573 ,0.0486715 ,
0.0265238 ,0.0489794 ,
0.0261975 ,0.0493394 ,
0.0236777 ,0.0496423 ,
0.0241100 ,0.0494339 ,
0.0245404 ,0.0492216 ,
0.0249690 ,0.0490056 ,
0.0253957 ,0.0487859 ,
0.0257939 ,0.0485764 ,
0.0261906 ,0.0483638 ,
0.0331646 ,0.0652000 ,
0.0344787 ,0.0668678 ,
0.0365223 ,0.0674447 ,
0.0322128 ,0.0656754 ,
0.0338356 ,0.0682878 ,
0.0366839 ,0.0694475 ,
0.0365766 ,0.0728313 ,
0.0386794 ,0.0717367 ,
0.0379230 ,0.0755123 ,
0.0401031 ,0.0743773 ,
0.0239373 ,0.0499062 ,
0.0244803 ,0.0496421 ,
0.0250203 ,0.0493722 ,
0.0255573 ,0.0490963 ,
0.0259581 ,0.0488856 ,
0.0244149 ,0.0504309 ,
0.0251457 ,0.0500705 ,
0.0258712 ,0.0496995 ,
0.0252774 ,0.0513118 ,
0.0263698 ,0.0507590 ,
0.0260411 ,0.0529420 ,
0.0271367 ,0.0523889 ,
0.0277380 ,0.0565650 ,
0.0288410 ,0.0560107 ,
0.0311321 ,0.0638106 ,
0.0322489 ,0.0632535 ,
0.0295608 ,0.0604581 ,
0.0306703 ,0.0599028 ,
0.0392693 ,0.0781932 ,
0.0415270 ,0.0770179 ,
0.0399425 ,0.0795336 ,
0.0422389 ,0.0783382 ,
0.0406157 ,0.0808741 ,
0.0429507 ,0.0796585 ,
0.0412890 ,0.0822145 ,
0.0436626 ,0.0809789 ,
0.0110937 ,0.0542268 ,
0.0111641 ,0.0545698 ,
0.0116454 ,0.0546358 ,
0.0142346 ,0.0531260 ,
0.0137705 ,0.0532482 ,
0.0133053 ,0.0533664 ,
0.0128392 ,0.0534804 ,
0.0123721 ,0.0535904 ,
0.0119039 ,0.0536964 ,
0.0114641 ,0.0537919 ,
0.0110237 ,0.0538840 ,
0.0165031 ,0.0712641 ,
0.0165684 ,0.0733864 ,
0.0153738 ,0.0751420 ,
0.0133755 ,0.0758599 ,
0.0175378 ,0.0710165 ,
0.0179738 ,0.0740608 ,
0.0165373 ,0.0767801 ,
0.0137768 ,0.0781357 ,
0.0210931 ,0.0787232 ,
0.0187945 ,0.0793033 ,
0.0164801 ,0.0798164 ,
0.0141517 ,0.0802620 ,
0.0218695 ,0.0816210 ,
0.0194863 ,0.0822225 ,
0.0170867 ,0.0827544 ,
0.0146725 ,0.0832164 ,
0.0205754 ,0.0767913 ,
0.0195402 ,0.0729276 ,
0.0143252 ,0.0534641 ,
0.0137412 ,0.0536172 ,
0.0131555 ,0.0537639 ,
0.0125683 ,0.0539042 ,
0.0119796 ,0.0540381 ,
0.0115371 ,0.0541342 ,
0.0145012 ,0.0541209 ,
0.0137126 ,0.0543261 ,
0.0129210 ,0.0545198 ,
0.0121268 ,0.0547019 ,
0.0148040 ,0.0552510 ,
0.0136181 ,0.0555553 ,
0.0124259 ,0.0558340 ,
0.0152698 ,0.0569898 ,
0.0140810 ,0.0572951 ,
0.0128860 ,0.0575756 ,
0.0163051 ,0.0608535 ,
0.0151097 ,0.0611612 ,
0.0139085 ,0.0614454 ,
0.0183755 ,0.0685809 ,
0.0171671 ,0.0688933 ,
0.0159534 ,0.0691845 ,
0.0174174 ,0.0650050 ,
0.0162159 ,0.0653152 ,
0.0150088 ,0.0656030 ,
0.0226460 ,0.0845187 ,
0.0201782 ,0.0851416 ,
0.0151935 ,0.0861707 ,
0.0176933 ,0.0856925 ,
0.0230341 ,0.0859676 ,
0.0205241 ,0.0866011 ,
0.0179966 ,0.0871615 ,
0.0154539 ,0.0876480 ,
0.0234224 ,0.0874165 ,
0.0208700 ,0.0880608 ,
0.0183000 ,0.0886305 ,
0.0157144 ,0.0891252 ,
0.0238106 ,0.0888654 ,
0.0212158 ,0.0895203 ,
0.0186033 ,0.0900996 ,
0.0159749 ,0.0906024 ,
0.0175050 ,0.0525090 ,
0.0176156 ,0.0528411 ,
0.0172317 ,0.0531390 ,
0.0146976 ,0.0529998 ,
0.0151595 ,0.0528695 ,
0.0156203 ,0.0527353 ,
0.0160799 ,0.0525969 ,
0.0165383 ,0.0524547 ,
0.0169668 ,0.0523175 ,
0.0173943 ,0.0521770 ,
0.0213388 ,0.0699685 ,
0.0223434 ,0.0718391 ,
0.0242557 ,0.0727622 ,
0.0203189 ,0.0702714 ,
0.0214634 ,0.0731259 ,
0.0240671 ,0.0747626 ,
0.0233738 ,0.0780763 ,
0.0256347 ,0.0773635 ,
0.0242342 ,0.0809504 ,
0.0265783 ,0.0802112 ,
0.0149074 ,0.0533047 ,
0.0154880 ,0.0531389 ,
0.0160667 ,0.0529668 ,
0.0166435 ,0.0527884 ,
0.0170748 ,0.0526505 ,
0.0152867 ,0.0539043 ,
0.0160690 ,0.0536763 ,
0.0168479 ,0.0534370 ,
0.0159831 ,0.0549216 ,
0.0171549 ,0.0545670 ,
0.0164521 ,0.0566597 ,
0.0176272 ,0.0563053 ,
0.0174942 ,0.0605224 ,
0.0186766 ,0.0601680 ,
0.0195785 ,0.0682472 ,
0.0207751 ,0.0678925 ,
0.0186131 ,0.0646728 ,
0.0198023 ,0.0643186 ,
0.0250946 ,0.0838243 ,
0.0275220 ,0.0830590 ,
0.0255247 ,0.0852613 ,
0.0279938 ,0.0844828 ,
0.0259550 ,0.0866983 ,
0.0284655 ,0.0859067 ,
0.0263852 ,0.0881353 ,
0.0289374 ,0.0873306 ,
0.0015087 ,0.0553294 ,
0.0015184 ,0.0556793 ,
0.0019810 ,0.0558280 ,
0.0047930 ,0.0547908 ,
0.0043147 ,0.0548305 ,
0.0038361 ,0.0548660 ,
0.0033573 ,0.0548975 ,
0.0028782 ,0.0549247 ,
0.0023987 ,0.0549477 ,
0.0019490 ,0.0549654 ,
0.0014993 ,0.0549796 ,
0.0038774 ,0.0730472 ,
0.0035732 ,0.0751486 ,
0.0020918 ,0.0766700 ,
-0.0000007 ,0.0770301 ,
0.0049394 ,0.0729830 ,
0.0048401 ,0.0760568 ,
0.0029532 ,0.0784853 ,
-0.0000008 ,0.0793410 ,
0.0071024 ,0.0811900 ,
0.0047380 ,0.0813621 ,
0.0023697 ,0.0814655 ,
-0.0000008 ,0.0815001 ,
0.0073638 ,0.0841786 ,
0.0049124 ,0.0843572 ,
0.0024569 ,0.0844643 ,
-0.0000008 ,0.0845000 ,
0.0069281 ,0.0791976 ,
0.0065795 ,0.0752128 ,
0.0048235 ,0.0551395 ,
0.0042218 ,0.0551888 ,
0.0036196 ,0.0552315 ,
0.0030169 ,0.0552678 ,
0.0024139 ,0.0552973 ,
0.0019614 ,0.0553152 ,
0.0048828 ,0.0558168 ,
0.0040706 ,0.0558820 ,
0.0032574 ,0.0559353 ,
0.0024436 ,0.0559767 ,
0.0049848 ,0.0569823 ,
0.0037641 ,0.0570760 ,
0.0025416 ,0.0571435 ,
0.0051416 ,0.0587756 ,
0.0039178 ,0.0588698 ,
0.0026923 ,0.0589385 ,
0.0054902 ,0.0627604 ,
0.0042595 ,0.0628558 ,
0.0030273 ,0.0629271 ,
0.0061873 ,0.0707299 ,
0.0049430 ,0.0708277 ,
0.0036972 ,0.0709037 ,
0.0058648 ,0.0670420 ,
0.0046276 ,0.0671387 ,
0.0033889 ,0.0672126 ,
0.0076253 ,0.0871671 ,
0.0050869 ,0.0873521 ,
-0.0000009 ,0.0874999 ,
0.0025440 ,0.0874631 ,
0.0077559 ,0.0886614 ,
0.0051741 ,0.0888495 ,
0.0025877 ,0.0889624 ,
-0.0000009 ,0.0890000 ,
0.0078867 ,0.0901557 ,
0.0052612 ,0.0903470 ,
0.0026313 ,0.0904618 ,
-0.0000009 ,0.0905000 ,
0.0080175 ,0.0916500 ,
0.0053484 ,0.0918444 ,
0.0026749 ,0.0919612 ,
-0.0000009 ,0.0920000 ,
0.0081209 ,0.0547510 ,
0.0081721 ,0.0550973 ,
0.0077424 ,0.0553239 ,
0.0052709 ,0.0547468 ,
0.0057484 ,0.0546988 ,
0.0062255 ,0.0546465 ,
0.0067022 ,0.0545901 ,
0.0071783 ,0.0545296 ,
0.0076241 ,0.0544690 ,
0.0080696 ,0.0544049 ,
0.0088646 ,0.0726110 ,
0.0095291 ,0.0746276 ,
0.0112521 ,0.0758687 ,
0.0078076 ,0.0727321 ,
0.0084390 ,0.0757420 ,
0.0107189 ,0.0778060 ,
0.0094608 ,0.0809490 ,
0.0118112 ,0.0806396 ,
0.0098091 ,0.0839288 ,
0.0122459 ,0.0836079 ,
0.0054246 ,0.0550835 ,
0.0060252 ,0.0550211 ,
0.0066249 ,0.0549521 ,
0.0072239 ,0.0548766 ,
0.0076727 ,0.0548156 ,
0.0056940 ,0.0557399 ,
0.0065040 ,0.0556512 ,
0.0073126 ,0.0555508 ,
0.0062032 ,0.0568627 ,
0.0074187 ,0.0567169 ,
0.0063633 ,0.0586558 ,
0.0075820 ,0.0585108 ,
0.0067187 ,0.0626407 ,
0.0079447 ,0.0624971 ,
0.0074299 ,0.0706102 ,
0.0086700 ,0.0704686 ,
0.0071000 ,0.0669225 ,
0.0083326 ,0.0667801 ,
0.0101573 ,0.0869085 ,
0.0126807 ,0.0865763 ,
0.0103314 ,0.0883983 ,
0.0128981 ,0.0880604 ,
0.0105055 ,0.0898882 ,
0.0131154 ,0.0895446 ,
0.0106797 ,0.0913781 ,
0.0133328 ,0.0910288 ,
1,1350,ironS
1351,1674,frame
motor,true
