stress
2
20558
-1
0
0.0
0.0
9741	-1.961292E-02	-3.164052E-02	-4.095787E-02	
9742	-1.740750E-02	-2.249373E-02	-3.212742E-02	
9743	-4.992547E-03	-4.092372E-02	-3.244418E-02	
9744	-1.211933E-02	-2.736871E-02	-3.096939E-02	
9745	-6.162688E-03	-4.830282E-03	-8.853908E-03	
9746	-1.026596E-02	-4.329379E-02	-3.998376E-02	
9747	-3.506021E-03	-2.448214E-02	-2.002558E-02	
9748	-2.141675E-04	-1.962112E-02	1.274790E-02	
9749	8.633816E-03	-3.736682E-02	3.093539E-03	
9750	1.228363E-02	-5.363186E-02	-5.396598E-03	
9751	5.833225E-03	-5.582051E-02	-2.607282E-02	
9752	7.712329E-03	-3.906728E-02	9.709809E-03	
9753	3.796313E-03	-1.987343E-02	-5.343731E-03	
9754	1.447561E-03	-2.910481E-02	-1.629874E-02	
9755	7.812000E-03	-4.500207E-02	-1.431635E-02	
9756	5.019493E-03	-2.138154E-02	-6.291407E-04	
9757	-1.088517E-02	-2.864386E-03	-1.035601E-02	
9758	-1.882691E-02	-3.974060E-03	1.685240E-02	
9759	-8.947444E-03	-7.375310E-03	1.316031E-02	
9760	-8.758815E-03	-7.830010E-06	5.567056E-03	
9761	-8.629084E-03	1.727435E-03	2.063895E-03	
9762	-7.052897E-04	-1.060719E-02	7.679382E-03	
9763	2.030435E-03	-1.194527E-02	3.911541E-03	
9764	-6.065059E-04	-7.778150E-03	5.744986E-03	
9765	-8.275459E-04	1.945031E-04	1.689894E-05	
9766	-3.740803E-03	-6.335163E-03	8.034234E-03	
9767	-1.826289E-03	-1.886079E-02	1.437499E-02	
9768	-1.925237E-02	-7.106605E-03	-2.040543E-02	
9769	-3.084697E-02	4.167821E-03	-1.256308E-02	
9770	-2.643759E-02	4.570461E-03	-8.459807E-03	
9771	-2.514292E-02	4.291180E-03	-8.188669E-03	
9772	-3.306016E-02	7.543458E-03	-3.548801E-03	
9773	-2.012902E-02	-6.584969E-03	-2.048641E-02	
9774	-3.835554E-02	8.886064E-03	-2.933539E-03	
9775	-4.022099E-02	9.230811E-03	-3.893240E-03	
9776	-4.079277E-02	9.395912E-03	-3.654169E-03	
9777	-3.793921E-02	8.501202E-03	-5.114763E-03	
9778	-3.737436E-02	8.526911E-03	-4.018950E-03	
9779	-2.828271E-02	6.623333E-03	-1.198337E-03	
9780	-4.131276E-02	9.566022E-03	-3.213853E-03	
9781	-3.776614E-02	8.807903E-03	-2.185434E-03	
9782	-4.131120E-02	9.564913E-03	-3.221497E-03	
9783	-4.325420E-02	8.239311E-03	-1.170189E-02	
9784	-3.873397E-02	7.338751E-03	-1.059895E-02	
9785	-6.966577E-02	1.595677E-02	-7.003567E-03	
9786	-6.419718E-02	8.695730E-03	-2.610008E-02	
9787	-4.506432E-02	1.032277E-02	-4.523098E-03	
9788	-4.071737E-02	9.330028E-03	-4.062473E-03	
9789	-5.642378E-02	7.114416E-03	-2.401870E-02	
9790	-1.882282E-02	-6.363503E-02	-6.271843E-02	
9791	2.506782E-02	-1.148240E-01	-1.905652E-02	
9792	2.231566E-02	-1.041999E-01	-1.930260E-02	
9793	2.701632E-02	-1.148217E-01	3.215802E-04	
9794	-9.800610E-02	1.243286E-03	-6.037821E-02	
9795	3.098592E-02	-1.317602E-01	1.872558E-03	
9796	2.742042E-02	-1.242295E-01	1.909341E-02	
9797	2.843536E-02	-1.252770E-01	1.453338E-02	
9798	5.076184E-03	-8.496669E-02	-4.622550E-02	
9799	2.382961E-02	-1.315914E-01	-3.920148E-02	
9800	3.046297E-02	-1.308040E-01	8.153668E-03	
9801	-2.105504E-02	-1.023462E-02	-2.468653E-02	
9802	-2.227515E-02	-6.734101E-02	-6.878563E-02	
9803	-6.482729E-03	-1.147959E-01	-8.162353E-02	
9804	3.474251E-02	-1.479121E-01	3.796789E-03	
9805	3.771616E-02	-1.603029E-01	7.487462E-04	
9806	3.534169E-02	-1.504230E-01	-3.553029E-03	
9807	3.211883E-02	-1.457313E-01	2.264833E-02	
9808	3.560809E-02	-1.555524E-01	1.580452E-02	
9809	3.798825E-02	-1.615189E-01	2.055749E-03	
9810	3.254785E-02	-1.415402E-01	1.315383E-02	
9811	3.192704E-02	-1.372641E-01	9.065691E-03	
9812	3.394449E-02	-1.446131E-01	-4.380074E-03	
9813	2.912256E-02	-1.377076E-01	2.708858E-02	
9814	2.972766E-02	-1.345293E-01	2.049660E-02	
9815	-1.425581E-02	3.343533E-03	-4.981890E-04	
9816	-2.677602E-02	-3.009867E-02	-4.590720E-02	
9817	-2.911599E-02	-2.007141E-02	-3.947006E-02	
9818	-3.171984E-02	-2.533034E-02	-4.596811E-02	
9819	-3.015246E-02	-2.103717E-02	-4.109350E-02	
9820	-6.205185E-02	5.108123E-03	-3.142835E-02	
9821	-2.611334E-02	-2.822932E-02	-4.387939E-02	
9822	-3.831184E-02	-1.737440E-02	-4.374206E-02	
9823	-2.180268E-02	-6.249527E-02	-6.497569E-02	
9824	-2.537416E-02	-4.945881E-02	-5.923022E-02	
9825	-3.946891E-02	-3.537139E-02	-6.041320E-02	
9826	-3.403630E-02	-2.832693E-02	-5.028934E-02	
9827	-3.177418E-02	-5.018314E-02	-6.555324E-02	
9828	-4.310835E-02	-2.620172E-02	-5.533929E-02	
9829	-5.039749E-02	-2.143350E-02	-5.618080E-02	
9830	-3.123775E-02	-3.042147E-02	-4.980001E-02	
9831	-8.221776E-02	-2.449403E-02	-8.121428E-02	
9832	-5.887175E-02	4.918730E-03	-2.969321E-02	
9833	-5.230908E-02	-3.905030E-02	-7.349187E-02	
9834	-2.757549E-02	-4.717446E-02	-5.957437E-02	
9835	-3.476978E-02	-1.262449E-02	-3.664361E-02	
9836	-3.938611E-02	5.188659E-04	-2.423643E-02	
9837	1.404678E-02	-9.560670E-02	-3.651830E-02	
9838	-1.923173E-02	-8.288247E-02	-7.608928E-02	
9839	1.065428E-02	-6.394647E-02	-2.148119E-02	
9840	-1.090112E-01	2.441524E-02	-1.476458E-02	
9841	-1.616633E-02	-5.620612E-02	-5.491951E-02	
9842	-1.314051E-02	-6.538569E-02	-5.779569E-02	
9843	-3.710051E-02	-3.550466E-03	-2.822474E-02	
9844	-3.828090E-02	5.748865E-03	-1.434457E-02	
9845	-4.396117E-02	7.880852E-03	-1.331711E-02	
9846	-4.339048E-02	7.754907E-03	-1.320887E-02	
9847	-4.030702E-02	9.079753E-03	-5.136843E-03	
9848	-3.816352E-02	-3.857315E-03	-2.928631E-02	
9849	-3.924545E-02	9.011680E-03	-3.758775E-03	
9850	-4.277078E-02	9.814054E-03	-4.156245E-03	
9851	-4.063309E-02	9.359311E-03	-3.638254E-03	
9852	-3.900243E-02	8.741933E-03	-5.243075E-03	
9853	-3.979715E-02	8.963980E-03	-5.077693E-03	
9854	-4.549953E-02	1.042846E-02	-4.518102E-03	
9855	-4.032704E-02	9.259313E-03	-3.868507E-03	
9856	-3.995339E-02	9.165342E-03	-3.901101E-03	
9857	-4.031047E-02	9.239904E-03	-3.996514E-03	
9858	-3.757771E-02	7.294779E-03	-9.740215E-03	
9859	-4.161650E-02	8.259530E-03	-1.019685E-02	
9860	-2.219836E-02	5.081519E-03	-2.255345E-03	
9861	-2.278520E-02	4.898575E-03	4.137002E-03	
9862	-3.848727E-02	8.772253E-03	-4.202712E-03	
9863	-4.050922E-02	9.233606E-03	-4.419790E-03	
9864	-2.032830E-02	-5.106283E-04	-1.360560E-02	
9865	1.439183E-02	-7.068067E-02	-1.605143E-02	
9866	2.663158E-02	-1.145177E-01	-7.621073E-03	
9867	2.405125E-02	-1.038311E-01	-7.982959E-03	
9868	2.702583E-02	-1.148598E-01	-4.276953E-05	
9869	1.469697E-03	-7.027380E-03	1.449181E-03	
9870	2.508944E-02	-1.066368E-01	-5.220106E-04	
9871	2.452539E-02	-1.048217E-01	4.844154E-03	
9872	2.415489E-02	-1.044268E-01	8.382536E-03	
9873	1.357266E-02	-5.771402E-02	-8.141774E-04	
9874	2.411816E-02	-1.040489E-01	-7.824590E-03	
9875	2.509010E-02	-1.067383E-01	-2.067794E-03	
9876	-2.093331E-02	-6.083269E-04	-1.412266E-02	
9877	-1.579820E-03	-1.440045E-03	2.438120E-03	
9878	1.232632E-02	-9.187351E-02	3.759810E-02	
9879	2.455183E-02	-1.045755E-01	3.024913E-03	
9880	2.175098E-02	-1.049760E-01	2.244160E-02	
9881	2.390287E-02	-1.023803E-01	-5.556645E-03	
9882	2.384886E-02	-1.023078E-01	-6.080056E-03	
9883	2.758985E-02	-1.184524E-01	-7.338905E-03	
9884	3.128968E-02	-1.354718E-01	1.133082E-02	
9885	2.402126E-02	-1.034026E-01	-7.184256E-03	
9886	2.301233E-02	-9.794454E-02	-2.300546E-03	
9887	2.414610E-02	-1.034019E-01	-5.541516E-03	
9888	2.126581E-02	-9.040280E-02	8.906986E-04	
9889	2.282761E-02	-9.799400E-02	-6.033061E-03	
9890	-6.367360E-02	1.441606E-02	-7.638230E-03	
9891	-3.723900E-02	4.449783E-03	-1.633684E-02	
9892	-4.706151E-02	5.964574E-03	-1.997196E-02	
9893	-4.320382E-02	9.697354E-03	-5.724325E-03	
9894	-7.185562E-02	1.497367E-02	-1.503124E-02	
9895	-8.204173E-02	1.568802E-02	-2.201080E-02	
9896	-5.231649E-02	1.093862E-02	-1.079970E-02	
9897	-5.641140E-02	1.276228E-02	-6.831504E-03	
9898	-5.883262E-02	-6.781076E-03	4.616493E-02	
9899	-5.521401E-02	4.355535E-03	2.828903E-02	
9900	-6.950082E-02	1.448647E-02	1.452492E-02	
9901	-5.950079E-02	1.399980E-02	1.931161E-04	
9902	-7.170850E-02	8.306875E-03	3.196478E-02	
9903	-6.967502E-02	1.438529E-02	1.509043E-02	
9904	-9.198833E-02	2.163685E-02	-1.053206E-03	
9905	-4.917724E-02	1.073781E-02	8.153352E-03	
9906	-1.310611E-01	2.917370E-02	1.880034E-02	
9907	-9.610546E-02	1.933795E-02	-2.264435E-02	
9908	-8.284515E-02	8.534948E-03	3.892035E-02	
9909	-5.781500E-02	-1.576088E-03	3.886375E-02	
9910	-4.703609E-02	8.413703E-03	1.429890E-02	
9911	-4.135243E-02	9.728359E-03	3.294971E-04	
9912	-1.975104E-02	-4.519558E-02	5.089075E-02	
9913	-7.529027E-02	-1.407158E-02	6.536490E-02	
9914	-1.173761E-02	-2.740359E-02	3.062829E-02	
9915	-1.076716E-01	1.753421E-02	-3.716443E-02	
9916	-5.032675E-02	-7.327818E-03	4.130705E-02	
9917	-5.077402E-02	-1.047073E-02	4.517617E-02	
9918	-6.544718E-02	9.001776E-03	-2.632173E-02	
9919	-8.493949E-02	1.223266E-02	-3.298468E-02	
9920	-8.732741E-02	1.369227E-02	-3.140026E-02	
9921	-8.207297E-02	1.284037E-02	-2.957631E-02	
9922	-8.503413E-02	1.233178E-02	-3.283506E-02	
9923	-8.526262E-02	1.589002E-02	-2.411617E-02	
9924	-8.488612E-02	1.269363E-02	-3.193000E-02	
9925	-8.636426E-02	1.332478E-02	-3.155548E-02	
9926	-8.422079E-02	1.267156E-02	-3.150595E-02	
9927	-8.452965E-02	1.232300E-02	-3.249924E-02	
9928	-8.415268E-02	1.219218E-02	-3.252041E-02	
9929	-8.584019E-02	1.221460E-02	-3.365438E-02	
9930	-8.361163E-02	1.248992E-02	-3.147996E-02	
9931	-8.447500E-02	1.251635E-02	-3.203366E-02	
9932	-8.411087E-02	1.298591E-02	-3.071192E-02	
9933	-8.663912E-02	1.652105E-02	-2.338558E-02	
9934	-9.027197E-02	1.706860E-02	-2.480648E-02	
9935	-6.670443E-02	1.062071E-02	-2.360402E-02	
9936	-5.456717E-02	-3.694476E-03	-3.959039E-02	
9937	-8.276595E-02	1.296658E-02	-2.978457E-02	
9938	-8.483699E-02	1.330228E-02	-3.050364E-02	
9939	-7.329437E-02	1.673096E-02	-7.813776E-03	
9940	-4.115834E-02	-2.357255E-02	5.153794E-02	
9941	-5.596788E-03	-7.818349E-02	5.711255E-02	
9942	-6.602388E-03	-6.960484E-02	5.288025E-02	
9943	5.336769E-03	-8.736697E-02	4.734185E-02	
9944	-1.759039E-02	3.763489E-03	3.274837E-03	
9945	3.615165E-03	-7.436843E-02	4.177804E-02	
9946	1.060888E-02	-7.998385E-02	3.298495E-02	
9947	1.233471E-02	-8.167813E-02	3.045176E-02	
9948	-8.765485E-03	-2.511696E-02	2.611681E-02	
9949	-1.422777E-02	-5.572492E-02	5.255260E-02	
9950	3.205189E-03	-7.402760E-02	4.220100E-02	
9951	-6.239006E-02	1.380380E-02	-9.413647E-03	
9952	6.747512E-05	-3.037062E-03	-1.828476E-03	
9953	1.148713E-02	-6.517467E-02	2.027543E-02	
9954	1.774269E-03	-6.373944E-02	3.784006E-02	
9955	1.329259E-02	-6.509053E-02	1.464034E-02	
9956	-5.175510E-03	-5.614218E-02	4.246654E-02	
9957	1.450649E-04	-5.885393E-02	3.712563E-02	
9958	-3.842471E-03	-6.808426E-02	4.840701E-02	
9959	9.215844E-03	-9.514796E-02	4.576396E-02	
9960	-4.384577E-03	-6.030480E-02	4.413844E-02	
9961	1.952240E-03	-6.247970E-02	3.677125E-02	
9962	-4.862412E-03	-5.993555E-02	4.450708E-02	
9963	6.324213E-03	-5.779340E-02	2.646513E-02	
9964	3.324072E-04	-6.112299E-02	3.829657E-02	
9965	-8.932174E-02	1.324793E-02	-3.384167E-02	
9966	-3.730472E-02	4.459550E-03	-1.636194E-02	
9967	-4.732009E-02	6.003585E-03	-2.006917E-02	
9968	-3.060298E-02	-4.942596E-03	-2.568353E-02	
9969	-5.836293E-02	-4.691540E-04	-3.768367E-02	
9970	-7.451392E-02	5.431985E-03	-3.892894E-02	
9971	-4.138064E-02	-1.739464E-03	-2.863771E-02	
9972	-4.095780E-02	-5.446133E-03	-3.300740E-02	
9973	1.269015E-03	-7.782996E-02	-4.753670E-02	
9974	-8.452173E-03	-5.212499E-02	-4.378461E-02	
9975	-3.065357E-02	-3.224319E-02	-5.079502E-02	
9976	-3.609130E-02	-1.347677E-02	-3.840582E-02	
9977	-1.549548E-02	-5.708730E-02	-5.481212E-02	
9978	-3.149164E-02	-3.059666E-02	-5.014625E-02	
9979	-5.991773E-02	-1.563189E-02	-5.686154E-02	
9980	-2.189968E-02	-2.143193E-02	-3.499783E-02	
9981	-6.896052E-02	-3.913638E-02	-8.602615E-02	
9982	-8.277476E-02	4.774622E-03	-4.530773E-02	
9983	-2.051757E-02	-6.368125E-02	-6.449140E-02	
9984	-3.730205E-03	-6.512646E-02	-4.637513E-02	
9985	-1.604036E-02	-2.574912E-02	-3.340214E-02	
9986	-2.242031E-02	-1.188033E-02	-2.719851E-02	
9987	2.268520E-02	-1.007340E-01	-1.288001E-02	
9988	4.326577E-03	-1.038288E-01	-5.945155E-02	
9989	1.555438E-02	-6.671206E-02	-3.920759E-03	
9990	-1.080038E-01	1.525780E-02	-4.258152E-02	
9991	3.682353E-03	-7.231387E-02	-4.036059E-02	
9992	5.613793E-03	-7.768441E-02	-4.066767E-02	
9993	-6.601796E-02	9.090717E-03	-2.652931E-02	
9994	-8.511282E-02	1.226019E-02	-3.304640E-02	
9995	-8.537436E-02	1.120496E-02	-3.545199E-02	
9996	-8.007803E-02	1.038081E-02	-3.351572E-02	
9997	-8.533711E-02	1.250430E-02	-3.266989E-02	
9998	-7.637600E-02	5.984056E-03	-3.920076E-02	
9999	-8.537951E-02	1.294540E-02	-3.171476E-02	
10000	-8.152136E-02	1.254070E-02	-2.987071E-02	
10001	-8.449370E-02	1.271543E-02	-3.160172E-02	
10002	-8.484889E-02	1.237387E-02	-3.261249E-02	
10003	-8.526040E-02	1.249201E-02	-3.264284E-02	
10004	-8.686896E-02	1.292329E-02	-3.282521E-02	
10005	-8.513689E-02	1.290617E-02	-3.163019E-02	
10006	-8.578025E-02	1.307374E-02	-3.171021E-02	
10007	-8.574234E-02	1.357117E-02	-3.053154E-02	
10008	-9.024056E-02	1.763545E-02	-2.301400E-02	
10009	-8.581294E-02	1.673854E-02	-2.198677E-02	
10010	-1.052066E-01	1.727425E-02	-3.596906E-02	
10011	-1.180764E-01	2.763510E-02	-5.306699E-03	
10012	-8.636895E-02	1.374225E-02	-3.058490E-02	
10013	-8.529829E-02	1.356624E-02	-3.021914E-02	
10014	-1.106257E-01	2.433469E-02	-1.743664E-02	
10015	-1.026872E-01	4.422163E-03	5.857612E-02	
10016	-1.439619E-02	-7.196926E-02	6.354002E-02	
10017	-1.553001E-02	-6.348563E-02	5.914472E-02	
10018	6.190232E-03	-8.806576E-02	4.639138E-02	
10019	-1.493548E-01	3.495079E-02	6.798455E-03	
10020	9.492702E-03	-1.090134E-01	5.431722E-02	
10021	2.115382E-02	-1.151243E-01	3.343295E-02	
10022	1.903592E-02	-1.130480E-01	3.747340E-02	
10023	-4.927202E-02	-3.859083E-02	7.076490E-02	
10024	-3.474814E-02	-7.518093E-02	8.645670E-02	
10025	1.467023E-02	-1.133754E-01	4.750683E-02	
10026	-7.214436E-02	1.547709E-02	1.324717E-02	
10027	-8.350849E-02	-2.083051E-02	7.823005E-02	
10028	-8.180295E-02	-4.166639E-02	9.768515E-02	
10029	1.510510E-02	-1.289524E-01	5.716052E-02	
10030	1.514628E-02	-1.387051E-01	6.357661E-02	
10031	7.867439E-03	-1.248058E-01	6.723317E-02	
10032	2.521388E-02	-1.388815E-01	4.119433E-02	
10033	2.231795E-02	-1.424050E-01	5.122796E-02	
10034	1.522493E-02	-1.388623E-01	6.353339E-02	
10035	1.944371E-02	-1.282128E-01	4.761674E-02	
10036	1.602989E-02	-1.208199E-01	4.981603E-02	
10037	6.373598E-03	-1.175001E-01	6.496127E-02	
10038	2.692322E-02	-1.355120E-01	3.310737E-02	
10039	2.282898E-02	-1.268614E-01	3.819160E-02	
10040	-8.914511E-02	1.263492E-02	-3.505762E-02	
10041	-7.233945E-02	-1.325537E-02	-6.250453E-02	
10042	-1.250320E-01	-1.350929E-03	-8.121439E-02	
10043	-1.329909E-01	3.094705E-02	8.610969E-03	
10044	-1.508310E-01	1.578275E-02	-7.041204E-02	
10045	-1.368208E-01	1.938347E-03	-8.399504E-02	
10046	-1.654227E-01	3.506170E-02	-3.221518E-02	
10047	-1.427478E-01	2.395031E-02	-4.753614E-02	
10048	-1.446274E-01	1.020519E-02	7.612194E-02	
10049	-1.302219E-01	-3.575721E-03	8.757127E-02	
10050	-1.554947E-01	2.094389E-02	6.346458E-02	
10051	-1.718470E-01	3.771489E-02	2.753115E-02	
10052	-1.239139E-01	-1.126996E-02	9.353944E-02	
10053	-1.623573E-01	3.783754E-02	9.775903E-03	
10054	-1.697286E-01	3.410588E-02	-4.015220E-02	
10055	-1.464547E-01	1.669501E-02	6.580135E-02	
10056	-1.706088E-01	4.014231E-02	-5.114410E-04	
10057	-1.378600E-01	2.713156E-03	-8.351686E-02	
10058	-1.719870E-01	3.946309E-02	1.671722E-02	
10059	-1.444971E-01	2.864767E-02	3.550634E-02	
10060	-1.507027E-01	3.543378E-02	2.500877E-03	
10061	-1.313011E-01	2.696161E-02	-2.898912E-02	
10062	-7.586469E-02	-5.745270E-02	1.072852E-01	
10063	-1.184087E-01	-1.623313E-02	9.600219E-02	
10064	-6.555985E-02	-5.587304E-02	9.796075E-02	
10065	-1.394267E-01	4.591014E-03	-8.170178E-02	
10066	-1.065363E-01	-2.319553E-02	9.614123E-02	
10067	-1.074600E-01	-1.703970E-02	8.982119E-02	
10068	-1.351477E-01	1.842547E-04	-8.546498E-02	
10069	-1.344029E-01	-9.149247E-04	-8.654869E-02	
10070	-1.354834E-01	1.619461E-04	-8.570976E-02	
10071	-1.352731E-01	1.412245E-04	-8.560590E-02	
10072	-1.346105E-01	-7.071071E-04	-8.638789E-02	
10073	-1.363404E-01	1.208583E-03	-8.475073E-02	
10074	-1.354337E-01	8.600302E-05	-8.578642E-02	
10075	-1.363660E-01	1.155327E-03	-8.484394E-02	
10076	-1.355028E-01	2.071091E-04	-8.565764E-02	
10077	-1.345650E-01	-7.834309E-04	-8.646654E-02	
10078	-1.346429E-01	-7.029736E-04	-8.640259E-02	
10079	-1.346816E-01	-6.385104E-04	-8.633627E-02	
10080	-1.353731E-01	7.979765E-05	-8.575681E-02	
10081	-1.353008E-01	-4.597858E-05	-8.588992E-02	
10082	-1.359579E-01	6.636480E-04	-8.529310E-02	
10083	-1.372808E-01	2.073342E-03	-8.408959E-02	
10084	-1.372819E-01	2.070867E-03	-8.409391E-02	
10085	-1.364951E-01	1.439956E-03	-8.451379E-02	
10086	-9.287571E-02	-4.260603E-02	-1.065018E-01	
10087	-1.361187E-01	9.139842E-04	-8.503519E-02	
10088	-1.362161E-01	9.206824E-04	-8.508735E-02	
10089	-1.373139E-01	2.109809E-03	-8.405721E-02	
10090	-1.333403E-01	2.907510E-02	-2.230118E-02	
10091	-3.483692E-02	5.552186E-04	2.129633E-02	
10092	-3.569755E-02	-5.863882E-04	2.346611E-02	
10093	-1.110837E-02	-9.176052E-03	1.635506E-02	
10094	-1.017912E-01	-2.025475E-02	-8.975021E-02	
10095	-8.659625E-03	-2.587751E-03	8.562112E-03	
10096	-8.117697E-04	-8.241206E-03	6.298134E-03	
10097	-4.564164E-04	-8.579343E-03	6.063578E-03	
10098	-3.283135E-02	3.045898E-03	-1.603023E-02	
10099	-5.047852E-02	1.153829E-02	-5.262123E-03	
10100	-8.354886E-03	-2.751247E-03	8.521548E-03	
10101	-1.010147E-01	-2.012855E-02	-8.909707E-02	
10102	1.908949E-02	-1.199564E-01	-4.247147E-02	
10103	-3.625080E-02	-2.179804E-03	-2.594764E-02	
10104	-9.505199E-03	2.155952E-03	-1.113400E-03	
10105	8.779630E-04	-8.264727E-03	3.833893E-03	
10106	-1.249622E-02	2.424212E-03	-3.244186E-03	
10107	-3.776594E-03	8.536345E-04	4.624591E-04	
10108	-9.165586E-03	2.064855E-03	-1.166997E-03	
10109	-9.773707E-03	2.286615E-03	-4.545220E-04	
10110	-1.156951E-02	2.532772E-03	1.885584E-03	
10111	-6.141384E-03	2.669552E-04	3.499395E-03	
10112	-1.613080E-02	3.781611E-03	6.012936E-04	
10113	-2.443817E-04	-6.805313E-04	7.145067E-04	
10114	-5.597128E-03	2.445873E-05	3.515460E-03	
10115	-1.363434E-01	1.201586E-03	-8.476273E-02	
10116	-7.252872E-02	-1.326143E-02	-6.263572E-02	
10117	-1.220182E-01	-1.425368E-03	-7.940600E-02	
10118	-8.911453E-03	-1.047438E-01	-7.830071E-02	
10119	-1.107419E-01	-2.439952E-02	-1.002525E-01	
10120	-1.324817E-01	-2.255568E-03	-8.719772E-02	
10121	-5.064791E-02	-8.147526E-02	-1.055958E-01	
10122	-7.223126E-02	-4.360182E-02	-9.245590E-02	
10123	2.776757E-02	-1.632270E-01	-5.339212E-02	
10124	3.209736E-02	-1.616570E-01	-3.956316E-02	
10125	1.561223E-02	-1.480020E-01	-6.885977E-02	
10126	-4.646649E-03	-1.300316E-01	-8.889562E-02	
10127	3.564258E-02	-1.693522E-01	-3.402164E-02	
10128	-2.164497E-02	-1.080893E-01	-9.545587E-02	
10129	-7.125072E-02	-6.347499E-02	-1.087474E-01	
10130	1.998954E-02	-1.530085E-01	-6.372542E-02	
10131	-3.322954E-02	-9.278875E-02	-9.733015E-02	
10132	-1.318306E-01	-3.276432E-03	-8.818559E-02	
10133	-2.259898E-02	-1.120759E-01	-9.914970E-02	
10134	6.181928E-04	-1.222936E-01	-7.669033E-02	
10135	-3.090056E-02	-8.736953E-02	-9.125788E-02	
10136	-5.503636E-02	-5.272277E-02	-8.702853E-02	
10137	4.067279E-02	-1.759389E-01	1.435787E-02	
10138	3.617192E-02	-1.664991E-01	-2.849001E-02	
10139	3.753795E-02	-1.675277E-01	2.258941E-02	
10140	-1.292073E-01	-5.571255E-03	-8.960436E-02	
10141	4.063943E-02	-1.750476E-01	-1.245588E-02	
10142	3.904826E-02	-1.703139E-01	-1.681030E-02	
10143	-1.350907E-01	1.779848E-04	-8.543774E-02	
10144	-1.344031E-01	-9.148917E-04	-8.654873E-02	
10145	-1.332219E-01	-2.103413E-03	-8.745711E-02	
10146	-1.329677E-01	-2.152598E-03	-8.736379E-02	
10147	-1.344369E-01	-8.809675E-04	-8.652248E-02	
10148	-1.341198E-01	-9.957496E-04	-8.648265E-02	
10149	-1.356848E-01	3.358511E-04	-8.558928E-02	
10150	-1.363559E-01	1.154558E-03	-8.483866E-02	
10151	-1.355069E-01	2.075458E-04	-8.565964E-02	
10152	-1.345696E-01	-7.827860E-04	-8.646855E-02	
10153	-1.344837E-01	-8.737175E-04	-8.654198E-02	
10154	-1.343317E-01	-9.864686E-04	-8.660404E-02	
10155	-1.356342E-01	3.300637E-04	-8.556545E-02	
10156	-1.358005E-01	4.502160E-04	-8.549911E-02	
10157	-1.370021E-01	1.703960E-03	-8.445183E-02	
10158	-1.370922E-01	1.890079E-03	-8.423776E-02	
10159	-1.370885E-01	1.888411E-03	-8.423780E-02	
10160	-1.374641E-01	2.384466E-03	-8.374967E-02	
10161	-1.676899E-01	3.221378E-02	-4.453123E-02	
10162	-1.366302E-01	1.426239E-03	-8.461939E-02	
10163	-1.367307E-01	1.434139E-03	-8.467170E-02	
10164	-1.373502E-01	2.111206E-03	-8.407825E-02	
10165	-1.526685E-01	3.156821E-02	-3.288390E-02	
10166	-3.207627E-02	-7.315673E-04	2.136715E-02	
10167	-3.282968E-02	-1.981271E-03	2.350816E-02	
10168	-1.078973E-02	-9.374590E-03	1.627119E-02	
10169	-1.555889E-01	2.552962E-02	-5.323604E-02	
10170	-1.336939E-02	-2.498258E-02	3.042750E-02	
10171	1.467593E-03	-3.075137E-02	1.731806E-02	
10172	3.726397E-04	-2.968892E-02	1.829614E-02	
10173	-7.599352E-02	5.272984E-04	4.744964E-02	
10174	-7.567910E-02	-2.395908E-03	5.132281E-02	
10175	-9.611233E-03	-2.765613E-02	2.871654E-02	
10176	-1.368145E-01	2.305721E-02	-4.530294E-02	
10177	-1.185156E-01	4.488446E-03	6.855435E-02	
10178	-1.180936E-01	5.394105E-03	6.688440E-02	
10179	-1.756405E-02	-5.378135E-02	5.470587E-02	
10180	-9.974081E-03	-9.856686E-02	7.565350E-02	
10181	-3.095113E-02	-4.692950E-02	6.239418E-02	
10182	-4.132478E-03	-5.527523E-02	4.060156E-02	
10183	-1.418280E-02	-5.995357E-02	5.533352E-02	
10184	-2.250608E-02	-6.846581E-02	6.979140E-02	
10185	-1.425345E-02	-3.847156E-02	4.082772E-02	
10186	-9.910091E-03	-3.364259E-02	3.311533E-02	
10187	-2.933649E-02	-2.839933E-02	4.663043E-02	
10188	4.672484E-03	-5.617236E-02	2.836737E-02	
10189	-4.727144E-03	-3.762218E-02	2.999128E-02	
10190	-1.315931E-01	-3.515743E-03	-8.836067E-02	
10191	2.823518E-02	-1.624079E-01	-5.155503E-02	
10192	-1.934574E-02	-1.066599E-01	-9.193453E-02	
10193	1.462986E-02	-1.375335E-01	-6.376347E-02	
10194	-7.497495E-02	-6.050165E-02	-1.091838E-01	
10195	-1.016143E-01	-3.389308E-02	-1.040788E-01	
10196	1.127694E-02	-1.453275E-01	-7.477634E-02	
10197	-7.624464E-02	-5.188021E-02	-1.027659E-01	
10198	-1.119976E-01	2.579522E-02	-1.004617E-02	
10199	-1.219979E-01	2.622521E-02	-2.216428E-02	
10200	-1.013639E-01	-2.657143E-02	-9.632812E-02	
10201	-3.382655E-02	-9.787968E-02	-1.014426E-01	
10202	-1.110979E-01	2.424414E-02	-1.848820E-02	
10203	-1.123091E-01	-1.603353E-02	-9.180651E-02	
10204	-1.003659E-01	-3.514135E-02	-1.044765E-01	
10205	-4.122094E-02	-5.174944E-02	-7.490671E-02	
10206	-1.236017E-01	-1.195686E-02	-9.419040E-02	
10207	-1.024408E-01	-3.282164E-02	-1.035565E-01	
10208	-8.596807E-02	1.975085E-02	-8.143929E-03	
10209	-8.434031E-02	1.947269E-02	-7.123880E-03	
10210	-4.712103E-02	9.176688E-03	-1.212031E-02	
10211	-3.476132E-02	1.790850E-03	-1.936857E-02	
10212	-6.462170E-02	-1.095527E-02	5.482899E-02	
10213	-1.449973E-01	3.192400E-02	2.270679E-02	
10214	-3.313022E-02	-5.929939E-03	2.846664E-02	
10215	-1.046017E-01	-3.090543E-02	-1.030587E-01	
10216	-8.792215E-02	1.994409E-02	1.028671E-02	
10217	-8.434777E-02	1.953153E-02	6.554464E-03	
10218	-9.870436E-02	-3.681628E-02	-1.049940E-01	
10219	-9.965421E-02	-3.512126E-02	-1.039651E-01	
10220	-1.009606E-01	-3.382686E-02	-1.035627E-01	
10221	-1.012851E-01	-3.397616E-02	-1.039366E-01	
10222	-1.016682E-01	-3.311179E-02	-1.033231E-01	
10223	-1.004950E-01	-3.476445E-02	-1.041873E-01	
10224	-1.029164E-01	-3.166030E-02	-1.026917E-01	
10225	-1.035929E-01	-3.089243E-02	-1.023600E-01	
10226	-1.026837E-01	-3.176780E-02	-1.026436E-01	
10227	-1.012794E-01	-3.329659E-02	-1.032444E-01	
10228	-1.015337E-01	-3.305543E-02	-1.031737E-01	
10229	-1.019083E-01	-3.287541E-02	-1.032469E-01	
10230	-1.028280E-01	-3.162946E-02	-1.025998E-01	
10231	-1.030608E-01	-3.152096E-02	-1.026467E-01	
10232	-1.034724E-01	-3.098140E-02	-1.023701E-01	
10233	-1.042566E-01	-3.023200E-02	-1.021252E-01	
10234	-1.042517E-01	-3.023257E-02	-1.021225E-01	
10235	-1.039757E-01	-3.076374E-02	-1.024867E-01	
10236	-5.493760E-02	-7.871891E-02	-1.072965E-01	
10237	-1.035538E-01	-3.093917E-02	-1.023817E-01	
10238	-1.035217E-01	-3.092921E-02	-1.023496E-01	
10239	-1.040575E-01	-3.036922E-02	-1.021329E-01	
10240	-6.421973E-02	-5.792764E-02	-9.860732E-02	
10241	3.421948E-03	-2.402147E-02	-9.409584E-03	
10242	4.484498E-03	-2.648757E-02	-8.718744E-03	
10243	2.902134E-03	-1.245238E-02	7.485037E-04	
10244	-6.902066E-02	-6.214639E-02	-1.058868E-01	
10245	4.372658E-03	-2.563298E-02	8.353807E-03	
10246	-3.755473E-03	-1.136932E-02	1.160785E-02	
10247	-2.993480E-03	-1.215836E-02	1.134771E-02	
10248	1.754636E-02	-8.176689E-02	-1.499200E-02	
10249	1.590684E-02	-7.803002E-02	-1.765331E-02	
10250	3.189489E-03	-2.359857E-02	9.608890E-03	
10251	-6.365393E-02	-5.869801E-02	-9.879165E-02	
10252	3.348036E-02	-1.485587E-01	-1.883494E-02	
10253	2.733172E-02	-1.306629E-01	-2.692519E-02	
10254	7.693665E-03	-5.842880E-02	2.421121E-02	
10255	-9.642764E-03	-8.652643E-02	6.749555E-02	
10256	1.309341E-02	-7.018461E-02	1.981214E-02	
10257	-1.613896E-03	-3.994461E-02	2.755718E-02	
10258	5.632787E-03	-5.850756E-02	2.820201E-02	
10259	9.315513E-03	-7.791382E-02	3.417048E-02	
10260	6.631150E-03	-4.244000E-02	1.531400E-02	
10261	2.864823E-03	-3.003188E-02	1.452344E-02	
10262	1.163897E-02	-5.294831E-02	8.388073E-03	
10263	-1.088966E-02	-2.406991E-02	2.745678E-02	
10264	9.008596E-04	-2.712590E-02	1.588371E-02	
10265	-1.025904E-01	-3.267132E-02	-1.035053E-01	
10266	2.655765E-02	-1.612488E-01	-5.492931E-02	
10267	-2.075206E-02	-1.068712E-01	-9.365588E-02	
10268	3.285654E-02	-1.664818E-01	-4.140689E-02	
10269	-8.736262E-03	-1.222502E-01	-8.928385E-02	
10270	-8.817305E-02	-4.689109E-02	-1.071197E-01	
10271	2.871186E-02	-1.610969E-01	-4.925859E-02	
10272	9.149268E-03	-1.441661E-01	-7.756254E-02	
10273	3.138853E-02	-1.367258E-01	-1.315364E-02	
10274	2.628457E-02	-1.120480E-01	-3.797874E-03	
10275	2.393024E-02	-1.148981E-01	-2.408546E-02	
10276	2.959559E-02	-1.493122E-01	-3.671198E-02	
10277	2.995531E-02	-1.273120E-01	3.067795E-04	
10278	2.025093E-02	-1.463163E-01	-5.857960E-02	
10279	6.920704E-03	-1.235465E-01	-6.795435E-02	
10280	3.359619E-02	-1.555782E-01	-2.757220E-02	
10281	8.711299E-03	-9.349196E-02	-4.558158E-02	
10282	-8.589247E-02	-4.907735E-02	-1.074487E-01	
10283	5.059298E-03	-1.217920E-01	-6.976157E-02	
10284	2.391184E-02	-1.591098E-01	-5.958229E-02	
10285	-3.662367E-03	-1.316654E-01	-8.860586E-02	
10286	-3.603383E-02	-9.575787E-02	-1.021727E-01	
10287	2.626150E-02	-1.397417E-01	3.888126E-02	
10288	2.649176E-02	-1.128707E-01	3.470772E-03	
10289	2.676224E-02	-1.587659E-01	5.255753E-02	
10290	-9.040807E-02	-4.289188E-02	-1.050113E-01	
10291	3.531858E-02	-1.585191E-01	2.255215E-02	
10292	3.817055E-02	-1.681258E-01	1.943872E-02	
10293	-9.795377E-02	-3.685882E-02	-1.045144E-01	
10294	-9.964219E-02	-3.511456E-02	-1.039501E-01	
10295	-9.814077E-02	-3.657767E-02	-1.043664E-01	
10296	-9.848092E-02	-3.680865E-02	-1.048312E-01	
10297	-1.011608E-01	-3.360773E-02	-1.034785E-01	
10298	-9.168307E-02	-4.351031E-02	-1.065050E-01	
10299	-1.026268E-01	-3.194422E-02	-1.027859E-01	
10300	-1.035911E-01	-3.089190E-02	-1.023582E-01	
10301	-1.026779E-01	-3.176568E-02	-1.026374E-01	
10302	-1.012707E-01	-3.329272E-02	-1.032345E-01	
10303	-1.010130E-01	-3.353759E-02	-1.033060E-01	
10304	-1.008981E-01	-3.385878E-02	-1.035521E-01	
10305	-1.025276E-01	-3.190601E-02	-1.026790E-01	
10306	-1.024723E-01	-3.209405E-02	-1.028341E-01	
10307	-1.036563E-01	-3.078713E-02	-1.022941E-01	
10308	-1.039306E-01	-3.055150E-02	-1.022360E-01	
10309	-1.039314E-01	-3.055268E-02	-1.022379E-01	
10310	-1.044199E-01	-3.024685E-02	-1.022514E-01	
10311	-1.444444E-01	1.082698E-02	-7.496538E-02	
10312	-1.036356E-01	-3.084422E-02	-1.023391E-01	
10313	-1.036111E-01	-3.083605E-02	-1.023140E-01	
10314	-1.040516E-01	-3.036745E-02	-1.021271E-01	
10315	-5.621225E-02	-5.548797E-02	-9.021868E-02	
10316	2.999036E-03	-2.543583E-02	-1.123710E-02	
10317	4.142491E-03	-2.797266E-02	-1.061218E-02	
10318	3.051669E-03	-1.299050E-02	3.212930E-04	
10319	-1.243912E-01	-3.955811E-03	-8.438149E-02	
10320	3.487573E-04	-4.654463E-03	-2.415832E-03	
10321	-5.843696E-05	-1.938290E-03	1.310524E-03	
10322	-1.235963E-04	-1.863402E-03	1.348673E-03	
10323	-3.689109E-02	3.044761E-03	-1.867128E-02	
10324	-2.647769E-02	-1.021563E-02	-2.849970E-02	
10325	4.736644E-04	-4.476267E-03	-2.079904E-03	
10326	-1.213900E-01	-3.780198E-03	-8.223744E-02	
10327	-1.317931E-01	2.312908E-02	4.126546E-02	
10328	-6.243699E-02	1.043963E-02	-2.088231E-02	
10329	-1.001656E-02	2.003341E-03	-2.402101E-03	
10330	-9.046175E-03	-1.608330E-02	1.998958E-02	
10331	-1.478609E-02	2.793688E-03	-4.069372E-03	
10332	-3.985453E-03	9.145066E-04	3.871476E-04	
10333	-9.811168E-03	2.174045E-03	-1.462325E-03	
10334	-1.181990E-02	2.682981E-03	-1.370528E-03	
10335	-5.923067E-03	-5.182913E-04	-4.445730E-03	
10336	-1.994391E-03	-7.542315E-04	-2.131686E-03	
10337	-9.566776E-03	-9.870531E-04	-7.366130E-03	
10338	-2.901303E-04	-6.385056E-04	7.295456E-04	
10339	-1.510508E-03	-6.308616E-04	-1.672710E-03	
10340	-9.697522E-02	-3.825237E-02	-1.052018E-01	
10341	-2.227419E-02	-2.721731E-02	-3.989743E-02	
10342	-3.039628E-02	-3.546578E-02	-5.313585E-02	
10343	-4.885418E-02	-4.363551E-03	-3.677950E-02	
10344	-6.966386E-02	-2.426876E-02	-7.239388E-02	
10345	-5.935391E-02	-4.270036E-02	-8.200680E-02	
10346	-5.333530E-02	-1.446041E-02	-5.119212E-02	
10347	-6.414883E-02	-9.556710E-03	-5.290475E-02	
10348	-1.352301E-01	3.116646E-02	1.194497E-02	
10349	-1.318462E-01	3.052273E-02	1.032328E-02	
10350	-1.268520E-01	2.461867E-02	-3.290092E-02	
10351	-8.578919E-02	5.631357E-03	-4.584986E-02	
10352	-1.347845E-01	3.134866E-02	8.921672E-03	
10353	-1.074547E-01	1.431006E-02	-4.419525E-02	
10354	-1.052045E-01	-3.894912E-03	-7.210416E-02	
10355	-8.553030E-02	1.662209E-02	-2.211069E-02	
10356	-1.387176E-01	1.318569E-02	-6.716778E-02	
10357	-6.370421E-02	-4.296420E-02	-8.552889E-02	
10358	-1.379373E-01	2.983390E-02	-2.422795E-02	
10359	-1.181445E-01	2.777083E-02	-2.306342E-03	
10360	-7.449473E-02	1.326882E-02	-2.280045E-02	
10361	-5.251398E-02	1.464506E-03	-3.117179E-02	
10362	-1.047775E-01	5.217386E-03	5.866587E-02	
10363	-1.504928E-01	3.270260E-02	2.571272E-02	
10364	-7.029886E-02	5.329675E-04	4.382881E-02	
10365	-6.094742E-02	-5.172488E-02	-9.088765E-02	
10366	-1.149810E-01	2.545500E-02	1.726526E-02	
10367	-1.218918E-01	2.589678E-02	2.347813E-02	
10368	-4.436897E-02	-4.786663E-02	-7.447746E-02	
10369	-5.211929E-02	-5.489024E-02	-8.641967E-02	
10370	-5.522556E-02	-5.200394E-02	-8.659347E-02	
10371	-5.338493E-02	-5.017149E-02	-8.362629E-02	
10372	-5.338304E-02	-5.363246E-02	-8.643551E-02	
10373	-5.946981E-02	-4.426888E-02	-8.344351E-02	
10374	-5.445368E-02	-5.456419E-02	-8.805288E-02	
10375	-5.487624E-02	-5.191265E-02	-8.623983E-02	
10376	-5.449109E-02	-5.481076E-02	-8.828212E-02	
10377	-5.359609E-02	-5.541700E-02	-8.804432E-02	
10378	-5.437182E-02	-5.463110E-02	-8.804073E-02	
10379	-5.418574E-02	-5.301336E-02	-8.658191E-02	
10380	-5.458037E-02	-5.469193E-02	-8.825837E-02	
10381	-5.454635E-02	-5.446054E-02	-8.804401E-02	
10382	-5.423933E-02	-5.502595E-02	-8.825185E-02	
10383	-4.911669E-02	-5.824689E-02	-8.659649E-02	
10384	-4.889925E-02	-5.788945E-02	-8.613519E-02	
10385	-5.626222E-02	-5.730239E-02	-9.172378E-02	
10386	-1.633363E-02	-9.981165E-02	-8.401253E-02	
10387	-5.411775E-02	-5.330222E-02	-8.676132E-02	
10388	-5.505773E-02	-5.424850E-02	-8.828487E-02	
10389	-4.552149E-02	-6.967203E-02	-9.225400E-02	
10390	2.489228E-02	-1.371939E-01	-4.073623E-02	
10391	5.342377E-03	-8.717165E-02	4.720759E-02	
10392	6.668693E-03	-8.295576E-02	4.229012E-02	
10393	-1.739228E-02	-5.614303E-02	5.614473E-02	
10394	-1.305759E-02	-1.099387E-01	-8.673278E-02	
10395	-2.697151E-02	-6.882923E-02	7.449338E-02	
10396	-4.857958E-02	-3.933587E-02	7.085806E-02	
10397	-4.431602E-02	-4.364440E-02	7.104416E-02	
10398	2.373680E-02	-1.176946E-01	2.753963E-02	
10399	1.722091E-02	-1.277386E-01	5.210372E-02	
10400	-3.627702E-02	-5.834614E-02	7.562562E-02	
10401	-2.488506E-03	-7.668194E-02	-5.208496E-02	
10402	3.323411E-02	-1.444055E-01	1.317945E-02	
10403	3.437142E-02	-1.585171E-01	2.743868E-02	
10404	-4.156013E-02	-7.121573E-02	8.987322E-02	
10405	-4.525348E-02	-7.832962E-02	9.843754E-02	
10406	-2.931022E-02	-8.743213E-02	8.970186E-02	
10407	-5.977569E-02	-5.180855E-02	9.003765E-02	
10408	-5.466704E-02	-6.416819E-02	9.586466E-02	
10409	-4.349401E-02	-7.907318E-02	9.738508E-02	
10410	-4.718619E-02	-5.907574E-02	8.562081E-02	
10411	-3.934819E-02	-6.120145E-02	8.047477E-02	
10412	-2.538117E-02	-8.385734E-02	8.324579E-02	
10413	-6.380979E-02	-4.100160E-02	8.388370E-02	
10414	-5.261619E-02	-4.701450E-02	8.042219E-02	
10415	-5.561003E-02	-5.062451E-02	-8.576860E-02	
10416	-2.229974E-02	-2.724526E-02	-3.994064E-02	
10417	-3.057990E-02	-3.566110E-02	-5.344199E-02	
10418	-6.450878E-05	-5.508507E-02	-3.503345E-02	
10419	-1.923955E-02	-7.596998E-02	-7.147745E-02	
10420	-3.996163E-02	-6.286153E-02	-8.225640E-02	
10421	-9.362810E-03	-6.009224E-02	-5.003651E-02	
10422	-5.737005E-03	-7.038769E-02	-5.230218E-02	
10423	3.189582E-02	-1.412909E-01	1.756842E-02	
10424	3.150541E-02	-1.403601E-01	1.859255E-02	
10425	2.872990E-02	-1.369400E-01	-2.787855E-02	
10426	1.044057E-02	-9.468869E-02	-4.321220E-02	
10427	3.182191E-02	-1.413524E-01	1.814004E-02	
10428	1.668474E-02	-1.132087E-01	-4.312706E-02	
10429	4.123379E-05	-1.111260E-01	-7.043121E-02	
10430	2.006917E-02	-9.379495E-02	-1.745492E-02	
10431	1.576166E-02	-1.426916E-01	-6.506580E-02	
10432	-4.018580E-02	-6.680869E-02	-8.538726E-02	
10433	3.168118E-02	-1.436750E-01	-2.224723E-02	
10434	2.894500E-02	-1.230345E-01	9.237257E-04	
10435	1.524793E-02	-8.010355E-02	-2.170352E-02	
10436	4.465279E-03	-5.892000E-02	-3.049674E-02	
10437	4.348623E-03	-1.091632E-01	6.281503E-02	
10438	3.190486E-02	-1.527918E-01	3.170568E-02	
10439	-1.596025E-03	-7.564889E-02	5.021524E-02	
10440	-4.944172E-02	-6.381537E-02	-9.119413E-02	
10441	2.521322E-02	-1.202312E-01	2.452186E-02	
10442	2.523491E-02	-1.263296E-01	3.040275E-02	
10443	-4.456535E-02	-4.806760E-02	-7.479843E-02	
10444	-5.214808E-02	-5.491936E-02	-8.646645E-02	
10445	-4.935300E-02	-5.807958E-02	-8.666270E-02	
10446	-4.750013E-02	-5.617597E-02	-8.362595E-02	
10447	-5.183890E-02	-5.523330E-02	-8.646474E-02	
10448	-4.102752E-02	-6.294597E-02	-8.326042E-02	
10449	-5.424164E-02	-5.483618E-02	-8.810081E-02	
10450	-5.686541E-02	-5.387872E-02	-8.943472E-02	
10451	-5.456577E-02	-5.488553E-02	-8.840283E-02	
10452	-5.363149E-02	-5.545270E-02	-8.810175E-02	
10453	-5.290821E-02	-5.630792E-02	-8.819665E-02	
10454	-5.124364E-02	-5.611162E-02	-8.667585E-02	
10455	-5.448616E-02	-5.507934E-02	-8.849472E-02	
10456	-5.415105E-02	-5.502993E-02	-8.818354E-02	
10457	-5.536084E-02	-5.418595E-02	-8.847815E-02	
10458	-5.176053E-02	-5.870077E-02	-8.915123E-02	
10459	-5.196558E-02	-5.883342E-02	-8.942559E-02	
10460	-5.250957E-02	-5.138853E-02	-8.391583E-02	
10461	-9.176173E-02	-1.492909E-02	-7.713646E-02	
10462	-5.610885E-02	-5.423679E-02	-8.912040E-02	
10463	-5.565479E-02	-5.379051E-02	-8.839321E-02	
10464	-3.876069E-02	-6.232862E-02	-8.079423E-02	
10465	2.507923E-02	-1.096130E-01	-1.123781E-02	
10466	6.842182E-04	-8.026414E-02	4.993252E-02	
10467	2.128628E-03	-7.599526E-02	4.509613E-02	
10468	-1.570943E-02	-5.815186E-02	5.575519E-02	
10469	-2.158677E-02	-3.031898E-02	-4.169590E-02	
10470	-1.035721E-02	-4.855055E-02	4.357879E-02	
10471	-2.340305E-02	-3.377572E-02	4.589072E-02	
10472	-2.593304E-02	-3.120963E-02	4.607823E-02	
10473	9.209737E-03	-4.025613E-02	4.133322E-03	
10474	1.410476E-02	-7.800439E-02	2.329585E-02	
10475	-1.027314E-02	-4.865246E-02	4.355367E-02	
10476	-4.174367E-02	-4.369633E-02	-6.900232E-02	
10477	-3.829166E-02	8.816348E-03	3.461413E-03	
10478	2.439488E-03	-3.728397E-02	1.993929E-02	
10479	-1.456646E-03	-4.319862E-02	2.941568E-02	
10480	-1.324745E-02	-7.765396E-03	1.674911E-02	
10481	4.093612E-03	-4.937930E-02	2.496060E-02	
10482	-4.166761E-03	-3.671103E-02	2.872836E-02	
10483	8.176494E-04	-5.148016E-02	3.147472E-02	
10484	-1.001678E-02	-5.199563E-02	4.547687E-02	
10485	8.939205E-04	-5.112680E-02	3.113849E-02	
10486	-6.434049E-03	-3.992256E-02	3.348917E-02	
10487	3.134832E-03	-5.441172E-02	2.978892E-02	
10488	-1.250675E-02	-2.242416E-02	2.777425E-02	
10489	-5.610283E-03	-4.093253E-02	3.318529E-02	
10490	-4.797907E-02	-5.846560E-02	-8.581450E-02	
10491	-1.015609E-02	-3.393998E-03	-1.040895E-02	
10492	-9.819241E-03	-4.249783E-03	-1.101695E-02	
10493	-1.152421E-02	-2.565521E-03	-1.046153E-02	
10494	-1.182400E-02	-4.075048E-03	-1.224311E-02	
10495	-8.946146E-03	-9.995739E-03	-1.529021E-02	
10496	-1.158216E-02	-3.046463E-03	-1.101770E-02	
10497	-1.176827E-02	-3.640667E-03	-1.176352E-02	
10498	-2.891865E-02	5.481472E-03	-7.905934E-03	
10499	-1.933748E-02	1.601745E-03	-9.777185E-03	
10500	-1.781629E-02	-7.800356E-04	-1.237114E-02	
10501	-1.400447E-02	-2.187470E-03	-1.166733E-02	
10502	-2.407447E-02	1.113435E-03	-1.361345E-02	
10503	-1.782193E-02	-7.770161E-04	-1.237073E-02	
10504	-1.723509E-02	-4.145701E-03	-1.598089E-02	
10505	-1.444689E-02	-8.682634E-04	-1.034023E-02	
10506	-3.361426E-02	-5.564933E-03	-2.836720E-02	
10507	-9.969273E-03	-1.062527E-02	-1.663082E-02	
10508	-2.929634E-02	2.084384E-03	-1.539104E-02	
10509	-2.499547E-02	3.946592E-03	-8.923222E-03	
10510	-1.264772E-02	-1.191380E-03	-9.598430E-03	
10511	-5.610079E-03	-5.673634E-03	-9.113712E-03	
10512	-2.762657E-02	5.578457E-03	6.440857E-03	
10513	-4.249740E-02	8.772983E-03	-9.208554E-03	
10514	-1.556816E-02	3.334469E-03	2.882358E-03	
10515	-5.587857E-03	-2.703038E-02	-2.406532E-02	
10516	-2.428117E-02	4.612264E-03	-6.608394E-03	
10517	-2.725792E-02	5.660326E-03	-5.779083E-03	
10518	-7.938243E-03	-6.955405E-03	-1.201944E-02	
10519	-4.461862E-03	-9.106550E-03	-1.071021E-02	
10520	-3.743997E-03	-1.080028E-02	-1.120497E-02	
10521	-3.897565E-03	-1.129473E-02	-1.170002E-02	
10522	-1.717591E-03	-1.181137E-02	-9.691927E-03	
10523	-8.833170E-03	-7.021880E-03	-1.277394E-02	
10524	-1.406192E-03	-9.463895E-03	-7.800720E-03	
10525	-1.702642E-03	-7.625194E-03	-6.927649E-03	
10526	-1.440304E-03	-7.835377E-03	-6.775269E-03	
10527	-1.819715E-03	-9.025677E-03	-7.984458E-03	
10528	-1.260343E-03	-9.580394E-03	-7.704633E-03	
10529	-1.028079E-03	-1.355249E-02	-9.973634E-03	
10530	-1.101012E-03	-7.995446E-03	-6.488232E-03	
10531	-1.030989E-03	-9.827512E-03	-7.587750E-03	
10532	-1.247634E-03	-7.842530E-03	-6.559925E-03	
10533	-5.095478E-03	-3.089107E-03	-6.534064E-03	
10534	-5.556163E-03	-4.223453E-03	-7.870763E-03	
10535	-1.687610E-04	-1.220208E-03	-9.910520E-04	
10536	2.099782E-04	-1.714037E-03	-7.418365E-04	
10537	-1.374629E-03	-6.258905E-03	-5.661266E-03	
10538	-1.708102E-03	-7.559337E-03	-6.889816E-03	
10539	-6.961272E-03	1.635225E-03	-1.749365E-04	
10540	-4.395671E-02	-1.482382E-02	4.518677E-02	
10541	-7.709192E-02	-1.374913E-02	6.618396E-02	
10542	-7.061778E-02	-1.228826E-02	6.027772E-02	
10543	-7.651695E-02	-1.470625E-02	6.688529E-02	
10544	4.982651E-03	-2.295630E-02	3.949959E-03	
10545	-7.561492E-02	-1.449614E-02	6.605562E-02	
10546	-7.490751E-02	-1.367109E-02	6.466147E-02	
10547	-7.117828E-02	-1.738824E-02	6.628606E-02	
10548	-3.500432E-02	-2.036295E-02	4.411644E-02	
10549	-7.024161E-02	-1.973252E-02	6.814208E-02	
10550	-7.761045E-02	-1.254061E-02	6.514142E-02	
10551	-1.218517E-02	2.675740E-03	-1.944578E-03	
10552	3.947371E-03	-2.227420E-02	6.871646E-03	
10553	-2.301274E-02	-7.632931E-02	7.567987E-02	
10554	-7.224915E-02	-2.248100E-02	7.235325E-02	
10555	-6.740765E-02	-3.687625E-02	8.283438E-02	
10556	-7.808740E-02	-1.474699E-02	6.796501E-02	
10557	-8.560704E-02	-7.980953E-03	6.486479E-02	
10558	-9.438437E-02	-1.185002E-02	7.522942E-02	
10559	-8.245871E-02	-3.139969E-02	8.834792E-02	
10560	-8.141381E-02	-1.015997E-02	6.481753E-02	
10561	-7.531666E-02	-1.212837E-02	6.316819E-02	
10562	-7.701974E-02	-1.454557E-02	6.703598E-02	
10563	-7.592343E-02	-9.464412E-03	6.043394E-02	
10564	-8.020054E-02	-7.336412E-03	6.059380E-02	
10565	-1.985427E-03	-1.789722E-02	-1.394981E-02	
10566	-1.009332E-02	-3.323572E-03	-1.029452E-02	
10567	-9.440333E-03	-3.779870E-03	-1.029594E-02	
10568	-9.830299E-03	-3.252753E-03	-1.004227E-02	
10569	-9.420126E-03	-3.831215E-03	-1.033177E-02	
10570	-5.326740E-03	-4.767600E-03	-8.148326E-03	
10571	-1.008622E-02	-3.334484E-03	-1.030072E-02	
10572	-8.632194E-03	-3.505278E-03	-9.462252E-03	
10573	-1.903032E-02	3.836501E-03	-4.458411E-03	
10574	-1.337820E-02	-2.957518E-04	-8.898874E-03	
10575	-1.086421E-02	-7.314605E-04	-7.877104E-03	
10576	-1.022241E-02	-2.431381E-03	-9.448859E-03	
10577	-1.151226E-02	2.032910E-03	-3.571064E-03	
10578	-8.315888E-03	-2.295169E-03	-8.024380E-03	
10579	-8.747648E-03	-2.324470E-03	-8.346287E-03	
10580	-1.054186E-02	-2.429154E-03	-9.659447E-03	
10581	-7.738481E-03	-5.942700E-04	-5.704120E-03	
10582	-5.339734E-03	-4.882262E-03	-8.253059E-03	
10583	-2.046177E-03	-1.112128E-02	9.618694E-03	
10584	-1.759351E-02	3.323087E-03	4.845122E-03	
10585	-2.534927E-03	-4.239975E-03	5.405218E-03	
10586	-1.015089E-03	-2.784780E-03	2.938806E-03	
10587	-3.834399E-04	-6.324618E-04	8.110340E-04	
10588	-6.107513E-03	-8.283246E-04	-4.941174E-03	
10589	-1.628324E-03	-2.560673E-03	3.351151E-03	
10590	-2.500972E-03	-4.589378E-03	-5.630819E-03	
10591	-6.345107E-03	1.245229E-03	1.601233E-03	
10592	-9.302519E-03	1.349875E-03	3.590303E-03	
10593	-7.107310E-03	-5.539047E-03	-1.018422E-02	
10594	-4.149951E-03	-8.281757E-03	-9.826170E-03	
10595	-3.851917E-03	-7.697293E-03	-9.127909E-03	
10596	-4.069768E-03	-8.262086E-03	-9.737277E-03	
10597	-2.496473E-03	-9.898204E-03	-9.301904E-03	
10598	-7.067238E-03	-5.703768E-03	-1.029249E-02	
10599	-2.036378E-03	-8.759275E-03	-8.045588E-03	
10600	-1.415200E-03	-6.512213E-03	-5.873872E-03	
10601	-1.458820E-03	-7.911551E-03	-6.846232E-03	
10602	-1.812595E-03	-8.996045E-03	-7.956971E-03	
10603	-2.146712E-03	-8.606533E-03	-8.062403E-03	
10604	-2.497677E-03	-9.048410E-03	-8.731575E-03	
10605	-1.770086E-03	-7.729393E-03	-7.070454E-03	
10606	-2.290450E-03	-8.454403E-03	-8.112853E-03	
10607	-2.088968E-03	-7.395786E-03	-7.186565E-03	
10608	-6.797872E-03	-3.660362E-03	-8.300085E-03	
10609	-5.806640E-03	-2.686710E-03	-6.680291E-03	
10610	-5.220873E-03	-1.782651E-02	-1.751571E-02	
10611	-1.409425E-02	-9.823190E-03	-1.919954E-02	
10612	-2.246445E-03	-7.563786E-03	-7.464292E-03	
10613	-2.140947E-03	-7.206174E-03	-7.112123E-03	
10614	-1.820568E-02	-2.955393E-03	-1.529644E-02	
10615	-9.139855E-02	1.988726E-02	1.549139E-02	
10616	-8.817418E-02	-3.608655E-03	6.089142E-02	
10617	-8.165631E-02	-2.307650E-03	5.500090E-02	
10618	-7.662914E-02	-1.459857E-02	6.683840E-02	
10619	-6.379055E-02	-7.811676E-03	-5.060827E-02	
10620	-8.328553E-02	-1.647590E-02	7.332597E-02	
10621	-6.923441E-02	-2.749878E-02	7.529232E-02	
10622	-7.365709E-02	-2.309416E-02	7.394271E-02	
10623	-8.847143E-02	1.617627E-02	2.592042E-02	
10624	-1.123860E-01	8.086953E-03	5.889147E-02	
10625	-7.864237E-02	-2.090940E-02	7.504694E-02	
10626	-1.884836E-02	4.425793E-03	-5.268197E-04	
10627	-8.818482E-02	1.989471E-02	-1.104728E-02	
10628	-1.514619E-01	3.432772E-02	1.792490E-02	
10629	-9.582494E-02	-1.497521E-02	7.984188E-02	
10630	-1.080702E-01	-1.227240E-02	8.457830E-02	
10631	-9.794044E-02	-1.338518E-02	7.935768E-02	
10632	-7.818406E-02	-3.323317E-02	8.713900E-02	
10633	-9.047437E-02	-2.795452E-02	9.040201E-02	
10634	-1.077849E-01	-1.445247E-02	8.700528E-02	
10635	-8.253905E-02	-2.420971E-02	8.113777E-02	
10636	-8.067700E-02	-2.166882E-02	7.721939E-02	
10637	-9.522674E-02	-1.249004E-02	7.653765E-02	
10638	-6.964793E-02	-3.515310E-02	8.287122E-02	
10639	-7.189861E-02	-3.016773E-02	7.975394E-02	
10640	-2.634157E-03	-7.316455E-03	-7.688493E-03	
10641	8.533699E-03	-7.226368E-02	-3.189892E-02	
10642	8.114973E-03	-9.934857E-02	-5.042735E-02	
10643	-3.286584E-02	-3.702659E-02	-5.641323E-02	
10644	-1.794049E-02	-1.028218E-01	-8.782141E-02	
10645	1.814761E-03	-1.232243E-01	-7.554719E-02	
10646	-2.445456E-02	-6.936866E-02	-7.237634E-02	
10647	-2.780120E-02	-6.933132E-02	-7.565524E-02	
10648	-1.387900E-01	1.974512E-02	-5.442232E-02	
10649	-1.561586E-01	2.849223E-02	-4.592111E-02	
10650	-1.232223E-01	-3.315645E-03	-8.277200E-02	
10651	-7.326546E-02	-3.585825E-02	-8.613100E-02	
10652	-1.529085E-01	3.010914E-02	-3.825730E-02	
10653	-7.428296E-02	-3.581801E-02	-8.682309E-02	
10654	-4.885665E-02	-7.736474E-02	-1.009466E-01	
10655	-9.704958E-02	2.529461E-04	-6.120019E-02	
10656	-8.147781E-02	-5.102144E-02	-1.059296E-01	
10657	1.090617E-03	-1.240084E-01	-7.709751E-02	
10658	-1.059392E-01	-1.504833E-02	-8.651036E-02	
10659	-1.058889E-01	3.774921E-03	-6.161061E-02	
10660	-6.002228E-02	-2.181810E-02	-6.328162E-02	
10661	-2.886621E-02	-4.119319E-02	-5.624977E-02	
10662	-1.498508E-01	3.493830E-02	8.813347E-03	
10663	-1.606630E-01	3.330794E-02	-3.427475E-02	
10664	-1.142784E-01	2.640492E-02	9.458392E-03	
10665	7.291328E-04	-1.233155E-01	-7.717913E-02	
10666	-1.314041E-01	2.533093E-02	-3.462151E-02	
10667	-1.357483E-01	2.691754E-02	-3.334182E-02	
10668	4.958066E-03	-1.245992E-01	-7.170573E-02	
10669	5.965873E-03	-1.298853E-01	-7.351108E-02	
10670	4.714478E-03	-1.286693E-01	-7.467043E-02	
10671	4.689230E-03	-1.272918E-01	-7.383248E-02	
10672	5.530755E-03	-1.294465E-01	-7.390841E-02	
10673	2.448262E-03	-1.250547E-01	-7.577831E-02	
10674	4.784058E-03	-1.295260E-01	-7.510919E-02	
10675	4.422587E-03	-1.297705E-01	-7.581627E-02	
10676	4.879809E-03	-1.298477E-01	-7.516732E-02	
10677	5.902249E-03	-1.306518E-01	-7.409909E-02	
10678	5.544936E-03	-1.302614E-01	-7.440567E-02	
10679	5.197844E-03	-1.291478E-01	-7.423278E-02	
10680	4.787741E-03	-1.297313E-01	-7.523424E-02	
10681	4.693403E-03	-1.294168E-01	-7.517834E-02	
10682	4.101416E-03	-1.290519E-01	-7.584662E-02	
10683	1.842655E-03	-1.271023E-01	-7.796746E-02	
10684	1.857008E-03	-1.272121E-01	-7.801611E-02	
10685	3.433730E-03	-1.263705E-01	-7.514802E-02	
10686	3.034963E-02	-1.555442E-01	-3.982281E-02	
10687	4.238205E-03	-1.294611E-01	-7.589953E-02	
10688	4.233163E-03	-1.291988E-01	-7.574041E-02	
10689	-7.912798E-04	-1.219936E-01	-7.850267E-02	
10690	-7.629688E-02	-1.650731E-02	-6.873782E-02	
10691	-8.150591E-02	1.917485E-02	6.298640E-04	
10692	-7.896543E-02	1.857980E-02	-1.947748E-04	
10693	-6.460592E-02	1.237383E-02	1.727167E-02	
10694	8.455434E-03	-9.413604E-02	-4.645299E-02	
10695	-4.905330E-02	1.012397E-02	1.063812E-02	
10696	-3.930317E-02	3.216080E-03	1.993970E-02	
10697	-3.812305E-02	2.065032E-03	2.108137E-02	
10698	-2.606949E-02	-2.919953E-03	-2.035353E-02	
10699	-5.933374E-02	7.812712E-03	-2.458641E-02	
10700	-4.922059E-02	1.022321E-02	1.042714E-02	
10701	1.097208E-02	-1.147655E-01	-5.545731E-02	
10702	2.031236E-03	-6.310884E-02	3.705172E-02	
10703	-2.885709E-02	7.718579E-04	-1.717863E-02	
10704	-3.350483E-02	7.825084E-03	-1.778310E-03	
10705	-3.516310E-03	-3.270830E-04	2.663411E-03	
10706	-3.457117E-02	7.289825E-03	-6.888581E-03	
10707	-2.701886E-02	6.174408E-03	2.828311E-03	
10708	-3.848740E-02	8.889643E-03	-3.216381E-03	
10709	-4.583567E-02	1.053342E-02	4.317758E-03	
10710	-4.133509E-02	9.624562E-03	-2.602092E-03	
10711	-3.447308E-02	7.654358E-03	5.052780E-03	
10712	-4.278032E-02	9.659153E-03	-5.308435E-03	
10713	-1.895723E-02	2.141746E-03	8.554055E-03	
10714	-3.439270E-02	7.614035E-03	5.164182E-03	
10715	3.616246E-03	-1.264783E-01	-7.494256E-02	
10716	8.542372E-03	-7.239074E-02	-3.196726E-02	
10717	8.165456E-03	-1.005738E-01	-5.113412E-02	
10718	2.387119E-02	-1.039003E-01	9.838553E-03	
10719	2.768523E-02	-1.499701E-01	-4.318414E-02	
10720	8.103376E-03	-1.291405E-01	-6.962896E-02	
10721	3.006981E-02	-1.312192E-01	-1.307514E-02	
10722	2.857502E-02	-1.288550E-01	-1.908394E-02	
10723	-1.486040E-03	-1.265517E-01	8.236705E-02	
10724	-1.162833E-02	-1.217481E-01	9.259345E-02	
10725	1.960873E-02	-1.513277E-01	6.335359E-02	
10726	3.224067E-02	-1.501708E-01	2.746482E-02	
10727	-1.676644E-02	-1.139582E-01	9.373734E-02	
10728	3.246536E-02	-1.470464E-01	2.255403E-02	
10729	3.841744E-02	-1.672704E-01	-1.595088E-02	
10730	1.227894E-02	-1.231044E-01	5.856958E-02	
10731	4.041415E-02	-1.748888E-01	1.442881E-02	
10732	8.756075E-03	-1.312609E-01	-6.992258E-02	
10733	3.132283E-02	-1.570148E-01	3.792930E-02	
10734	1.576471E-02	-1.240147E-01	5.253475E-02	
10735	2.542479E-02	-1.139444E-01	1.599445E-02	
10736	2.348505E-02	-1.005264E-01	-5.227482E-03	
10737	-5.964768E-02	-6.481071E-02	1.004909E-01	
10738	-2.046370E-02	-1.123965E-01	9.696680E-02	
10739	-5.902600E-02	-4.597611E-02	8.455802E-02	
10740	9.773106E-03	-1.312426E-01	-6.822177E-02	
10741	-2.240024E-02	-9.492184E-02	8.754792E-02	
10742	-2.352748E-02	-9.499836E-02	8.881257E-02	
10743	4.953533E-03	-1.243822E-01	-7.157448E-02	
10744	5.965720E-03	-1.298748E-01	-7.350459E-02	
10745	7.359296E-03	-1.313292E-01	-7.223090E-02	
10746	7.342803E-03	-1.298122E-01	-7.128685E-02	
10747	6.269440E-03	-1.301863E-01	-7.322773E-02	
10748	7.473001E-03	-1.299466E-01	-7.116410E-02	
10749	4.967924E-03	-1.297378E-01	-7.496215E-02	
10750	4.401975E-03	-1.285069E-01	-7.504390E-02	
10751	4.880159E-03	-1.298720E-01	-7.518224E-02	
10752	5.902829E-03	-1.306925E-01	-7.412416E-02	
10753	6.280706E-03	-1.311226E-01	-7.380752E-02	
10754	6.663296E-03	-1.306018E-01	-7.287265E-02	
10755	4.971600E-03	-1.300126E-01	-7.513145E-02	
10756	5.068649E-03	-1.298665E-01	-7.488935E-02	
10757	3.608674E-03	-1.286113E-01	-7.630943E-02	
10758	1.831448E-03	-1.259990E-01	-7.728363E-02	
10759	1.841025E-03	-1.259217E-01	-7.722059E-02	
10760	2.707378E-03	-1.280829E-01	-7.731783E-02	
10761	-3.880005E-02	-8.869834E-02	-9.991152E-02	
10762	3.983321E-03	-1.281952E-01	-7.548054E-02	
10763	3.994290E-03	-1.289722E-01	-7.595792E-02	
10764	-6.969796E-04	-1.260043E-01	-8.091421E-02	
10765	-7.827554E-02	-3.649569E-02	-9.031540E-02	
10766	-8.259781E-02	1.942618E-02	-1.071307E-03	
10767	-8.007221E-02	1.881167E-02	-1.931755E-03	
10768	-6.319089E-02	1.142514E-02	1.887472E-02	
10769	-3.680569E-02	-8.893198E-02	-9.815603E-02	
10770	-8.970401E-02	1.404424E-02	3.230301E-02	
10771	-6.370262E-02	-1.486395E-03	4.248045E-02	
10772	-6.628701E-02	1.059836E-03	4.051729E-02	
10773	-1.118602E-01	2.237179E-02	-2.682745E-02	
10774	-1.320612E-01	3.012729E-02	-1.421816E-02	
10775	-8.448204E-02	9.909778E-03	3.742156E-02	
10776	-3.087952E-02	-5.897702E-02	-7.120373E-02	
10777	-1.329831E-01	2.087546E-02	-4.775890E-02	
10778	-1.482214E-01	2.691706E-02	-4.394359E-02	
10779	-1.154204E-01	1.341491E-02	5.136463E-02	
10780	-1.334522E-01	1.376302E-02	6.266896E-02	
10781	-1.294479E-01	2.228166E-02	4.167387E-02	
10782	-9.543043E-02	1.376961E-03	5.854875E-02	
10783	-1.158027E-01	8.306136E-03	6.072627E-02	
10784	-1.315838E-01	1.622194E-02	5.674766E-02	
10785	-9.662814E-02	8.674488E-03	4.769118E-02	
10786	-8.983425E-02	1.010809E-02	4.061399E-02	
10787	-1.127741E-01	2.099919E-02	3.195034E-02	
10788	-7.971285E-02	-5.697480E-03	5.821854E-02	
10789	-8.052249E-02	2.008553E-03	4.815218E-02	
10790	8.769387E-03	-1.312750E-01	-6.990971E-02	
10791	2.766553E-02	-1.272397E-01	-2.166375E-02	
10792	2.976585E-02	-1.628838E-01	-4.776743E-02	
10793	-4.201112E-02	-7.087275E-02	-9.002617E-02	
10794	1.575465E-02	-1.481035E-01	-6.866317E-02	
10795	2.730797E-02	-1.602237E-01	-5.227879E-02	
10796	-1.199929E-02	-1.226999E-01	-9.366324E-02	
10797	2.681585E-03	-1.325332E-01	-8.018160E-02	
10798	-1.261356E-01	-8.809072E-03	-9.186001E-02	
10799	-1.301598E-01	5.864457E-03	-7.384431E-02	
10800	-1.021869E-01	-2.393915E-02	-9.405866E-02	
10801	-6.936556E-02	-6.555081E-02	-1.089542E-01	
10802	-1.458955E-01	1.302597E-02	-7.213235E-02	
10803	-5.301090E-02	-7.993761E-02	-1.065341E-01	
10804	-8.794477E-03	-1.198027E-01	-8.779314E-02	
10805	-1.138733E-01	-2.067612E-02	-9.817701E-02	
10806	-3.753393E-02	-7.626263E-02	-8.984959E-02	
10807	2.676189E-02	-1.589447E-01	-5.269358E-02	
10808	-5.699232E-02	-7.814341E-02	-1.086345E-01	
10809	-7.363355E-02	-4.948236E-02	-9.870384E-02	
10810	-4.303218E-02	-8.472428E-02	-1.010603E-01	
10811	-5.750439E-03	-1.132438E-01	-7.967789E-02	
10812	-1.728045E-01	3.735346E-02	-3.045282E-02	
10813	-1.438358E-01	1.598905E-02	-6.539727E-02	
10814	-1.668602E-01	3.657124E-02	-2.698112E-02	
10815	2.589574E-02	-1.589554E-01	-5.484146E-02	
10816	-1.591376E-01	2.454926E-02	-5.815300E-02	
10817	-1.496925E-01	1.929701E-02	-6.287145E-02	
10818	2.795599E-02	-1.605858E-01	-5.087794E-02	
10819	2.848581E-02	-1.603034E-01	-4.924536E-02	
10820	2.826613E-02	-1.600583E-01	-4.964426E-02	
10821	2.837810E-02	-1.606649E-01	-4.981944E-02	
10822	2.863698E-02	-1.604518E-01	-4.895235E-02	
10823	2.753536E-02	-1.598276E-01	-5.139069E-02	
10824	2.823583E-02	-1.610003E-01	-5.046087E-02	
10825	2.754990E-02	-1.613736E-01	-5.253641E-02	
10826	2.805346E-02	-1.614233E-01	-5.127012E-02	
10827	2.854462E-02	-1.613076E-01	-4.987645E-02	
10828	2.886825E-02	-1.616439E-01	-4.926559E-02	
10829	2.895777E-02	-1.607588E-01	-4.831671E-02	
10830	2.838467E-02	-1.617655E-01	-5.066187E-02	
10831	2.856159E-02	-1.613359E-01	-4.985301E-02	
10832	2.804652E-02	-1.614251E-01	-5.128971E-02	
10833	2.714383E-02	-1.609775E-01	-5.326749E-02	
10834	2.714348E-02	-1.609666E-01	-5.326016E-02	
10835	2.755279E-02	-1.617318E-01	-5.280203E-02	
10836	4.075840E-02	-1.738005E-01	-6.175774E-03	
10837	2.785104E-02	-1.616914E-01	-5.200405E-02	
10838	2.774519E-02	-1.611155E-01	-5.183608E-02	
10839	2.706321E-02	-1.609571E-01	-5.345507E-02	
10840	1.835037E-02	-1.336667E-01	-5.383105E-02	
10841	-3.674384E-05	-1.469515E-02	-9.373638E-03	
10842	-4.938647E-04	-1.437926E-02	-9.803517E-03	
10843	-9.912427E-04	-2.674487E-03	-2.838644E-03	
10844	3.721377E-02	-1.671497E-01	-2.393805E-02	
10845	9.045325E-04	-4.748860E-03	1.284921E-03	
10846	-6.764206E-04	2.767274E-05	3.881073E-04	
10847	-6.495858E-04	-4.574247E-06	4.185145E-04	
10848	8.338354E-03	-4.907513E-02	1.607843E-02	
10849	1.166855E-02	-5.011973E-02	3.173665E-03	
10850	6.747931E-04	-4.010084E-03	1.330420E-03	
10851	3.599358E-02	-1.614736E-01	-2.287690E-02	
10852	-2.297904E-02	-8.909667E-02	8.427023E-02	
10853	1.049462E-02	-8.047326E-02	3.355382E-02	
10854	-5.063128E-03	-1.159793E-02	1.305432E-02	
10855	-5.780419E-02	6.269012E-03	2.657557E-02	
10856	-3.696125E-03	-1.770723E-02	1.580424E-02	
10857	-8.519634E-03	-2.364157E-03	8.234372E-03	
10858	-7.571527E-03	-9.526339E-03	1.377518E-02	
10859	-1.028489E-02	-1.355603E-02	1.918654E-02	
10860	-9.008727E-04	-9.607745E-03	7.286230E-03	
10861	-1.595066E-03	-4.343935E-03	4.595764E-03	
10862	1.480895E-03	-1.683555E-02	8.362564E-03	
10863	-9.764203E-03	1.789970E-03	2.847497E-03	
10864	-2.108184E-03	-2.930283E-03	4.048719E-03	
10865	2.816035E-02	-1.603859E-01	-5.018266E-02	
10866	2.773904E-02	-1.276254E-01	-2.177887E-02	
10867	2.950266E-02	-1.611753E-01	-4.712761E-02	
10868	1.710026E-02	-1.410237E-01	6.138090E-02	
10869	3.804328E-02	-1.697981E-01	-2.291599E-02	
10870	2.935423E-02	-1.627068E-01	-4.877625E-02	
10871	3.719675E-02	-1.725232E-01	3.084379E-02	
10872	3.949151E-02	-1.678833E-01	1.682334E-03	
10873	-2.764474E-02	-1.017579E-01	9.772781E-02	
10874	-3.457814E-02	-7.818728E-02	8.843124E-02	
10875	-8.449870E-03	-1.090217E-01	8.045937E-02	
10876	1.286957E-02	-1.462614E-01	7.264397E-02	
10877	-4.495117E-02	-7.963800E-02	9.912388E-02	
10878	2.423952E-02	-1.590669E-01	5.881065E-02	
10879	3.796077E-02	-1.639744E-01	1.283597E-02	
10880	-1.511755E-02	-1.203559E-01	9.593821E-02	
10881	2.373238E-02	-1.282419E-01	3.675955E-02	
10882	2.966067E-02	-1.619961E-01	-4.734557E-02	
10883	2.438141E-02	-1.582605E-01	5.790728E-02	
10884	7.372381E-03	-1.372946E-01	7.602420E-02	
10885	2.957561E-02	-1.585452E-01	4.476115E-02	
10886	3.630466E-02	-1.562588E-01	1.080419E-02	
10887	-9.628051E-02	-3.631686E-02	1.028156E-01	
10888	-4.580604E-02	-6.836120E-02	9.151978E-02	
10889	-1.055927E-01	-2.905966E-02	1.018033E-01	
10890	3.086992E-02	-1.640255E-01	-4.550469E-02	
10891	-7.125592E-02	-6.360448E-02	1.088585E-01	
10892	-6.608282E-02	-6.890197E-02	1.090171E-01	
10893	2.801075E-02	-1.608710E-01	-5.095490E-02	
10894	2.847887E-02	-1.602663E-01	-4.923492E-02	
10895	2.871933E-02	-1.604322E-01	-4.871207E-02	
10896	2.886739E-02	-1.612094E-01	-4.892368E-02	
10897	2.800355E-02	-1.598118E-01	-5.015168E-02	
10898	2.847995E-02	-1.608410E-01	-4.968401E-02	
10899	2.758063E-02	-1.603372E-01	-5.166462E-02	
10900	2.754965E-02	-1.613722E-01	-5.253600E-02	
10901	2.805000E-02	-1.614051E-01	-5.126515E-02	
10902	2.853976E-02	-1.612834E-01	-4.987052E-02	
10903	2.821574E-02	-1.609373E-01	-5.046519E-02	
10904	2.768795E-02	-1.594778E-01	-5.072400E-02	
10905	2.771499E-02	-1.610538E-01	-5.186683E-02	
10906	2.724611E-02	-1.599891E-01	-5.225807E-02	
10907	2.683151E-02	-1.601857E-01	-5.345468E-02	
10908	2.699199E-02	-1.608121E-01	-5.352453E-02	
10909	2.699448E-02	-1.608210E-01	-5.352503E-02	
10910	2.676791E-02	-1.608771E-01	-5.413254E-02	
10911	-6.472781E-03	-1.265733E-01	-8.911610E-02	
10912	2.724261E-02	-1.610589E-01	-5.307952E-02	
10913	2.714419E-02	-1.605081E-01	-5.291130E-02	
10914	2.705760E-02	-1.609246E-01	-5.344464E-02	
10915	1.905094E-02	-1.378907E-01	-5.527777E-02	
10916	-1.155097E-04	-1.401673E-02	-9.054273E-03	
10917	-5.699922E-04	-1.368791E-02	-9.465635E-03	
10918	-1.002616E-03	-2.565816E-03	-2.774194E-03	
10919	7.214090E-03	-1.378101E-01	-7.660495E-02	
10920	-9.097632E-03	8.245257E-04	-4.476436E-03	
10921	-4.891855E-03	8.588785E-04	1.530669E-03	
10922	-5.003892E-03	9.578653E-04	1.339337E-03	
10923	-3.709764E-02	-1.276069E-02	-3.838771E-02	
10924	-2.452088E-02	-2.130615E-02	-3.697922E-02	
10925	-8.853932E-03	1.260264E-03	-3.470404E-03	
10926	6.651046E-03	-1.312606E-01	-7.331268E-02	
10927	-1.127786E-01	-2.060796E-04	-7.183087E-02	
10928	-6.629802E-02	-1.933414E-02	-6.505626E-02	
10929	-3.663217E-02	7.317492E-03	-8.815813E-03	
10930	-9.156487E-02	1.876894E-02	2.033878E-02	
10931	-4.058376E-02	6.433736E-03	-1.442722E-02	
10932	-2.778139E-02	6.482152E-03	1.566396E-03	
10933	-3.969125E-02	8.845000E-03	-5.637321E-03	
10934	-5.309809E-02	1.141737E-02	-9.632481E-03	
10935	-2.190292E-02	3.520225E-03	-7.672421E-03	
10936	-1.592328E-02	3.407447E-03	-2.961661E-03	
10937	-2.405553E-02	6.193139E-04	-1.435634E-02	
10938	-1.951609E-02	2.672507E-03	7.873826E-03	
10939	-1.510757E-02	3.490283E-03	-1.254696E-03	
10940	2.919206E-02	-1.615727E-01	-4.831868E-02	
10941	-2.033222E-02	-5.498286E-02	5.831203E-02	
10942	1.078413E-02	-1.018661E-01	4.732302E-02	
10943	1.301976E-02	-6.122373E-02	1.174011E-02	
10944	3.696883E-02	-1.572622E-01	2.940788E-03	
10945	3.516875E-02	-1.544739E-01	-1.716169E-02	
10946	2.123170E-02	-1.044127E-01	2.381488E-02	
10947	2.419305E-02	-1.042354E-01	-7.490183E-03	
10948	-7.555368E-02	-2.407664E-02	-7.624337E-02	
10949	-6.596483E-02	-2.694119E-02	-7.245835E-02	
10950	-1.178339E-02	-8.624297E-02	-6.987593E-02	
10951	2.004542E-02	-1.010346E-01	-2.477788E-02	
10952	-6.625684E-02	-3.155916E-02	-7.707687E-02	
10953	1.506373E-03	-9.320585E-02	-5.694749E-02	
10954	2.835201E-02	-1.490636E-01	-4.045673E-02	
10955	-2.216574E-03	-5.179725E-02	-3.589868E-02	
10956	5.763933E-03	-1.341401E-01	-7.653762E-02	
10957	3.586156E-02	-1.588388E-01	-1.972177E-02	
10958	-4.487854E-02	-5.988776E-02	-8.428550E-02	
10959	-5.523935E-02	-3.197378E-02	-6.947421E-02	
10960	-1.595848E-02	-4.206219E-02	-4.500862E-02	
10961	-4.057422E-04	-4.765219E-02	-3.079979E-02	
10962	-1.132762E-01	1.704508E-02	-4.237085E-02	
10963	-9.681602E-02	-1.865559E-02	-8.468292E-02	
10964	-8.065402E-02	1.396771E-02	-2.574489E-02	
10965	3.490128E-02	-1.562291E-01	-2.168922E-02	
10966	-7.103792E-02	-1.529652E-02	-6.391971E-02	
10967	-8.015512E-02	-1.211254E-02	-6.630505E-02	
10968	3.615763E-02	-1.558861E-01	-1.146376E-02	
10969	3.791706E-02	-1.637505E-01	-1.273420E-02	
10970	3.736218E-02	-1.631479E-01	-1.645311E-02	
10971	3.650970E-02	-1.594130E-01	-1.605366E-02	
10972	3.740365E-02	-1.632272E-01	-1.627289E-02	
10973	3.658164E-02	-1.594841E-01	-1.560665E-02	
10974	3.828411E-02	-1.672838E-01	-1.707173E-02	
10975	3.864137E-02	-1.689917E-01	-1.751076E-02	
10976	3.879598E-02	-1.690252E-01	-1.632490E-02	
10977	3.862199E-02	-1.676222E-01	-1.489643E-02	
10978	3.833587E-02	-1.673118E-01	-1.671057E-02	
10979	3.708465E-02	-1.628964E-01	-1.810934E-02	
10980	3.864540E-02	-1.688686E-01	-1.724460E-02	
10981	3.812299E-02	-1.671168E-01	-1.800432E-02	
10982	3.856438E-02	-1.687916E-01	-1.773265E-02	
10983	3.859523E-02	-1.689444E-01	-1.778000E-02	
10984	3.859580E-02	-1.689466E-01	-1.777980E-02	
10985	3.859221E-02	-1.688821E-01	-1.768699E-02	
10986	3.620598E-02	-1.679627E-01	3.006273E-02	
10987	3.862065E-02	-1.689686E-01	-1.762873E-02	
10988	3.858592E-02	-1.688164E-01	-1.761244E-02	
10989	3.909299E-02	-1.702505E-01	-1.631047E-02	
10990	1.840657E-02	-1.339289E-01	5.389417E-02	
10991	-3.771639E-02	-1.026011E-02	3.623699E-02	
10992	-3.853234E-02	-1.008592E-02	3.660223E-02	
10993	-4.082875E-02	4.736386E-03	1.818697E-02	
10994	3.625042E-02	-1.632861E-01	2.396311E-02	
10995	-6.888766E-02	1.094597E-02	2.442947E-02	
10996	-6.239192E-02	1.449405E-02	4.335965E-03	
10997	-6.209511E-02	1.416337E-02	6.703909E-03	
10998	-4.947071E-02	-3.453487E-02	6.743843E-02	
10999	-6.462256E-02	-2.726234E-02	7.182534E-02	
11000	-7.021168E-02	1.341573E-02	1.886814E-02	
11001	2.695634E-02	-1.246125E-01	2.186694E-02	
11002	-5.383125E-02	-5.885091E-02	9.097790E-02	
11003	-6.170767E-02	-5.644314E-02	9.539319E-02	
11004	-1.099199E-01	2.095618E-02	2.968242E-02	
11005	-1.461981E-01	3.026775E-02	3.134743E-02	
11006	-1.102480E-01	1.499910E-02	4.468551E-02	
11007	-1.018629E-01	2.278771E-02	1.395460E-02	
11008	-1.167251E-01	2.399698E-02	2.566526E-02	
11009	-1.318418E-01	2.461516E-02	3.716087E-02	
11010	-8.993141E-02	1.751484E-02	2.312880E-02	
11011	-7.682534E-02	1.495248E-02	1.978968E-02	
11012	-8.583066E-02	8.908646E-03	4.020160E-02	
11013	-9.038624E-02	2.122398E-02	2.516687E-03	
11014	-7.788768E-02	1.712518E-02	1.231790E-02	
11015	3.585953E-02	-1.588370E-01	-1.973215E-02	
11016	-2.013753E-02	-5.550417E-02	5.848013E-02	
11017	1.096486E-02	-1.024447E-01	4.737024E-02	
11018	-7.938046E-02	-3.775212E-02	9.228906E-02	
11019	3.711049E-03	-1.346271E-01	7.997853E-02	
11020	3.347024E-02	-1.427770E-01	5.356115E-03	
11021	-4.672908E-02	-7.829932E-02	9.974314E-02	
11022	-3.737375E-02	-7.244951E-02	8.695238E-02	
11023	-8.360355E-02	-2.068878E-02	7.814190E-02	
11024	-9.637317E-02	-1.254947E-02	7.735095E-02	
11025	-7.808717E-02	-4.476586E-02	9.781876E-02	
11026	-8.405251E-02	-4.927019E-02	1.062701E-01	
11027	-8.427000E-02	-1.608691E-02	7.353969E-02	
11028	-5.821958E-02	-7.650447E-02	1.084308E-01	
11029	-3.267948E-02	-1.026271E-01	1.035388E-01	
11030	-1.032016E-01	-3.046046E-02	1.016468E-01	
11031	-2.524702E-02	-8.184026E-02	8.173396E-02	
11032	3.763799E-02	-1.619368E-01	1.103039E-02	
11033	-1.107296E-02	-8.335678E-02	6.716324E-02	
11034	-5.980658E-02	-7.539097E-02	1.089197E-01	
11035	-6.862385E-03	-1.267933E-01	8.976595E-02	
11036	1.941827E-02	-1.537054E-01	6.535446E-02	
11037	-1.073198E-01	-5.813353E-04	6.889856E-02	
11038	-8.147040E-02	-1.433788E-02	6.972466E-02	
11039	-1.234649E-01	5.493303E-03	7.015430E-02	
11040	4.011881E-02	-1.705051E-01	-1.028701E-04	
11041	-1.063642E-01	-5.067713E-03	7.439922E-02	
11042	-1.102718E-01	-6.403168E-03	7.863542E-02	
11043	3.486731E-02	-1.502533E-01	-1.086990E-02	
11044	3.792537E-02	-1.637869E-01	-1.273834E-02	
11045	3.838553E-02	-1.643677E-01	-8.765038E-03	
11046	3.745338E-02	-1.602999E-01	-8.273583E-03	
11047	3.794395E-02	-1.638081E-01	-1.259706E-02	
11048	3.776830E-02	-1.607685E-01	-3.934229E-03	
11049	3.858186E-02	-1.675961E-01	-1.520198E-02	
11050	3.873841E-02	-1.694181E-01	-1.755855E-02	
11051	3.879973E-02	-1.690417E-01	-1.632686E-02	
11052	3.862733E-02	-1.676456E-01	-1.489906E-02	
11053	3.888298E-02	-1.679287E-01	-1.307536E-02	
11054	3.817148E-02	-1.640794E-01	-1.074654E-02	
11055	3.894630E-02	-1.692045E-01	-1.539956E-02	
11056	3.871905E-02	-1.677330E-01	-1.423972E-02	
11057	3.875368E-02	-1.689958E-01	-1.661756E-02	
11058	3.882882E-02	-1.695074E-01	-1.701180E-02	
11059	3.882975E-02	-1.695120E-01	-1.701330E-02	
11060	3.848491E-02	-1.685185E-01	-1.783517E-02	
11061	2.018111E-02	-1.516144E-01	-6.237807E-02	
11062	3.881046E-02	-1.694878E-01	-1.712150E-02	
11063	3.868158E-02	-1.689194E-01	-1.705387E-02	
11064	3.883917E-02	-1.691318E-01	-1.617749E-02	
11065	8.845121E-03	-1.050481E-01	5.286538E-02	
11066	-3.749007E-02	-1.082868E-02	3.667935E-02	
11067	-3.829699E-02	-1.067251E-02	3.706218E-02	
11068	-4.037852E-02	3.822958E-03	1.957859E-02	
11069	2.600271E-02	-1.300499E-01	-3.121376E-02	
11070	-2.551502E-02	8.004179E-04	1.501159E-02	
11071	-2.832602E-02	6.029306E-03	5.408131E-03	
11072	-2.858197E-02	6.311408E-03	4.378649E-03	
11073	3.773689E-03	-3.189513E-02	1.406540E-02	
11074	-6.703091E-03	-3.698438E-02	3.187264E-02	
11075	-2.574297E-02	1.230296E-03	1.449480E-02	
11076	2.768753E-02	-1.386947E-01	-3.343782E-02	
11077	-5.972180E-02	-1.994745E-02	-6.119801E-02	
11078	5.443033E-03	-3.493802E-02	1.264405E-02	
11079	-8.255917E-03	-6.628880E-03	1.199478E-02	
11081	-5.746304E-03	-1.088279E-02	1.318336E-02	
11082	-8.891713E-03	-1.521206E-03	7.560047E-03	
11083	-8.613024E-03	-7.135882E-03	1.269881E-02	
11084	-1.415490E-02	-4.644869E-03	1.442071E-02	
11085	-1.215138E-02	-6.751605E-03	1.502718E-02	
11086	-1.472355E-02	-7.761182E-04	1.039672E-02	
11087	-1.072013E-02	-1.040416E-02	1.706119E-02	
11088	-9.909384E-03	1.952421E-03	2.475451E-03	
11089	-1.480391E-02	-6.264166E-04	1.025061E-02	
11090	3.780257E-02	-1.609878E-01	-4.472500E-03	
