BH curve for Nippon Steel 35A300(S12):

material  NipponSteel

  H		B
==================================
begin

  0.00000000000e+000  0.00000000000e+000
  7.67123317720e+000  7.00000002980e-002
  1.42465801240e+001  1.29999995230e-001
  2.41095905300e+001  2.19999998810e-001
  3.61643791200e+001  3.30000013110e-001
  5.15068511960e+001  4.69999998810e-001
  6.68493118290e+001  6.10000014310e-001
  8.00000000000e+001  7.30000019070e-001
  9.00000000000e+001  8.19999992850e-001
  1.00000000000e+002  8.79999995230e-001
  1.50000000000e+002  1.07000005250e+000
  2.00000000000e+002  1.15999996660e+000
  3.00000000000e+002  1.27999997140e+000
  4.00000000000e+002  1.34000003340e+000
  5.00000000000e+002  1.37999999520e+000
  7.00000000000e+002  1.44000005720e+000
  1.00000000000e+003  1.48000001910e+000
  2.00000000000e+003  1.55999994280e+000
  4.00000000000e+003  1.63999998570e+000
  7.00000000000e+003  1.73000001910e+000
  1.00000000000e+004  1.77999997140e+000
  2.00000000000e+004  1.89999997620e+000
  6.00000000000e+004  2.01999998090e+000
end


