BH-stress curve
material  iron 
 

 H				B
==================
stress: 0
==================
BHBegin
0.		0.
100.		0.090909091
200.		0.166666667
300.		0.230769231
400.		0.285714286
500.		0.333333333
600.		0.375
700.		0.411764706
800.		0.444444444
900.		0.473684211
1000.		0.5
2000.		0.666666667
3000.		0.75
4000.		0.8
5000.		0.833333333
6000.		0.857142857
7000.		0.875
8000.		0.888888889
9000.		0.909090909
10000.		0.92
20000.		0.95
50000.		0.99
100000.		1.
200000.		1.2
500000.		2.
1000000.	2.2
2000000.    2.5
3000000.    100.
BHEnd

 H				B
==================
stress: 4643
==================
BHBegin
0.		0.
100.		0.090909091
200.		0.166666667
300.		0.230769231
400.		0.285714286
500.		0.333333333
600.		0.375
700.		0.411764706
800.		0.444444444
900.		0.473684211
1000.		0.5
2000.		0.666666667
3000.		0.75
4000.		0.8
5000.		0.833333333
6000.		0.857142857
7000.		0.875
8000.		0.888888889
9000.		0.909090909
10000.		0.92
20000.		0.95
50000.		0.99
100000.		1.
200000.		1.2
500000.		2.
1000000.	2.2
2000000.    2.5
3000000.    100.
BHEnd

 H				B
==================
stress: 678745
==================
BHBegin
0.		0.
100.		0.090909091
200.		0.166666667
300.		0.230769231
400.		0.285714286
500.		0.333333333
600.		0.375
700.		0.411764706
800.		0.444444444
900.		0.473684211
1000.		0.5
2000.		0.666666667
3000.		0.75
4000.		0.8
5000.		0.833333333
6000.		0.857142857
7000.		0.875
8000.		0.888888889
9000.		0.909090909
10000.		0.92
20000.		0.95
50000.		0.99
100000.		1.
200000.		1.2
500000.		2.
1000000.	2.2
2000000.    2.5
3000000.    100.
BHEnd


