
BH curves of oita steel for various stress levels:
material  steel

  H		B
==================================
stress: -15
begin
0	0
60	0.1
85	0.2
104	0.3
120	0.4
135	0.5
148	0.6
170	0.7
185	0.8
202	0.9
220	1
240	1.1
280	1.2
320	1.3
420	1.4
900	1.5
2600	1.6
6900	1.7

end

stress: 0
begin
0	0
13	0.1
19	0.2
20.5	0.3
21	0.4
22.5	0.5
23	0.6
25	0.7
27	0.8
30.5	0.9
36	1
45	1.1
62	1.2
100	1.3
208	1.4
730	1.5
2300	1.6
6000	1.7
end

stress: 15
begin
0	0
12	0.1
18	0.2
20	0.3
21	0.4
23	0.5
27	0.6
31	0.7
37	0.8
43	0.9
54	1
70	1.1
100	1.2
140	1.3
240	1.4
720	1.5
2600	1.6
6900	1.7
end



