t    f(t)
begin
0.0  9.670945
5.55555E-5  9.670945
1.11111E-4  9.670945
1.666665E-4  9.670945
2.22222E-4  9.670945
2.777775E-4  9.670945
3.33333E-4  9.670945
3.888885E-4  9.670945
4.44444E-4  9.670945
4.999995000000001E-4  9.670945
5.55555E-4  9.670945
6.111105E-4  9.670945
6.66666E-4  9.670945
7.222215000000001E-4  9.670945
7.77777E-4  9.670945
8.333325E-4  9.670945
8.88888E-4  9.670945
9.444435000000001E-4  9.670945
9.999990000000001E-4  9.670945
0.0010555545  9.670945
0.00111111  9.670945
0.0011666655  9.670945
0.001222221  9.670945
0.0012777765  9.670945
0.001333332  9.670945
0.0013888875  9.670945
0.0014444430000000001  9.670945
0.0014999985  9.670945
0.001555554  9.670945
0.0016111095  9.670945
0.001666665  9.670945
0.0017222205  9.670945
0.001777776  9.670945
0.0018333315  9.670945
0.0018888870000000001  9.670945
0.0019444425  9.670945
0.0019999980000000002  9.670945
0.0020555535  9.670945
0.002111109  9.670945
0.0021666645  9.670945
0.00222222  9.670945
0.0022777755  9.670945
0.002333331  9.670945
0.0023888865  9.670945
0.002444442  9.670945
0.0024999975  9.670945
0.002555553  9.670945
0.0026111085  9.670945
0.002666664  9.670945
0.0027222195  9.670945
0.002777775  9.670945
0.0028333305  9.670945
0.0028888860000000002  9.670945
0.0029444415  9.670945
0.002999997  9.670945
0.0030555525  9.670945
0.003111108  9.670945
0.0031666635  9.670945
0.003222219  9.670945
0.0032777745  9.670945
0.00333333  9.670945
0.0033888855  9.670945
0.003444441  9.670945
0.0034999965  9.670945
0.003555552  9.670945
0.0036111075  9.670945
0.003666663  9.670945
0.0037222185  9.670945
0.0037777740000000002  9.670945
0.0038333295  9.670945
0.003888885  9.670945
0.0039444405  9.670945
0.0039999960000000005  9.670945
0.0040555515  9.670945
0.004111107  9.670945
0.0041666625  9.670945
0.004222218  9.670945
0.0042777735  9.670945
0.004333329  9.670945
0.0043888845  9.670945
0.00444444  9.670945
0.0044999955  9.670945
0.004555551  9.670945
0.0046111065  9.670945
0.004666662  9.670945
0.0047222175  9.670945
0.004777773  9.670945
0.0048333285  9.670945
0.004888884  9.670945
0.0049444395  9.670945
0.004999995  9.670945
0.0050555505  9.670945
0.005111106  9.670945
0.0051666615  9.670945
0.005222217  9.670945
0.0052777725  9.670945
0.005333328  9.670945
0.0053888835  9.670945
0.005444439  9.670945
0.0054999945  9.670945
0.00555555  9.670945
0.0056111055  9.670945
0.005666661  9.670945
0.0057222165  9.670945
0.0057777720000000005  9.670945
0.0058333275  9.670945
0.005888883  9.670945
0.0059444385  9.670945
0.005999994  9.670945
0.0060555495  9.670945
0.006111105  9.670945
0.0061666605  9.670945
0.006222216  9.670945
0.0062777715  9.670945
0.006333327  9.670945
0.0063888825  9.670945
0.006444438  9.670945
0.0064999935  9.670945
0.006555549  9.670945
0.0066111045  9.670945
0.00666666  9.670945
0.0067222155  9.670945
0.006777771  9.670945
0.0068333265  9.670945
0.006888882  9.670945
0.0069444375  9.670945
0.006999993  9.670945
0.0070555485  9.670945
0.007111104  9.670945
0.0071666595  9.670945
0.007222215  9.670945
0.0072777705  9.670945
0.007333326  9.670945
0.0073888815  9.670945
0.007444437  9.670945
0.0074999925  9.670945
0.0075555480000000005  9.670945
0.0076111035  9.670945
0.007666659  9.670945
0.0077222145  9.670945
0.00777777  9.670945
0.0078333255  9.670945
0.007888881  9.670945
0.0079444365  9.670945
0.007999992000000001  9.670945
0.0080555475  9.670945
0.008111103  9.670945
0.0081666585  9.670945
0.008222214  9.670945
0.0082777695  9.670945
0.008333325  9.670945
0.0083888805  9.670945
0.008444436  9.670945
0.0084999915  9.670945
0.008555547  9.670945
0.0086111025  9.670945
0.008666658  9.670945
0.0087222135  9.670945
0.008777769  9.670945
0.0088333245  9.670945
0.00888888  9.670945
0.0089444355  9.670945
0.008999991  9.670945
0.0090555465  9.670945
0.009111102  9.670945
0.0091666575  9.670945
0.009222213  9.670945
0.0092777685  9.670945
0.009333324  9.670945
0.0093888795  9.670945
0.009444435  9.670945
0.0094999905  9.670945
0.009555546  9.670945
0.0096111015  9.670945
0.009666657  9.670945
0.0097222125  9.670945
0.009777768  9.670945
0.0098333235  9.670945
0.009888879  9.670945
0.0099444345  9.670945
0.00999999  9.670945
0.0100555455  9.670945
0.010111101  9.670945
0.0101666565  9.670945
0.010222212  9.670945
0.0102777675  9.670945
0.010333323  9.670945
0.0103888785  9.670945
0.010444434  9.670945
0.0104999895  9.670945
0.010555545  9.670945
0.0106111005  9.670945
0.010666656  9.670945
0.0107222115  9.670945
0.010777767  9.670945
0.010833322500000001  9.670945
0.010888878  9.670945
0.0109444335  9.670945
0.010999989  9.670945
0.0110555445  9.670945
0.0111111  9.670945
0.0111666555  9.670945
0.011222211  9.670945
0.0112777665  9.670945
0.011333322  9.670945
0.0113888775  9.670945
0.011444433  9.670945
0.0114999885  9.670945
0.011555544000000001  9.670945
0.0116110995  9.670945
0.011666655  9.670945
0.0117222105  9.670945
0.011777766  9.670945
0.0118333215  9.670945
0.011888877  9.670945
0.0119444325  9.670945
0.011999988  9.670945
0.0120555435  9.670945
0.012111099  9.670945
0.0121666545  9.670945
0.01222221  9.670945
0.0122777655  9.670945
0.012333321  9.670945
0.0123888765  9.670945
0.012444432  9.670945
0.0124999875  9.670945
0.012555543  9.670945
0.012611098500000001  9.670945
0.012666654  9.670945
0.0127222095  9.670945
0.012777765  9.670945
0.0128333205  9.670945
0.012888876  9.670945
0.0129444315  9.670945
0.012999987  9.670945
0.0130555425  9.670945
0.013111098  9.670945
0.0131666535  9.670945
0.013222209  9.670945
0.0132777645  9.670945
0.01333332  9.670945
0.0133888755  9.670945
0.013444431  9.670945
0.0134999865  9.670945
0.013555542  9.670945
0.0136110975  9.670945
0.013666653  9.670945
0.0137222085  9.670945
0.013777764  9.670945
0.0138333195  9.670945
0.013888875  9.670945
0.0139444305  9.670945
0.013999986  9.670945
0.0140555415  9.670945
0.014111097  9.670945
0.0141666525  9.670945
0.014222208  9.670945
0.0142777635  9.670945
0.014333319  9.670945
0.014388874500000001  9.670945
0.01444443  9.670945
0.0144999855  9.670945
0.014555541  9.670945
0.0146110965  9.670945
0.014666652  9.670945
0.0147222075  9.670945
0.014777763  9.670945
0.0148333185  9.670945
0.014888874  9.670945
0.0149444295  9.670945
0.014999985  9.670945
0.0150555405  9.670945
0.015111096000000001  9.670945
0.0151666515  9.670945
0.015222207  9.670945
0.0152777625  9.670945
0.015333318  9.670945
0.0153888735  9.670945
0.015444429  9.670945
0.0154999845  9.670945
0.01555554  9.670945
0.0156110955  9.670945
0.015666651  9.670945
0.0157222065  9.670945
0.015777762  9.670945
0.0158333175  9.670945
0.015888873  9.670945
0.0159444285  9.670945
0.015999984000000002  9.670945
0.0160555395  9.670945
0.016111095  9.670945
0.0161666505  9.670945
0.016222206  9.670945
0.0162777615  9.670945
0.016333317  9.670945
0.0163888725  9.670945
0.016444428  9.670945
0.0164999835  9.670945
0.016555539  9.670945
0.0166110945  9.670945
0.01666665  9.670945
0.0167222055  9.670945
0.016777761  9.670945
0.0168333165  9.670945
0.016888872  9.670945
0.0169444275  9.670945
0.016999983  9.670945
0.017055538500000002  9.670945
0.017111094  9.670945
0.0171666495  9.670945
0.017222205  9.670945
0.0172777605  9.670945
0.017333316  9.670945
0.0173888715  9.670945
0.017444427  9.670945
0.0174999825  9.670945
0.017555538  9.670945
0.0176110935  9.670945
0.017666649  9.670945
0.0177222045  9.670945
0.01777776  9.670945
0.0178333155  9.670945
0.017888871  9.670945
0.0179444265  9.670945
0.017999982  9.670945
0.0180555375  9.670945
0.018111093  9.670945
0.0181666485  9.670945
0.018222204  9.670945
0.0182777595  9.670945
0.018333315  9.670945
0.0183888705  9.670945
0.018444426  9.670945
0.0184999815  9.670945
0.018555537  9.670945
0.0186110925  9.670945
0.018666648  9.670945
0.0187222035  9.670945
0.018777759  9.670945
0.0188333145  9.670945
0.01888887  9.670945
0.0189444255  9.670945
0.018999981  9.670945
0.0190555365  9.670945
0.019111092  9.670945
0.0191666475  9.670945
0.019222203  9.670945
0.0192777585  9.670945
0.019333314  9.670945
0.0193888695  9.670945
0.019444425  9.670945
0.0194999805  9.670945
0.019555536  9.670945
0.0196110915  9.670945
0.019666647  9.670945
0.0197222025  9.670945
0.019777758  9.670945
0.0198333135  9.670945
0.019888869  9.670945
0.0199444245  9.670945
0.01999998  9.670945
0.0200555355  9.670945
0.020111091  9.670945
0.0201666465  9.670945
0.020222202  9.670945
0.0202777575  9.670945
0.020333313  9.670945
0.0203888685  9.670945
0.020444424  9.670945
0.0204999795  9.670945
0.020555535  9.670945
0.020611090500000002  9.670945
0.020666646  9.670945
0.0207222015  9.670945
0.020777757  9.670945
0.0208333125  9.670945
0.020888868  9.670945
0.0209444235  9.670945
0.020999979  9.670945
0.0210555345  9.670945
0.02111109  9.670945
0.0211666455  9.670945
0.021222201  9.670945
0.0212777565  9.670945
0.021333312  9.670945
0.0213888675  9.670945
0.021444423  9.670945
0.0214999785  9.670945
0.021555534  9.670945
0.0216110895  9.670945
0.021666645000000002  9.670945
0.0217222005  9.670945
0.021777756  9.670945
0.0218333115  9.670945
0.021888867  9.670945
0.0219444225  9.670945
0.021999978  9.670945
0.0220555335  9.670945
0.022111089  9.670945
0.0221666445  9.670945
0.0222222  9.670945
0.0222777555  9.670945
0.022333311  9.670945
0.0223888665  9.670945
0.022444422  9.670945
0.0224999775  9.670945
0.022555533  9.670945
0.0226110885  9.670945
0.022666644  9.670945
0.0227221995  9.670945
0.022777755  9.670945
0.0228333105  9.670945
0.022888866  9.670945
0.0229444215  9.670945
0.022999977  9.670945
0.0230555325  9.670945
0.023111088000000002  9.670945
0.0231666435  9.670945
0.023222199  9.670945
0.0232777545  9.670945
0.02333331  9.670945
0.0233888655  9.670945
0.023444421  9.670945
0.0234999765  9.670945
0.023555532  9.670945
0.0236110875  9.670945
0.023666643  9.670945
0.0237221985  9.670945
0.023777754  9.670945
0.0238333095  9.670945
0.023888865  9.670945
0.0239444205  9.670945
0.023999976  9.670945
0.0240555315  9.670945
0.024111087  9.670945
0.024166642500000002  9.670945
0.024222198  9.670945
0.0242777535  9.670945
0.024333309  9.670945
0.0243888645  9.670945
0.02444442  9.670945
0.0244999755  9.670945
0.024555531  9.670945
0.0246110865  9.670945
0.024666642  9.670945
0.0247221975  9.670945
0.024777753  9.670945
0.0248333085  9.670945
0.024888864  9.670945
0.0249444195  9.670945
0.024999975  9.670945
0.0250555305  9.670945
0.025111086  9.670945
0.0251666415  9.670945
0.025222197000000002  9.670945
0.0252777525  9.670945
0.025333308  9.670945
0.0253888635  9.670945
0.025444419  9.670945
0.0254999745  9.670945
0.02555553  9.670945
0.0256110855  9.670945
0.025666641  9.670945
0.0257221965  9.670945
0.025777752  9.670945
0.0258333075  9.670945
0.025888863  9.670945
0.0259444185  9.670945
0.025999974  9.670945
0.0260555295  9.670945
0.026111085  9.670945
0.0261666405  9.670945
0.026222196  9.670945
0.0262777515  9.670945
0.026333307  9.670945
0.0263888625  9.670945
0.026444418  9.670945
0.0264999735  9.670945
0.026555529  9.670945
0.0266110845  9.670945
0.02666664  9.670945
0.0267221955  9.670945
0.026777751  9.670945
0.0268333065  9.670945
0.026888862  9.670945
0.0269444175  9.670945
0.026999973  9.670945
0.0270555285  9.670945
0.027111084  9.670945
0.0271666395  9.670945
0.027222195  9.670945
0.0272777505  9.670945
0.027333306  9.670945
0.0273888615  9.670945
0.027444417  9.670945
0.0274999725  9.670945
0.027555528  9.670945
0.0276110835  9.670945
0.027666639  9.670945
0.027722194500000002  9.670945
0.02777775  9.670945
0.0278333055  9.670945
0.027888861  9.670945
0.0279444165  9.670945
0.027999972  9.670945
0.0280555275  9.670945
0.028111083  9.670945
0.0281666385  9.670945
0.028222194  9.670945
0.0282777495  9.670945
0.028333305  9.670945
0.0283888605  9.670945
0.028444416  9.670945
0.0284999715  9.670945
0.028555527  9.670945
0.0286110825  9.670945
0.028666638  9.670945
0.0287221935  9.670945
0.028777749000000002  9.670945
0.0288333045  9.670945
0.02888886  9.670945
0.0289444155  9.670945
0.028999971  9.670945
0.0290555265  9.670945
0.029111082  9.670945
0.0291666375  9.670945
0.029222193  9.670945
0.0292777485  9.670945
0.029333304  9.670945
0.0293888595  9.670945
0.029444415  9.670945
0.0294999705  9.670945
0.029555526  9.670945
0.0296110815  9.670945
0.029666637  9.670945
0.0297221925  9.670945
0.029777748  9.670945
0.0298333035  9.670945
0.029888859  9.670945
0.0299444145  9.670945
0.02999997  9.670945
0.0300555255  9.670945
0.030111081  9.670945
0.0301666365  9.670945
0.030222192000000002  9.670945
0.0302777475  9.670945
0.030333303  9.670945
0.0303888585  9.670945
0.030444414  9.670945
0.0304999695  9.670945
0.030555525  9.670945
0.0306110805  9.670945
0.030666636  9.670945
0.0307221915  9.670945
0.030777747  9.670945
0.0308333025  9.670945
0.030888858  9.670945
0.0309444135  9.670945
0.030999969  9.670945
0.0310555245  9.670945
0.03111108  9.670945
0.0311666355  9.670945
0.031222191  9.670945
0.0312777465  9.670945
0.031333302  9.670945
0.0313888575  9.670945
0.031444413  9.670945
0.0314999685  9.670945
0.031555524  9.670945
0.0316110795  9.670945
0.031666635  9.670945
0.0317221905  9.670945
0.031777746  9.670945
0.0318333015  9.670945
0.031888857  9.670945
0.0319444125  9.670945
0.031999968000000004  9.670945
0.0320555235  9.670945
0.032111079  9.670945
0.0321666345  9.670945
0.03222219  9.670945
0.0322777455  9.670945
0.032333301  9.670945
0.0323888565  9.670945
0.032444412  9.670945
0.0324999675  9.670945
0.032555523  9.670945
0.0326110785  9.670945
0.032666634  9.670945
0.0327221895  9.670945
0.032777745  9.670945
0.0328333005  9.670945
0.032888856  9.670945
0.0329444115  9.670945
0.032999967  9.670945
0.033055522500000004  9.670945
0.033111078  9.670945
0.0331666335  9.670945
0.033222189  9.670945
0.0332777445  9.670945
0.0333333  9.670945
0.0333888555  9.670945
0.033444411  9.670945
0.0334999665  9.670945
0.033555522  9.670945
0.0336110775  9.670945
0.033666633  9.670945
0.0337221885  9.670945
0.033777744  9.670945
0.0338332995  9.670945
0.033888855  9.670945
0.0339444105  9.670945
0.033999966  9.670945
0.0340555215  9.670945
0.034111077000000004  9.670945
0.0341666325  9.670945
0.034222188  9.670945
0.0342777435  9.670945
0.034333299  9.670945
0.0343888545  9.670945
0.03444441  9.670945
0.0344999655  9.670945
0.034555521  9.670945
0.0346110765  9.670945
0.034666632  9.670945
0.0347221875  9.670945
0.034777743  9.670945
0.0348332985  9.670945
0.034888854  9.670945
0.0349444095  9.670945
0.034999965  9.670945
0.0350555205  9.670945
0.035111076  9.670945
0.035166631500000003  9.670945
0.035222187  9.670945
0.0352777425  9.670945
0.035333298  9.670945
0.0353888535  9.670945
0.035444409  9.670945
0.0354999645  9.670945
0.03555552  9.670945
0.0356110755  9.670945
0.035666631  9.670945
0.0357221865  9.670945
0.035777742  9.670945
0.0358332975  9.670945
0.035888853  9.670945
0.0359444085  9.670945
0.035999964  9.670945
0.0360555195  9.670945
0.036111075  9.670945
0.0361666305  9.670945
0.036222186  9.670945
0.0362777415  9.670945
0.036333297  9.670945
0.0363888525  9.670945
0.036444408  9.670945
0.0364999635  9.670945
0.036555519  9.670945
0.0366110745  9.670945
0.03666663  9.670945
0.0367221855  9.670945
0.036777741  9.670945
0.0368332965  9.670945
0.036888852  9.670945
0.0369444075  9.670945
0.036999963  9.670945
0.0370555185  9.670945
0.037111074  9.670945
0.0371666295  9.670945
0.037222185  9.670945
0.0372777405  9.670945
0.037333296  9.670945
0.0373888515  9.670945
0.037444407  9.670945
0.0374999625  9.670945
0.037555518  9.670945
0.0376110735  9.670945
0.037666629  9.670945
0.0377221845  9.670945
0.03777774  9.670945
0.0378332955  9.670945
0.037888851  9.670945
0.0379444065  9.670945
0.037999962  9.670945
0.0380555175  9.670945
0.038111073  9.670945
0.0381666285  9.670945
0.038222184  9.670945
0.0382777395  9.670945
0.038333295  9.670945
0.0383888505  9.670945
0.038444406  9.670945
0.0384999615  9.670945
0.038555517  9.670945
0.0386110725  9.670945
0.038666628  9.670945
0.0387221835  9.670945
0.038777739  9.670945
0.0388332945  9.670945
0.03888885  9.670945
0.0389444055  9.670945
0.038999961  9.670945
0.0390555165  9.670945
0.039111072  9.670945
0.0391666275  9.670945
0.039222183  9.670945
0.0392777385  9.670945
0.039333294  9.670945
0.0393888495  9.670945
0.039444405  9.670945
0.0394999605  9.670945
0.039555516  9.670945
0.0396110715  9.670945
0.039666627  9.670945
0.0397221825  9.670945
0.039777738  9.670945
0.0398332935  9.670945
0.039888849  9.670945
0.0399444045  9.670945
0.03999996  9.670945
end
