t    f(t)
begin
0.0	4.242640687119286
5.555555555555556E-6	4.446260351796364
1.1111111111111112E-5	4.649820877466491
1.6666666666666667E-5	4.853314821141653
2.2222222222222223E-5	4.819170021401202
2.777777777777778E-5	4.7510338538801
3.3333333333333335E-5	4.682848067320564
3.888888888888889E-5	4.512822165312655
4.4444444444444447E-5	4.308842330051416
5.0E-5	4.104849689648692
5.555555555555556E-5	4.070453937643208
6.111111111111112E-5	4.137765182142143
6.666666666666667E-5	4.205007817043929
7.222222222222222E-5	4.272179370105852
7.777777777777778E-5	4.339277370193123
8.333333333333334E-5	4.406299347329108
8.888888888888889E-5	4.371578222910447
9.444444444444444E-5	4.167410142901084
1.0E-4	3.963275601351145
1.0555555555555557E-4	3.79304854391072
1.1111111111111112E-4	3.7244291283230573
1.1666666666666667E-4	3.6557973897917067
1.2222222222222224E-4	3.62099690717468
1.277777777777778E-4	3.8229930617228414
1.3333333333333334E-4	4.024828613920142
1.388888888888889E-4	4.226496158416553
1.4444444444444444E-4	4.427988293358737
1.5000000000000001E-4	4.629297620540488
1.5555555555555556E-4	4.830416745553093
1.611111111111111E-4	4.794966680985657
1.666666666666667E-4	4.725726944422876
1.7222222222222224E-4	4.656479163092135
1.7777777777777779E-4	4.48603702065723
1.8333333333333334E-4	4.28195609221745
1.8888888888888888E-4	4.077986397899706
1.9444444444444446E-4	4.042576019325256
2.0E-4	4.1081657293319385
2.0555555555555556E-4	4.17364598639522
2.1111111111111113E-4	4.239014351822324
2.1666666666666668E-4	4.304268389027547
2.2222222222222223E-4	4.369405663581945
2.2777777777777778E-4	4.333641385461532
2.3333333333333333E-4	4.129973017662669
2.388888888888889E-4	3.9264620165585993
2.444444444444445E-4	3.7566573536048993
2.5E-4	3.687557931201991
2.555555555555556E-4	3.6184877123871972
2.611111111111111E-4	3.582934541732686
2.666666666666667E-4	3.7816371214091857
2.7222222222222226E-4	3.980056524626058
2.777777777777778E-4	4.178185441920114
2.8333333333333335E-4	4.376016570316219
2.888888888888889E-4	4.573542613475843
2.9444444444444445E-4	4.770756281845497
3.0000000000000003E-4	4.734270748847768
3.0555555555555555E-4	4.664454399446649
3.111111111111111E-4	4.594671640773584
3.166666666666667E-4	4.4251104255313916
3.222222222222222E-4	4.222481583005932
3.277777777777778E-4	4.02008716730719
3.333333333333334E-4	3.9839316565261003
3.388888888888889E-4	4.047300654743227
3.444444444444445E-4	4.1105201896736965
3.5E-4	4.17358787473458
3.5555555555555557E-4	4.23650132643316
3.6111111111111115E-4	4.299258164415649
3.6666666666666667E-4	4.262722920345045
3.7222222222222225E-4	4.061104304013949
3.7777777777777777E-4	3.8597656849574604
3.8333333333333334E-4	3.691675732506416
3.888888888888889E-4	3.6226221916161196
3.9444444444444444E-4	3.5536391585888043
4.0E-4	3.5176038809930827
4.055555555555556E-4	3.7115006391866814
4.111111111111111E-4	3.904993801955732
4.166666666666667E-4	4.098076211353317
4.2222222222222227E-4	4.290740718862548
4.277777777777778E-4	4.482980185542113
4.3333333333333337E-4	4.674787482171654
4.388888888888889E-4	4.637544157680313
4.4444444444444447E-4	4.567682540016062
4.5000000000000004E-4	4.497895892930157
4.5555555555555556E-4	4.33050606811253
4.6111111111111114E-4	4.130871439343644
4.6666666666666666E-4	3.931592645976471
4.7222222222222224E-4	3.8949671682570752
4.777777777777778E-4	3.9556331783449683
4.8333333333333334E-4	4.016110852308803
4.88888888888889E-4	4.076397873838847
4.944444444444445E-4	4.136491930675176
5.0E-4	4.196390714655094
5.055555555555555E-4	4.15936255990226
5.111111111111112E-4	3.9613281344498623
5.166666666666667E-4	3.7636942059035468
5.222222222222222E-4	3.5985982299888066
5.277777777777778E-4	3.5301161097529654
5.333333333333334E-4	3.4617452650475578
5.388888888888889E-4	3.4255021307318225
5.444444444444445E-4	3.613117396034606
5.5E-4	3.8002117185528017
5.555555555555556E-4	3.986778146332049
5.611111111111112E-4	4.172809739718251
5.666666666666667E-4	4.358299571498961
5.722222222222222E-4	4.543240727044628
5.777777777777778E-4	4.5055230552471865
5.833333333333334E-4	4.436147858413827
5.888888888888889E-4	4.366888441437736
5.944444444444444E-4	4.202943944684276
6.000000000000001E-4	4.007822869739584
6.055555555555556E-4	3.8131763306493216
6.111111111111111E-4	3.776359627992137
6.166666666666667E-4	3.8338609449828875
6.222222222222223E-4	3.891136486363808
6.277777777777778E-4	3.9481840237268635
6.333333333333334E-4	4.005001333642636
6.388888888888889E-4	4.061586197706023
6.444444444444444E-4	4.024346938886837
6.500000000000001E-4	3.831403865867285
6.555555555555556E-4	3.638978741362013
6.611111111111111E-4	3.4781332220479615
6.666666666666668E-4	3.4107437127522044
6.722222222222223E-4	3.34350539978036
6.777777777777778E-4	3.3073302408809577
6.833333333333333E-4	3.4872361478387726
6.88888888888889E-4	3.666507729341111
6.944444444444445E-4	3.845138292334732
7.0E-4	4.023121158843281
7.055555555555556E-4	4.200449666103471
7.111111111111111E-4	4.377117166701038
7.166666666666667E-4	4.339212201854427
7.222222222222223E-4	4.270851412989751
7.277777777777778E-4	4.202646332106639
7.333333333333333E-4	4.0433948800300366
7.38888888888889E-4	3.8542723481071923
7.444444444444445E-4	3.665739440987113
7.5E-4	3.629011710729892
7.555555555555555E-4	3.6829107148809554
7.611111111111112E-4	3.7365482222251343
7.666666666666667E-4	3.7899221092156288
7.722222222222222E-4	3.8430302581751508
7.777777777777778E-4	3.8958705573396104
7.833333333333334E-4	3.858703607699362
7.888888888888889E-4	3.6723203004005573
7.944444444444445E-4	3.4865684513232758
8.0E-4	3.331197520133071
8.055555555555556E-4	3.2654134966340402
8.111111111111112E-4	3.1998194395570754
8.166666666666667E-4	3.163987570876388
8.222222222222222E-4	3.334814926907132
8.277777777777779E-4	3.504899402411235
8.333333333333334E-4	3.6742346141747673
8.388888888888889E-4	3.842814196722546
8.444444444444445E-4	4.010631802448084
8.500000000000001E-4	4.177681101743245
8.555555555555556E-4	4.1398773235175925
8.611111111111111E-4	4.073051209502232
8.666666666666667E-4	4.006419546560974
8.722222222222223E-4	3.8530731388701858
8.777777777777778E-4	3.671388486632431
8.833333333333334E-4	3.490404060745
8.888888888888889E-4	3.4540448230918095
8.944444444444445E-4	3.5039313104364904
9.000000000000001E-4	3.553522569925823
9.055555555555556E-4	3.602816599035724
9.111111111111111E-4	3.6518114019578416
9.166666666666668E-4	3.7005049896408844
9.222222222222223E-4	3.663693212108358
9.277777777777778E-4	3.485288160040149
9.333333333333333E-4	3.307623270122383
9.38888888888889E-4	3.1589093936579107
9.444444444444445E-4	3.095231512095912
9.5E-4	3.0317809212949602
9.555555555555556E-4	2.996565044989524
9.611111111111112E-4	3.157013750765421
9.666666666666667E-4	3.3166166747128853
9.722222222222223E-4	3.4753677920374195
9.77777777777778E-4	3.6332610982101037
9.833333333333335E-4	3.790290609090369
9.88888888888889E-4	3.9464503610483708
9.944444444444445E-4	3.9090354790225157
0.001	3.8442526269348387
0.0010055555555555555	3.7797014891237173
0.001011111111111111	3.6334271845743666
0.0010166666666666668	3.4605631419294145
0.0010222222222222223	3.2885045980370236
0.0010277777777777778	3.2527905687407115
0.0010333333333333334	3.2982848729880305
0.0010388888888888889	3.343452465193785
0.0010444444444444444	3.388291479097015
0.0010500000000000002	3.43280005594762
0.0010555555555555557	3.476976344544986
0.0010611111111111112	3.4407998989747637
0.0010666666666666667	3.27173087230731
0.0010722222222222222	3.1035050786383183
0.0010777777777777778	2.962580059295374
0.0010833333333333333	2.9014929467988475
0.001088888888888889	2.840668719582415
0.0010944444444444445	2.806336849734841
0.0011	2.955185793723367
0.0011055555555555556	3.1030924914920717
0.0011111111111111111	3.2500513225182113
0.0011166666666666666	3.3960566889172386
0.0011222222222222224	3.5411030155574355
0.001127777777777778	3.6851847501740367
0.0011333333333333334	3.6484435141919223
0.001138888888888889	3.58619696065327
0.0011444444444444445	3.52421762110807
0.00115	3.386128655480614
0.0011555555555555555	3.2234008221711665
0.0011611111111111112	3.061577629684616
0.0011666666666666668	3.0267806140728513
0.0011722222222222223	3.0675364960972766
0.0011777777777777778	3.1079366683698266
0.0011833333333333333	3.147979415096047
0.0011888888888888889	3.1876630287302907
0.0011944444444444446	3.226985810011383
0.0012000000000000001	3.1917200209981886
0.0012055555555555556	3.033273737111103
0.0012111111111111112	2.8757673395582097
0.0012166666666666667	2.743703701826849
0.0012222222222222222	2.6856722682073007
0.001227777777777778	2.6279373136711794
0.0012333333333333335	2.5947507365411573
0.001238888888888889	2.730867088401102
0.0012444444444444445	2.865951900712531
0.00125	3.0000000000000004
0.0012555555555555555	3.133006237626627
0.001261111111111111	3.2649654898996414
0.0012666666666666668	3.395872658175486
0.0012722222222222223	3.3600846912279017
0.0012777777777777779	3.3008481700962014
0.0012833333333333334	3.24191232901501
0.001288888888888889	3.1130596427182704
0.0012944444444444444	2.9617064758135614
0.0013000000000000002	2.811350206939196
0.0013055555555555557	2.777735031311793
0.0013111111111111112	2.813442314242043
0.0013166666666666667	2.8487675968761046
0.0013222222222222222	2.8837093269442575
0.0013277777777777778	2.9182659611007624
0.0013333333333333335	2.952435964956287
0.001338888888888889	2.918349226448576
0.0013444444444444445	2.771731557234712
0.00135	2.626143274588272
0.0013555555555555556	2.5039461024938308
0.0013611111111111111	2.4494120020014445
0.0013666666666666666	2.395205718010975
0.0013722222222222224	2.3634170034890634
0.001377777777777778	2.4857648355934825
0.0013833333333333334	2.606999685459494
0.001388888888888889	2.727116866032262
0.0013944444444444445	2.846111717106793
0.0014	2.9639796054236527
0.0014055555555555557	3.080715924764247
0.0014111111111111112	3.0461535948890286
0.0014166666666666668	2.990377931858082
0.0014222222222222223	2.9349341265779607
0.0014277777777777778	2.81629836635803
0.0014333333333333333	2.67747175484775
0.0014388888888888889	2.5397267115793065
0.0014444444444444446	2.507549207720183
0.0014500000000000001	2.5379361375725105
0.0014555555555555556	2.567917683837251
0.0014611111111111112	2.597492469583124
0.0014666666666666667	2.6266591274100928
0.0014722222222222222	2.655416299478295
0.001477777777777778	2.622768032138249
0.0014833333333333335	2.4890948265904975
0.001488888888888889	2.3565326735900536
0.0014944444444444445	2.24513196139684
0.0015	2.194510231464953
0.0015055555555555556	2.1442451605719492
0.001511111111111111	2.114096239970209
0.0015166666666666668	2.221744411441145
0.0015222222222222223	2.328206628450661
0.0015277777777777779	2.4334787260358333
0.0015333333333333334	2.5375565678905296
0.001538888888888889	2.6404360464505725
0.0015444444444444444	2.742113082978412
0.0015500000000000002	2.7090394303752197
0.0015555555555555557	2.6571491119189594
0.0015611111111111112	2.6056193032759754
0.0015666666666666667	2.4981033589023625
0.0015722222222222223	2.3728598571258996
0.0015777777777777778	2.2487743624153764
0.0015833333333333335	2.2182794205582153
0.001588888888888889	2.2431147344483118
0.0015944444444444446	2.267524366673304
0.0016	2.2915071261196287
0.0016055555555555556	2.3150618317396874
0.0016111111111111111	2.3381873125770745
0.0016166666666666666	2.3072259894327125
0.0016222222222222224	2.187514581359382
0.001627777777777778	2.068987436032483
0.0016333333333333334	1.9692310104258768
0.001638888888888889	1.922906912985507
0.0016444444444444445	1.876965602730344
0.00165	1.8486859275389793
0.0016555555555555557	1.940815170791786
0.0016611111111111113	2.0316945131897204
0.0016666666666666668	2.1213203435596424
0.0016722222222222223	2.209689080974071
0.0016777777777777778	2.2967971748251266
0.0016833333333333333	2.3826411048979694
0.001688888888888889	2.3513078400335257
0.0016944444444444446	2.3036977828076335
0.0017000000000000001	2.2564741437601077
0.0017055555555555556	2.160896276489399
0.0017111111111111112	2.0501890631193653
0.0017166666666666667	1.9407074825063797
0.0017222222222222222	1.9121271875720611
0.001727777777777778	1.9312218737652547
0.0017333333333333335	1.949873819910326
0.001738888888888889	1.968082029776528
0.0017444444444444445	1.9858455176571903
0.00175	2.0031633083910436
0.0017555555555555556	1.9741245638064515
0.0017611111111111113	1.8692860293067035
0.0017666666666666668	1.7656959547979343
0.0017722222222222223	1.6783430224113771
0.0017777777777777779	1.6366691118153025
0.0017833333333333334	1.5954012033091436
0.001788888888888889	1.569205998932091
0.0017944444444444444	1.645115154796457
0.0018000000000000002	1.7197199759127169
0.0018055555555555557	1.7930174323807226
0.0018111111111111112	1.865004525904653
0.0018166666666666667	1.9356782898552112
0.0018222222222222223	2.005035789331222
0.0018277777777777778	1.975681377270686
0.0018333333333333335	1.9327139225583885
0.001838888888888889	1.8901558535138865
0.0018444444444444446	1.807243468627506
0.00185	1.711915092404491
0.0018555555555555556	1.6178706468242887
0.0018611111111111111	1.5914225121145213
0.0018666666666666666	1.6046312485191927
0.0018722222222222224	1.6173835560118286
0.001877777777777778	1.6296786408264083
0.0018833333333333334	1.6415157200990136
0.001888888888888889	1.6528940218850792
0.0018944444444444445	1.6259988582406197
0.0019	1.5368310818652404
0.0019055555555555557	1.4489664611910065
0.0019111111111111113	1.3746818305851032
0.0019166666666666668	1.337975270456353
0.0019222222222222223	1.3016948374011748
0.0019277777777777778	1.2777834651608406
0.0019333333333333333	1.3368948191254415
0.001938888888888889	1.3946573312237065
0.0019444444444444446	1.451068575887854
0.0019500000000000001	1.5061261602725784
0.001955555555555556	1.5598277243049918
0.0019611111111111114	1.6121709407339517
0.001966666666666667	1.585018786277782
0.0019722222222222224	1.5470209423538999
0.001977777777777778	1.509452335915114
0.0019833333333333335	1.439836446725915
0.001988888888888889	1.3606124141538232
0.0019944444444444445	1.2827208386228641
0.002	1.2586061504126052
0.0020055555555555556	1.2658284105690627
0.002011111111111111	1.2725840266491881
0.0020166666666666666	1.2788724133927314
0.002022222222222222	1.2846929967365917
0.002027777777777778	1.2900452138278726
0.0020333333333333336	1.2654983195586205
0.002038888888888889	1.1926799219267967
0.0020444444444444447	1.121209457904544
0.00205	1.0605584799724934
0.0020555555555555557	1.029098629397675
0.002061111111111111	0.9980817877957509
0.0020666666666666667	0.9766362276729659
0.0020722222222222223	1.0184999066417195
0.0020777777777777778	1.058980502126963
0.0020833333333333333	1.098076211353316
0.002088888888888889	1.1357852651369873
0.0020944444444444443	1.1721059279230759
0.0021000000000000003	1.207036497822263
0.002105555555555556	1.1822932452607946
0.0021111111111111113	1.1495541986613147
0.002116666666666667	1.1172609746077897
0.0021222222222222224	1.0614714000677241
0.002127777777777778	0.9989546538712073
0.0021333333333333334	0.9378087503114998
0.002138888888888889	0.9162110359388764
0.0021444444444444445	0.9173918540864098
0.00215	0.9180993644365028
0.0021555555555555555	0.9183331946888599
0.002161111111111111	0.9180929839501656
0.0021666666666666666	0.9173783827428389
0.0021722222222222225	0.895366574536007
0.002177777777777778	0.8394517476226674
0.0021833333333333336	0.7849193736386464
0.002188888888888889	0.7383636389445744
0.0021944444444444446	0.7123899263825378
0.0022	0.6868727331269409
0.0022055555555555557	0.6680561987834216
0.002211111111111111	0.6923535948813953
0.0022166666666666667	0.715244191979122
0.0022222222222222222	0.7367268238138375
0.0022277777777777777	0.7568003583278137
0.0022333333333333333	0.7754636976927574
0.002238888888888889	0.7927157783335829
0.0022444444444444447	0.7705697387591933
0.0022500000000000003	0.7433386533971122
0.002255555555555556	0.7165665826630779
0.0022611111111111113	0.6750279151210614
0.002266666666666667	0.6296942454873191
0.0022722222222222224	0.5857593711458605
0.002277777777777778	0.5668430022583051
0.0022833333333333334	0.5619733916578136
0.002288888888888889	0.5566274116969033
0.0022944444444444444	0.5508049058686634
0.0023	0.544505729196177
0.0023055555555555555	0.5377297482369183
0.002311111111111111	0.5184205492440563
0.002316666666666667	0.4798348386443041
0.0023222222222222225	0.4426555789920844
0.002327777777777778	0.4105494047881315
0.0023333333333333335	0.39025950587483127
0.002338888888888889	0.3704361622139401
0.0023444444444444446	0.35439185883777546
0.00235	0.3609380542094946
0.0023555555555555556	0.3660644416540702
0.002361111111111111	0.369770500297316
0.0023666666666666667	0.3720557438232139
0.002372222222222222	0.37291972048521527
0.0023777777777777777	0.37236201311691075
0.0023833333333333337	0.3529817312629047
0.002388888888888889	0.3314658521404078
0.0023944444444444447	0.3104186863495689
0.0024000000000000002	0.28344706014732945
0.0024055555555555557	0.25564148367549233
0.0024111111111111113	0.22925200947462163
0.002416666666666667	0.2131609510613836
0.0024222222222222223	0.2022779723898886
0.002427777777777778	0.190919188253469
0.0024333333333333334	0.17908465912971008
0.002438888888888889	0.16677445706145694
0.0024444444444444444	0.15398866565681715
0.00245	0.13752903054147034
0.002455555555555556	0.11656609681166322
0.0024611111111111114	0.09702290810664718
0.002466666666666667	0.07961064176474351
0.0024722222222222224	0.06515897488228566
0.002477777777777778	0.051180348431019526
0.0024833333333333335	0.03803038285871628
0.002488888888888889	0.02677555700470146
0.0024944444444444445	0.014098719892276729
0.0025	2.59786816870648E-16
0.0025055555555555556	-0.015520439545279834
0.002511111111111111	-0.032462400970302105
0.0025166666666666666	-0.0508256518579109
0.002522222222222222	-0.06729268034448911
0.002527777777777778	-0.08292960439563776
0.0025333333333333336	-0.09809168360298906
0.002538888888888889	-0.11029099810413907
0.0025444444444444447	-0.12035686418765408
0.00255	-0.12900009841486754
0.0025555555555555557	-0.1421433836832163
0.0025611111111111112	-0.1589569043867017
0.0025666666666666667	-0.176242045492731
0.0025722222222222223	-0.19399852999949307
0.002577777777777778	-0.21222606939267025
0.0025833333333333333	-0.23092436364983257
0.002588888888888889	-0.24440916712583632
0.0025944444444444444	-0.24758978340224913
0.0026000000000000003	-0.24934816569351614
0.002605555555555556	-0.25193400631269475
0.0026111111111111114	-0.26043745525317974
0.002616666666666667	-0.2684649787069996
0.0026222222222222224	-0.27862052729726994
0.002627777777777778	-0.30759071835642
0.0026333333333333334	-0.33797430164093595
0.002638888888888889	-0.36977050029731645
0.0026444444444444445	-0.4029785029973374
0.00265	-0.4375974639531044
0.0026555555555555555	-0.47362650293272723
0.002661111111111111	-0.48705495402203264
0.002666666666666667	-0.4966939165679694
0.0026722222222222225	-0.5058555166139503
0.002677777777777778	-0.5031896752645086
0.0026833333333333336	-0.49543922364087
0.002688888888888889	-0.48627043766302847
0.0026944444444444446	-0.4963659214494643
0.0027	-0.5189820231401071
0.0027055555555555557	-0.5420619708548756
0.002711111111111111	-0.565605273175886
0.0027166666666666667	-0.5896114273131158
0.0027222222222222222	-0.614079919113163
0.0027277777777777778	-0.6244872634530245
0.0027333333333333333	-0.6098613558656722
0.0027388888888888892	-0.593821549392212
0.0027444444444444448	-0.5815612844801805
0.0027500000000000003	-0.5840517990977326
0.002755555555555556	-0.5860671252534719
0.0027611111111111113	-0.5931509670048505
0.002766666666666667	-0.6396160426224963
0.0027722222222222224	-0.687475134664199
0.002777777777777778	-0.7367268238138379
0.0027833333333333334	-0.7873696567165114
0.002788888888888889	-0.8394021460066494
0.0027944444444444444	-0.8928227703367229
0.0028	-0.9031104454076455
0.0028055555555555555	-0.9066780881232308
0.0028111111111111114	-0.9097694836995662
0.002816666666666667	-0.8922587751618832
0.0028222222222222225	-0.8667509914477973
0.002827777777777778	-0.8398399652624566
0.0028333333333333335	-0.846810814839545
0.002838888888888889	-0.8750573753275018
0.0028444444444444446	-0.9037564773128469
0.00285	-0.9329074187016079
0.0028555555555555556	-0.9625094862545952
0.002861111111111111	-0.9925619556004502
0.0028666666666666667	-0.9998126346296167
0.002872222222222222	-0.9674915151666037
0.0028777777777777777	-0.9337755925407827
0.0028833333333333337	-0.9067625301164681
0.002888888888888889	-0.9032211560910341
0.0028944444444444447	-0.8992089470997605
0.0029000000000000002	-0.9031671696991774
0.0029055555555555558	-0.9667735025934885
0.0029111111111111113	-1.0317438668038308
0.002916666666666667	-1.0980762113533165
0.0029222222222222223	-1.1657684519212763
0.002927777777777778	-1.2348184708842116
0.0029333333333333334	-1.305224117357329
0.002938888888888889	-1.312292720990711
0.0029444444444444444	-1.3097618919606773
0.00295	-1.306759555680396
0.002955555555555556	-1.274537247019696
0.0029611111111111114	-1.231466260851243
0.002966666666666667	-1.1870178036170007
0.0029722222222222225	-1.190810966610346
0.002977777777777778	-1.2244730125145658
0.0029833333333333335	-1.2585728512753873
0.002988888888888889	-1.2931095754661106
0.0029944444444444445	-1.3280822668265595
0.003	-1.3634899962803233
0.0030055555555555556	-1.367528827953302
0.003011111111111111	-1.317758479849767
0.0030166666666666666	-1.2666230396009968
0.003022222222222222	-1.2250627653803847
0.003027777777777778	-1.2155164547066368
0.0030333333333333336	-1.2055072459014116
0.003038888888888889	-1.2063097248848467
0.0030444444444444447	-1.2865732324559438
0.00305	-1.3681604051331064
0.0030555555555555557	-1.4510685758878525
0.0030611111111111112	-1.5352950452966898
0.0030666666666666668	-1.6208370815945654
0.0030722222222222223	-1.7076919207289745
0.003077777777777778	-1.7114876565830266
0.0030833333333333333	-1.7028776169444506
0.003088888888888889	-1.6938043983995053
0.003094444444444445	-1.6471157208410592
0.0031000000000000003	-1.5868093284299571
0.003105555555555556	-1.5251617197450742
0.0031111111111111114	-1.5257483278939221
0.003116666666666667	-1.5645696707193741
0.0031222222222222224	-1.6038107258926557
0.003127777777777778	-1.6434703875604062
0.0031333333333333335	-1.6835475394299746
0.003138888888888889	-1.7240410547907323
0.0031444444444444445	-1.7248373011597806
0.00315	-1.65799650681695
0.0031555555555555555	-1.5898307205219464
0.003161111111111111	-1.5340395332866343
0.003166666666666667	-1.5185609391530184
0.0031722222222222225	-1.502630906656577
0.003177777777777778	-1.5002715346744155
0.0031833333333333336	-1.5965813631652517
0.003188888888888889	-1.6941644166614793
0.0031944444444444446	-1.7930174323807204
0.0032	-1.8931371163408954
0.0032055555555555557	-1.9945201434257969
0.003211111111111111	-2.0971631574513
0.0032166666666666667	-2.0976571376842434
0.0032222222222222222	-2.083033415037659
0.0032277777777777778	-2.067958366899735
0.0032333333333333333	-2.007158649471157
0.0032388888888888892	-1.93007581887765
0.0032444444444444448	-1.8516982342680612
0.0032500000000000003	-1.8490738231301969
0.003255555555555556	-1.8927590090170106
0.0032611111111111113	-1.9368426324784878
0.003266666666666667	-1.9813233976508156
0.0032722222222222224	-2.0261999987045303
0.003277777777777778	-2.071471119869734
0.0032833333333333334	-2.069018721019195
0.003288888888888889	-1.985616179241593
0.0032944444444444445	-1.9009388296936873
0.0033	-1.8313413340661744
0.0033055555555555555	-1.8100482579202835
0.0033111111111111115	-1.7883186388987369
0.003316666666666667	-1.782815372196392
0.0033222222222222225	-1.8944385456586865
0.003327777777777778	-2.0072748140146137
0.0033333333333333335	-2.1213203435596437
0.003338888888888889	-2.2365712708223024
0.0033444444444444446	-2.353023702641369
0.00335	-2.4706737162436836
0.0033555555555555556	-2.467862181367675
0.003361111111111111	-2.447336071072465
0.0033666666666666667	-2.426373923560456
0.003372222222222222	-2.3519258888232497
0.003377777777777778	-2.25865326693204
0.0033833333333333337	-2.1641422071423055
0.003388888888888889	-2.158326750071149
0.0033944444444444447	-2.206543308376891
0.0034000000000000002	-2.255133997133603
0.0034055555555555558	-2.3040973403293283
0.0034111111111111113	-2.353431852535936
0.003416666666666667	-2.4031360389380656
0.0034222222222222223	-2.397453659103994
0.003427777777777778	-2.2981241135943775
0.0034333333333333334	-2.1975796465532116
0.003438888888888889	-2.114705521499341
0.0034444444444444444	-2.0877600165077537
0.0034500000000000004	-2.0603961864825604
0.003455555555555556	-2.051790908242599
0.0034611111111111114	-2.177877906926389
0.003466666666666667	-2.305108638007429
0.0034722222222222225	-2.4334787260358337
0.003477777777777778	-2.5629837674540963
0.0034833333333333335	-2.693619330685282
0.003488888888888889	-2.825380956221874
0.0034944444444444446	-2.81928530371497
0.0035	-2.793013021864487
0.0035055555555555556	-2.766323309578248
0.003511111111111111	-2.6787935520297186
0.0035166666666666666	-2.5700409998129574
0.0035222222222222226	-2.4601157510754055
0.003527777777777778	-2.4511535072107367
0.0035333333333333336	-2.5035344808127467
0.003538888888888889	-2.5562624303833927
0.0035444444444444447	-2.609335710995919
0.00355	-2.6627526689285363
0.0035555555555555557	-2.7165116416968664
0.0035611111111111112	-2.7076425272209113
0.0035666666666666668	-2.5931419357974295
0.0035722222222222223	-2.4774955553675975
0.003577777777777778	-2.381975523019793
0.0035833333333333333	-2.3495826607456363
0.003588888888888889	-2.3167928749860227
0.003594444444444445	-2.305151076571856
0.0036000000000000003	-2.4447423022837493
0.003605555555555556	-2.5853991934023552
0.0036111111111111114	-2.727116866032274
0.003616666666666667	-2.869890410043652
0.0036222222222222224	-3.013714889170859
0.003627777777777778	-3.1585853411115536
0.0036333333333333335	-3.149251962569985
0.003638888888888889	-3.11743345709275
0.0036444444444444445	-3.0852193048584677
0.00365	-2.9852739788054703
0.0036555555555555556	-2.8618691688521047
0.003661111111111111	-2.737366328684327
0.003666666666666667	-2.725325506113497
0.0036722222222222226	-2.781472244174166
0.003677777777777778	-2.8379361630245086
0.0036833333333333336	-2.8947154613418533
0.003688888888888889	-2.9518083296965703
0.0036944444444444446	-3.0092129505877785
0.0037	-2.9972246007864185
0.0037055555555555557	-2.868424382087153
0.003711111111111111	-2.738556227052904
0.0037166666666666667	-2.631117252533919
0.0037222222222222223	-2.593523562218444
0.0037277777777777778	-2.555557370793052
0.0037333333333333333	-2.540967653320113
0.0037388888888888893	-2.693000732544966
0.0037444444444444448	-2.846013299828774
0.0037500000000000003	-3.000000000000014
0.003755555555555556	-3.1549554537255675
0.0037611111111111113	-3.3108742576190435
0.003766666666666667	-3.4677509843493977
0.0037722222222222224	-3.4552509124195163
0.003777777777777778	-3.4181283413547483
0.0037833333333333334	-3.3806349183223645
0.003788888888888889	-3.269034668044802
0.0037944444444444445	-3.131916785472437
0.0038	-2.9937838956649725
0.003805555555555556	-2.978756132318203
0.0038111111111111115	-3.03824132425856
0.003816666666666667	-3.098011487872307
0.0038222222222222225	-3.1580646791499896
0.003827777777777778	-3.2183989467250127
0.0038333333333333336	-3.279012331912258
0.003838888888888889	-3.2639959853662464
0.0038444444444444446	-3.121876386827196
0.00385	-2.978774832264889
0.0038555555555555556	-2.8602345910442293
0.003861111111111111	-2.8177261833704264
0.0038666666666666667	-2.774872531920618
0.003872222222222222	-2.7574459319483977
0.003877777777777778	-2.920763801153215
0.0038833333333333337	-3.0849675265736805
0.003888888888888889	-3.250051322518226
0.0038944444444444447	-3.416009381390443
0.0039000000000000003	-3.5828358738062103
0.0039055555555555558	-3.75052494871105
0.003911111111111112	-3.7349533164879873
0.003916666666666667	-3.692809205016713
0.003922222222222223	-3.650321858774651
0.003927777777777778	-3.5279160295631975
0.003933333333333334	-3.3781286242522515
0.003938888888888889	-3.2274169595034516
0.003944444444444445	-3.209516625733836
0.00395	-3.2718875533250764
0.003955555555555556	-3.334509074666911
0.003961111111111111	-3.3973791178582053
0.003966666666666667	-3.4604956044464625
0.0039722222222222225	-3.5238564494691063
0.003977777777777778	-3.505926389642778
0.0039833333333333335	-3.3515690272229826
0.003988888888888889	-3.196323162369919
0.0039944444444444446	-3.067583817259827
0.004	-3.0204842068773723
0.004005555555555556	-2.973069237566422
0.004011111111111111	-2.9529383820431794
0.004016666666666667	-3.126298093629272
0.004022222222222222	-3.3004432876870404
0.004027777777777778	-3.475367792037416
0.004033333333333333	-3.651065415020063
0.004038888888888889	-3.827529945618247
0.004044444444444444	-4.004755153584115
0.00405	-3.9862304705915204
0.004055555555555556	-3.93938556084934
0.004061111111111112	-3.892227645757063
0.004066666666666667	-3.759947819882688
0.004072222222222223	-3.5986308644316853
0.004077777777777778	-3.4364874315124805
0.004083333333333334	-3.415850759668511
0.004088888888888889	-3.4806327424910704
0.004094444444444445	-3.5456290339716707
0.0041	-3.6108374500859233
0.004105555555555556	-3.676255801113698
0.004111111111111111	-3.741881891682795
0.004116666666666667	-3.7211745771578935
0.004122222222222222	-3.5557542035888776
0.004127777777777778	-3.3895455432166206
0.0041333333333333335	-3.2515868783683253
0.004138888888888889	-3.2002545217517535
0.0041444444444444445	-3.148639091126057
0.00415	-3.1259571880176678
0.0041555555555555556	-3.308039369902438
0.004161111111111111	-3.4908006825189575
0.004166666666666667	-3.6742346141747677
0.004172222222222222	-3.8583346362678217
0.004177777777777778	-4.0430942034183746
0.004183333333333333	-4.228506753601143
0.004188888888888889	-4.207170003862082
0.004194444444444444	-4.1559808138978696
0.004200000000000001	-4.104511230163957
0.004205555555555556	-3.9633641369743056
0.004211111111111112	-3.79174535082007
0.004216666666666667	-3.6194041591598562
0.004222222222222223	-3.596188206775028
0.004227777777777778	-3.662888214823199
0.004233333333333334	-3.7297646154185604
0.004238888888888889	-3.796815129035222
0.004244444444444445	-3.8640374713505152
0.00425	-3.931429353290718
0.004255555555555556	-3.9081023792341947
0.004261111111111111	-3.7328779434423867
0.004266666666666667	-3.5569714358158864
0.004272222222222222	-3.4108433999706036
0.004277777777777778	-3.3556689673490894
0.0042833333333333334	-3.3002459000019595
0.004288888888888889	-3.275185572286785
0.0042944444444444445	-3.464604469121848
0.0043	-3.6545909763538242
0.0043055555555555555	-3.845138292334732
0.004311111111111111	-4.036239601207433
0.004316666666666667	-4.22788807304346
0.004322222222222222	-4.42007686398108
0.004327777777777778	-4.396090433044549
0.004333333333333333	-4.340946543502807
0.0043388888888888895	-4.285557005737659
0.004344444444444445	-4.136616859838851
0.004350000000000001	-3.956002365570272
0.004355555555555556	-3.774775035700041
0.004361111111111112	-3.749156490190179
0.004366666666666667	-3.8172668961281446
0.004372222222222223	-3.8855144360486675
0.004377777777777778	-3.953896752272907
0.004383333333333334	-4.022411483260739
0.004388888888888889	-4.0910562636581504
0.004394444444444445	-4.065287162427788
0.0044	-3.88159222817297
0.004405555555555556	-3.6973266280305186
0.004411111111111111	-3.544141343775552
0.004416666666666667	-3.485544745896578
0.004422222222222222	-3.4267358448358896
0.004427777777777778	-3.3994878167396814
0.004433333333333333	-3.5948018363458663
0.004438888888888889	-3.7905676261562733
0.0044444444444444444	-3.9867781463320484
0.00445	-4.18342634563375
0.0044555555555555555	-4.38050516156407
0.004461111111111111	-4.578007520510742
0.0044666666666666665	-4.551553959599573
0.004472222222222222	-4.492875048776509
0.004477777777777778	-4.433987104807633
0.004483333333333334	-4.27838743064249
0.0044888888888888895	-4.090151813618929
0.004494444444444445	-3.901417594947049
0.0045000000000000005	-3.873591428912405
0.004505555555555556	-3.942593871424784
0.004511111111111112	-4.011693145682681
0.004516666666666667	-4.080886833797662
0.004522222222222223	-4.150172514984888
0.004527777777777778	-4.219547765611834
0.004533333333333334	-4.191532655627806
0.004538888888888889	-4.000765252277707
0.004544444444444445	-3.8095429320989997
0.00455	-3.650466231943308
0.004555555555555556	-3.588893424298328
0.004561111111111111	-3.527146260770937
0.004566666666666667	-3.497917906240341
0.004572222222222222	-3.697640590994597
0.004577777777777778	-3.8976957675163617
0.004583333333333333	-4.098076211353317
0.004588888888888889	-4.298774689547903
0.004594444444444444	-4.499783960783843
0.0046	-4.701096775532796
0.0046055555555555554	-4.672377412218618
0.004611111111111111	-4.610610062056887
0.0046166666666666665	-4.548671884695403
0.004622222222222222	-4.387596889737961
0.004627777777777778	-4.193172736664774
0.004633333333333334	-3.998368010556173
0.0046388888888888894	-3.9685459979221474
0.004644444444444445	-4.037915326756614
0.0046500000000000005	-4.107340448151498
0.004655555555555556	-4.176818902410375
0.0046611111111111115	-4.246348227927324
0.004666666666666667	-4.31592596123661
0.004672222222222223	-4.285878054401879
0.004677777777777778	-4.089490037084485
0.004683333333333334	-3.8927663141892763
0.004688888888888889	-3.7290088678742053
0.004694444444444445	-3.664928456708075
0.0047	-3.6007129639123816
0.004705555555555556	-3.569726728373916
0.004711111111111111	-3.772338068049426
0.004716666666666667	-3.9751600905926
0.004722222222222222	-4.178185441920114
0.004727777777777778	-4.38140676240347
0.004733333333333333	-4.584816687018207
0.004738888888888889	-4.788407845493203
0.004744444444444444	-4.757641251472062
0.00475	-4.69325554880254
0.004755555555555555	-4.628738524977462
0.004761111111111111	-4.463414087199087
0.004766666666666667	-4.264281083277678
0.004772222222222223	-4.064888431324351
0.004777777777777778	-4.033297535614113
0.004783333333333334	-4.102505808291889
0.004788888888888889	-4.171728409729913
0.004794444444444445	-4.240962857143536
0.0048000000000000004	-4.310206666840069
0.004805555555555556	-4.37945735426903
0.0048111111111111115	-4.34760533329803
0.004816666666666667	-4.147091333407453
0.0048222222222222225	-3.9463633941120055
0.004827777777777778	-3.779171494683464
0.004833333333333334	-3.7130711706179675
0.004838888888888889	-3.6468760672285216
0.004844444444444445	-3.6143677746446343
0.00485	-3.818325774606396
0.004855555555555556	-4.0223710451121395
0.004861111111111111	-4.226496158416553
0.004866666666666667	-4.430693684231412
0.004872222222222222	-4.634956189876357
0.004877777777777778	-4.839276240429698
0.004883333333333333	-4.806696568059472
0.004888888888888889	-4.740182526956614
0.004894444444444444	-4.673577670175706
0.0049	-4.505262008373519
0.004905555555555555	-4.302935676003556
0.004911111111111112	-4.100472596683409
0.004916666666666667	-4.0673532436884186
0.004922222222222223	-4.135873743465328
0.004927777777777778	-4.204366999151798
0.004933333333333334	-4.272830523770449
0.004938888888888889	-4.341261830444219
0.004944444444444445	-4.40965843244681
0.00495	-4.376244710451908
0.004955555555555556	-4.17313076060098
0.0049611111111111115	-3.96992626572614
0.004966666666666667	-3.8005723444920427
0.0049722222222222225	-3.7329551709057855
0.004977777777777778	-3.6652842416290774
0.0049833333333333335	-3.631501299735375
0.004988888888888889	-3.8352537164504716
0.004994444444444445	-4.0389693272043345
0.005	-4.242640687119286
0.005005555555555556	-4.44626035179636
0.005011111111111111	-4.649820877466483
0.005016666666666667	-4.853314821141638
0.005022222222222222	-4.819170021401208
0.005027777777777778	-4.751033853880095
0.005033333333333333	-4.68284806732056
0.005038888888888889	-4.51282216531265
0.005044444444444444	-4.308842330051414
0.005050000000000001	-4.104849689648658
0.005055555555555556	-4.070453937643218
0.005061111111111112	-4.13776518214215
0.005066666666666667	-4.205007817043936
0.005072222222222223	-4.272179370105858
0.005077777777777778	-4.339277370193126
0.005083333333333334	-4.40629934732911
0.005088888888888889	-4.371578222910444
0.005094444444444445	-4.167410142901086
0.0051	-3.9632756013511155
0.005105555555555556	-3.793048543910712
0.005111111111111111	-3.72442912832305
0.005116666666666667	-3.655797389791701
0.0051222222222222225	-3.6209969071746926
0.005127777777777778	-3.82299306172285
0.0051333333333333335	-4.024828613920145
0.005138888888888889	-4.226496158416553
0.0051444444444444445	-4.427988293358733
0.00515	-4.62929762054048
0.005155555555555556	-4.830416745553078
0.005161111111111111	-4.794966680985662
0.005166666666666667	-4.725726944422871
0.005172222222222222	-4.656479163092133
0.005177777777777778	-4.486037020657225
0.005183333333333333	-4.281956092217448
0.005188888888888889	-4.077986397899708
0.005194444444444445	-4.042576019325265
0.005200000000000001	-4.108165729331945
0.005205555555555556	-4.173645986395227
0.005211111111111112	-4.2390143518223296
0.005216666666666667	-4.30426838902755
0.005222222222222223	-4.369405663581946
0.005227777777777778	-4.33364138546153
0.005233333333333334	-4.12997301766267
0.005238888888888889	-3.9264620165585704
0.005244444444444445	-3.756657353604891
0.00525	-3.687557931201983
0.005255555555555556	-3.618487712387192
0.005261111111111111	-3.5829345417326994
0.005266666666666667	-3.7816371214091933
0.005272222222222222	-3.980056524626061
0.005277777777777778	-4.178185441920114
0.0052833333333333335	-4.3760165703162155
0.005288888888888889	-4.573542613475834
0.0052944444444444445	-4.770756281845483
0.0053	-4.734270748847761
0.0053055555555555555	-4.664454399446646
0.005311111111111111	-4.594671640773582
0.005316666666666667	-4.425110425531388
0.005322222222222222	-4.222481583005929
0.005327777777777778	-4.020087167307194
0.005333333333333334	-3.983931656526109
0.0053388888888888895	-4.047300654743234
0.005344444444444445	-4.110520189673703
0.005350000000000001	-4.173587874734586
0.005355555555555556	-4.236501326433163
0.005361111111111112	-4.299258164415651
0.005366666666666667	-4.262722920345042
0.005372222222222223	-4.061104304013916
0.005377777777777778	-3.8597656849574284
0.005383333333333334	-3.6916757325064076
0.005388888888888889	-3.622622191616113
0.005394444444444445	-3.5536391585887976
0.0054	-3.5176038809930934
0.005405555555555556	-3.7115006391866876
0.005411111111111111	-3.9049938019557366
0.005416666666666667	-4.098076211353317
0.005422222222222222	-4.290740718862541
0.005427777777777778	-4.482980185542104
0.005433333333333333	-4.674787482171641
0.005438888888888889	-4.637544157680307
0.0054444444444444445	-4.567682540016058
0.00545	-4.4978958929301545
0.0054555555555555555	-4.330506068112527
0.005461111111111111	-4.130871439343644
0.0054666666666666665	-3.9315926459764743
0.005472222222222222	-3.8949671682570726
0.0054777777777777785	-3.9556331783449754
0.005483333333333334	-4.0161108523088105
0.0054888888888888895	-4.076397873838851
0.005494444444444445	-4.136491930675178
0.0055000000000000005	-4.196390714655096
0.005505555555555556	-4.159362559902255
0.005511111111111112	-3.96132813444983
0.005516666666666667	-3.7636942059035188
0.005522222222222223	-3.5985982299887977
0.005527777777777778	-3.5301161097529583
0.005533333333333334	-3.461745265047553
0.005538888888888889	-3.4255021307318354
0.005544444444444445	-3.6131173960346117
0.00555	-3.8002117185528035
0.005555555555555556	-3.9867781463320484
0.005561111111111111	-4.172809739718242
0.005566666666666667	-4.358299571498954
0.005572222222222222	-4.543240727044615
0.005577777777777778	-4.50552305524718
0.005583333333333333	-4.436147858413824
0.005588888888888889	-4.366888441437733
0.005594444444444444	-4.2029439446842725
0.0056	-4.007822869739585
0.0056055555555555555	-3.813176330649326
0.005611111111111111	-3.776359627992134
0.0056166666666666665	-3.833860944982884
0.005622222222222223	-3.8911364863638136
0.005627777777777778	-3.948184023726869
0.005633333333333334	-4.005001333642639
0.0056388888888888895	-4.061586197706024
0.005644444444444445	-4.024346938886833
0.0056500000000000005	-3.8314038658672556
0.005655555555555556	-3.6389787413619876
0.0056611111111111116	-3.478133222047953
0.005666666666666667	-3.4107437127521987
0.005672222222222223	-3.343505399780356
0.005677777777777778	-3.30733024088097
0.005683333333333334	-3.48723614783878
0.005688888888888889	-3.666507729341111
0.005694444444444445	-3.845138292334731
0.0057	-4.023121158843277
0.005705555555555556	-4.200449666103463
0.005711111111111111	-4.3771171667010575
0.005716666666666667	-4.339212201854421
0.005722222222222222	-4.270851412989748
0.005727777777777778	-4.202646332106637
0.005733333333333333	-4.043394880030032
0.005738888888888889	-3.8542723481071928
0.005744444444444444	-3.6657394409871173
0.00575	-3.629011710729889
0.005755555555555555	-3.6829107148809523
0.005761111111111112	-3.7365482222251396
0.005766666666666667	-3.7899221092156314
0.005772222222222223	-3.8430302581751548
0.005777777777777778	-3.8958705573396104
0.005783333333333334	-3.8587036076993293
0.005788888888888889	-3.672320300400524
0.005794444444444445	-3.4865684513232518
0.0058000000000000005	-3.331197520133064
0.005805555555555556	-3.2654134966340336
0.0058111111111111115	-3.1998194395570714
0.005816666666666667	-3.1639875708763996
0.0058222222222222226	-3.33481492690714
0.005827777777777778	-3.5048994024112345
0.005833333333333334	-3.6742346141747673
0.005838888888888889	-3.8428141967225415
0.005844444444444445	-4.010631802448072
0.00585	-4.177681101743264
0.005855555555555556	-4.139877323517586
0.005861111111111111	-4.073051209502229
0.005866666666666667	-4.006419546560972
0.005872222222222222	-3.8530731388701827
0.005877777777777778	-3.6713884866324307
0.005883333333333333	-3.490404060745005
0.005888888888888889	-3.454044823091807
0.005894444444444444	-3.503931310436487
0.0059	-3.55352256992582
0.005905555555555556	-3.602816599035727
0.005911111111111112	-3.6518114019578434
0.005916666666666667	-3.700504989640884
0.005922222222222223	-3.6636932121083263
0.005927777777777778	-3.4852881600401218
0.005933333333333334	-3.3076232701223556
0.005938888888888889	-3.1589093936579036
0.005944444444444445	-3.095231512095905
0.00595	-3.031780921294954
0.005955555555555556	-2.996565044989531
0.0059611111111111115	-3.1570137507654286
0.005966666666666667	-3.3166166747128876
0.0059722222222222225	-3.4753677920374155
0.005977777777777778	-3.6332610982100957
0.0059833333333333336	-3.7902906090903583
0.005988888888888889	-3.946450361048385
0.005994444444444445	-3.909035479022511
0.006	-3.8442526269348347
0.006005555555555556	-3.779701489123715
0.006011111111111111	-3.6334271845743604
0.006016666666666667	-3.4605631419294176
0.006022222222222222	-3.2885045980370284
0.006027777777777778	-3.2527905687407093
0.006033333333333333	-3.298284872988028
0.006038888888888889	-3.343452465193781
0.006044444444444444	-3.388291479097011
0.006050000000000001	-3.4328000559476206
0.006055555555555556	-3.4769763445449864
0.006061111111111112	-3.4407998989747335
0.006066666666666667	-3.271730872307285
0.006072222222222223	-3.103505078638292
0.006077777777777778	-2.9625800592953655
0.006083333333333334	-2.9014929467988413
0.006088888888888889	-2.840668719582411
0.006094444444444445	-2.8063368497348486
0.0061	-2.9551857937233703
0.006105555555555556	-3.103092491492075
0.006111111111111111	-3.2500513225182104
0.006116666666666667	-3.396056688917238
0.0061222222222222225	-3.5411030155574488
0.006127777777777778	-3.685184750174049
0.0061333333333333335	-3.648443514191917
0.006138888888888889	-3.5861969606532673
0.0061444444444444446	-3.524217621108068
0.00615	-3.3861286554806065
0.006155555555555556	-3.2234008221711665
0.006161111111111111	-3.0615776296846224
0.006166666666666667	-3.0267806140728495
0.006172222222222222	-3.0675364960972726
0.006177777777777778	-3.107936668369823
0.006183333333333333	-3.1479794150960436
0.00618888888888889	-3.187663028730291
0.006194444444444445	-3.226985810011383
0.006200000000000001	-3.1917200209981607
0.006205555555555556	-3.033273737111076
0.006211111111111112	-2.8757673395581893
0.006216666666666667	-2.7437037018268415
0.006222222222222223	-2.6856722682072953
0.006227777777777778	-2.6279373136711763
0.006233333333333334	-2.594750736541163
0.006238888888888889	-2.730867088401108
0.006244444444444445	-2.8659519007125316
0.00625	-2.9999999999999996
0.006255555555555556	-3.1330062376266263
0.006261111111111111	-3.264965489899659
0.006266666666666667	-3.3958726581754983
0.0062722222222222224	-3.3600846912278963
0.006277777777777778	-3.300848170096199
0.0062833333333333335	-3.241912329015007
0.006288888888888889	-3.113059642718264
0.0062944444444444445	-2.961706475813562
0.0063	-2.8113502069392022
0.006305555555555556	-2.7777350313117917
0.006311111111111111	-2.813442314242038
0.006316666666666667	-2.848767596876102
0.006322222222222222	-2.8837093269442535
0.006327777777777778	-2.9182659611007646
0.006333333333333334	-2.952435964956294
0.0063388888888888896	-2.9183492264485507
0.006344444444444445	-2.7717315572346917
0.006350000000000001	-2.626143274588254
0.006355555555555556	-2.5039461024938223
0.006361111111111112	-2.4494120020014396
0.006366666666666667	-2.3952057180109687
0.006372222222222223	-2.3634170034890682
0.006377777777777778	-2.4857648355934825
0.006383333333333334	-2.6069996854594946
0.006388888888888889	-2.7271168660322602
0.006394444444444445	-2.8461117171067856
0.0064	-2.963979605423669
0.006405555555555556	-3.0807159247642586
0.006411111111111111	-3.0461535948890255
0.006416666666666667	-2.9903779318580788
0.006422222222222222	-2.934934126577958
0.006427777777777778	-2.81629836635803
0.0064333333333333334	-2.6774717548477507
0.006438888888888889	-2.539726711579305
0.0064444444444444445	-2.50754920772018
0.00645	-2.5379361375725065
0.0064555555555555555	-2.5679176838372486
0.006461111111111111	-2.597492469583129
0.006466666666666667	-2.626659127410093
0.006472222222222223	-2.6554162994783015
0.0064777777777777785	-2.6227680321382247
0.006483333333333334	-2.48909482659048
0.0064888888888888895	-2.3565326735900376
0.006494444444444445	-2.2451319613968344
0.006500000000000001	-2.1945102314649483
0.006505555555555556	-2.144245160571944
0.006511111111111112	-2.1140962399702183
0.006516666666666667	-2.221744411441145
0.006522222222222223	-2.328206628450662
0.006527777777777778	-2.4334787260358315
0.006533333333333334	-2.537556567890523
0.006538888888888889	-2.6404360464505876
0.006544444444444445	-2.742113082978428
0.00655	-2.7090394303752157
0.006555555555555556	-2.657149111918957
0.006561111111111111	-2.605619303275973
0.006566666666666667	-2.4981033589023625
0.006572222222222222	-2.3728598571259005
0.006577777777777778	-2.2487743624153747
0.006583333333333333	-2.2182794205582117
0.006588888888888889	-2.243114734448309
0.0065944444444444444	-2.267524366673302
0.0066	-2.2915071261196296
0.0066055555555555555	-2.3150618317396887
0.006611111111111111	-2.3381873125770767
0.006616666666666667	-2.307225989432691
0.006622222222222223	-2.1875145813593666
0.0066277777777777784	-2.0689874360324687
0.006633333333333334	-1.969231010425869
0.0066388888888888895	-1.9229069129855025
0.006644444444444445	-1.8769656027303396
0.0066500000000000005	-1.8486859275389838
0.006655555555555556	-1.9408151707917864
0.006661111111111112	-2.0316945131897186
0.006666666666666667	-2.121320343559641
0.006672222222222223	-2.2096890809740835
0.006677777777777778	-2.296797174825141
0.006683333333333334	-2.3826411048979796
0.006688888888888889	-2.351307840033522
0.006694444444444445	-2.3036977828076313
0.0067	-2.256474143760107
0.006705555555555556	-2.1608962764894004
0.006711111111111111	-2.0501890631193644
0.006716666666666667	-1.9407074825063788
0.006722222222222222	-1.9121271875720591
0.006727777777777778	-1.9312218737652527
0.006733333333333333	-1.9498738199103258
0.006738888888888889	-1.9680820297765296
0.006744444444444444	-1.9858455176571912
0.00675	-2.003163308391045
0.006755555555555556	-1.9741245638064329
0.006761111111111112	-1.8692860293066909
0.006766666666666667	-1.7656959547979225
0.006772222222222223	-1.6783430224113718
0.006777777777777778	-1.6366691118152983
0.006783333333333334	-1.5954012033091398
0.0067888888888888894	-1.5692059989320948
0.006794444444444445	-1.6451151547964584
0.0068000000000000005	-1.7197199759127157
0.006805555555555556	-1.793017432380718
0.0068111111111111115	-1.8650045259046637
0.006816666666666667	-1.935678289855223
0.006822222222222223	-2.005035789331227
0.006827777777777778	-1.9756813772706818
0.006833333333333334	-1.932713922558387
0.006838888888888889	-1.8901558535138858
0.006844444444444445	-1.8072434686275038
0.00685	-1.71191509240449
0.006855555555555556	-1.6178706468242918
0.006861111111111111	-1.5914225121145205
0.006866666666666667	-1.6046312485191927
0.006872222222222222	-1.617383556011825
0.006877777777777778	-1.6296786408264095
0.006883333333333333	-1.6415157200990151
0.006888888888888889	-1.6528940218850818
0.006894444444444444	-1.6259988582406186
0.006900000000000001	-1.5368310818652267
0.006905555555555556	-1.4489664611909936
0.006911111111111112	-1.3746818305850992
0.006916666666666667	-1.33797527045635
0.006922222222222223	-1.3016948374011725
0.006927777777777778	-1.2777834651608444
0.006933333333333334	-1.3368948191254426
0.006938888888888889	-1.3946573312237052
0.006944444444444445	-1.451068575887851
0.0069500000000000004	-1.5061261602725877
0.006955555555555556	-1.5598277243049958
0.0069611111111111115	-1.6121709407339533
0.006966666666666667	-1.58501878627778
0.0069722222222222225	-1.5470209423538996
0.006977777777777778	-1.5094523359151155
0.006983333333333334	-1.4398364467259137
0.006988888888888889	-1.3606124141538227
0.006994444444444445	-1.2827208386228663
0.007	-1.2586061504126045
0.007005555555555556	-1.2658284105690598
0.007011111111111111	-1.272584026649189
0.007016666666666667	-1.278872413392733
0.007022222222222222	-1.2846929967365939
0.007027777777777778	-1.2900452138278753
0.007033333333333333	-1.265498319558623
0.007038888888888889	-1.1926799219267998
0.007044444444444445	-1.1212094579045342
0.007050000000000001	-1.0605584799724903
0.007055555555555556	-1.029098629397672
0.007061111111111112	-0.9980817877957497
0.007066666666666667	-0.9766362276729658
0.007072222222222223	-1.0184999066417197
0.007077777777777778	-1.0589805021269614
0.007083333333333334	-1.0980762113533251
0.007088888888888889	-1.135785265136997
0.007094444444444445	-1.1721059279230805
0.0071	-1.2070364978222645
0.007105555555555556	-1.1822932452607944
0.0071111111111111115	-1.1495541986613145
0.007116666666666667	-1.1172609746077873
0.0071222222222222225	-1.0614714000677226
0.007127777777777778	-0.9989546538712069
0.0071333333333333335	-0.9378087503115023
0.007138888888888889	-0.916211035938877
0.007144444444444445	-0.9173918540864077
0.00715	-0.9180993644365038
0.007155555555555556	-0.9183331946888618
0.007161111111111111	-0.9180929839501673
0.007166666666666667	-0.9173783827428372
0.007172222222222222	-0.8953665745360085
0.007177777777777778	-0.8394517476226697
0.007183333333333334	-0.7849193736386407
0.00718888888888889	-0.7383636389445718
0.007194444444444445	-0.7123899263825364
0.007200000000000001	-0.6868727331269375
0.007205555555555556	-0.6680561987834214
0.007211111111111112	-0.6923535948813956
0.007216666666666667	-0.7152441919791217
0.007222222222222223	-0.7367268238138435
0.007227777777777778	-0.7568003583278164
0.007233333333333334	-0.7754636976927609
0.007238888888888889	-0.7927157783335842
0.007244444444444445	-0.7705697387591938
0.00725	-0.7433386533971139
0.007255555555555556	-0.7165665826630765
0.007261111111111111	-0.675027915121061
0.007266666666666667	-0.6296942454873197
0.0072722222222222225	-0.5857593711458619
0.007277777777777778	-0.5668430022583019
0.0072833333333333335	-0.5619733916578116
0.007288888888888889	-0.5566274116969038
0.0072944444444444445	-0.5508049058686648
0.0073	-0.544505729196179
0.007305555555555556	-0.5377297482369175
0.007311111111111111	-0.5184205492440559
0.007316666666666667	-0.47983483864430765
0.007322222222222222	-0.4426555789920887
0.0073277777777777785	-0.41054940478813046
0.007333333333333334	-0.39025950587483116
0.00733888888888889	-0.37043616221393666
0.007344444444444445	-0.35439185883777347
0.007350000000000001	-0.3609380542094934
0.007355555555555556	-0.36606444165406976
0.007361111111111112	-0.369770500297316
0.007366666666666667	-0.3720557438232145
0.007372222222222223	-0.3729197204852166
0.007377777777777778	-0.3723620131169116
0.007383333333333334	-0.35298173126290644
0.007388888888888889	-0.3314658521404063
0.007394444444444445	-0.3104186863495673
0.0074	-0.283447060147329
0.007405555555555556	-0.2556414836754929
0.007411111111111111	-0.2292520094746194
0.007416666666666667	-0.21316095106138194
0.007422222222222222	-0.20227797238988846
0.007427777777777778	-0.19091918825346982
0.0074333333333333335	-0.17908465912971183
0.007438888888888889	-0.16677445706145574
0.0074444444444444445	-0.15398866565681574
0.00745	-0.1375290305414699
0.0074555555555555555	-0.11656609681166516
0.007461111111111111	-0.09702290810664989
0.007466666666666667	-0.07961064176474328
0.007472222222222223	-0.06515897488228269
0.0074777777777777785	-0.05118034843101745
0.007483333333333334	-0.038030382858715114
0.0074888888888888895	-0.026775557004701078
0.007494444444444445	-0.01409871989227735
0.007500000000000001	2.9888614502291424E-15
0.007505555555555556	0.015520439545282377
0.007511111111111112	0.03246240097030385
0.007516666666666667	0.05082565185791157
0.007522222222222223	0.0672926803444927
0.007527777777777778	0.08292960439563929
0.007533333333333334	0.09809168360298953
0.007538888888888889	0.11029099810413853
0.007544444444444445	0.1203568641876526
0.00755	0.12900009841486942
0.007555555555555556	0.1421433836832165
0.007561111111111111	0.15895690438670232
0.007566666666666667	0.17624204549273081
0.007572222222222222	0.19399852999949568
0.007577777777777778	0.2122260693926719
0.007583333333333333	0.23092436364983301
0.007588888888888889	0.24440916712583582
0.0075944444444444445	0.24758978340224772
0.0076	0.24934816569351767
0.0076055555555555555	0.25193400631269475
0.007611111111111112	0.26043745525318135
0.007616666666666667	0.2684649787070011
0.007622222222222223	0.27862052729727105
0.0076277777777777785	0.3075907183564204
0.007633333333333334	0.337974301640942
0.0076388888888888895	0.36977050029732195
0.007644444444444445	0.40297850299734206
0.0076500000000000005	0.4375974639531067
0.007655555555555556	0.47362650293272834
0.007661111111111112	0.48705495402203464
0.007666666666666667	0.49669391656796985
0.007672222222222223	0.5058555166139497
0.007677777777777778	0.5031896752645081
0.007683333333333334	0.4954392236408723
0.007688888888888889	0.486270437663032
0.007694444444444445	0.4963659214494639
0.0077	0.5189820231401072
0.007705555555555556	0.5420619708548752
0.007711111111111111	0.5656052731758882
0.007716666666666667	0.589611427313117
0.007722222222222222	0.6140799191131635
0.007727777777777778	0.6244872634530239
0.007733333333333333	0.6098613558656745
0.007738888888888889	0.5938215493922152
0.007744444444444444	0.5815612844801809
0.00775	0.5840517990977322
0.007755555555555556	0.5860671252534733
0.007761111111111112	0.5931509670048509
0.007766666666666667	0.6396160426224957
0.007772222222222223	0.6874751346642073
0.007777777777777778	0.7367268238138456
0.007783333333333334	0.7873696567165192
0.0077888888888888895	0.8394021460066532
0.007794444444444445	0.8928227703367297
0.0078000000000000005	0.9031104454076467
0.007805555555555556	0.9066780881232315
0.0078111111111111116	0.9097694836995657
0.007816666666666666	0.8922587751618888
0.007822222222222223	0.8667509914477917
0.007827777777777779	0.839839965262457
0.007833333333333335	0.8468108148395495
0.00783888888888889	0.875057375327506
0.007844444444444446	0.9037564773128531
0.007850000000000001	0.9329074187016131
0.007855555555555557	0.9625094862546021
0.007861111111111112	0.9925619556004563
0.007866666666666668	0.9998126346296106
0.007872222222222223	0.9674915151665965
0.007877777777777779	0.933775592540778
0.007883333333333334	0.9067625301164689
0.00788888888888889	0.9032211560910339
0.007894444444444445	0.8992089470997606
0.0079	0.9031671696991775
0.007905555555555556	0.9667735025935004
0.007911111111111112	1.0317438668038426
0.007916666666666667	1.0980762113533271
0.007922222222222223	1.165768451921286
0.007927777777777778	1.23481847088422
0.007933333333333334	1.3052241173573362
0.00793888888888889	1.3122927209907107
0.007944444444444445	1.3097618919606775
0.00795	1.3067595556803944
0.007955555555555556	1.2745372470196985
0.007961111111111112	1.2314662608512497
0.007966666666666667	1.1870178036170065
0.007972222222222223	1.1908109666103472
0.007977777777777778	1.224473012514566
0.007983333333333334	1.2585728512753906
0.007988888888888889	1.293109575466113
0.007994444444444445	1.328082266826559
0.008	1.3634899962803215
0.008005555555555556	1.3675288279533042
0.008011111111111111	1.3177584798497686
0.008016666666666667	1.266623039600997
0.008022222222222222	1.2250627653803843
0.008027777777777778	1.2155164547066368
0.008033333333333333	1.2055072459014158
0.008038888888888889	1.2063097248848462
0.008044444444444444	1.2865732324559427
0.00805	1.3681604051331044
0.008055555555555555	1.4510685758878528
0.008061111111111111	1.535295045296683
0.008066666666666666	1.620837081594559
0.008072222222222222	1.7076919207289665
0.008077777777777777	1.7114876565830262
0.008083333333333333	1.7028776169444535
0.008088888888888889	1.6938043983995064
0.008094444444444444	1.6471157208410698
0.0081	1.5868093284299605
0.008105555555555555	1.5251617197450806
0.008111111111111112	1.5257483278939268
0.008116666666666668	1.564569670719382
0.008122222222222223	1.6038107258926637
0.008127777777777779	1.643470387560417
0.008133333333333334	1.6835475394299826
0.00813888888888889	1.7240410547907392
0.008144444444444445	1.7248373011597677
0.008150000000000001	1.657996506816939
0.008155555555555557	1.5898307205219342
0.008161111111111112	1.5340395332866315
0.008166666666666668	1.5185609391530186
0.008172222222222223	1.5026309066565766
0.008177777777777779	1.5002715346744175
0.008183333333333334	1.596581363165268
0.00818888888888889	1.6941644166614958
0.008194444444444445	1.7930174323807355
0.0082	1.8931371163409059
0.008205555555555556	1.994520143425808
0.008211111111111112	2.097163157451309
0.008216666666666667	2.0976571376842417
0.008222222222222223	2.083033415037656
0.008227777777777778	2.0679583668997354
0.008233333333333334	2.007158649471158
0.00823888888888889	1.9300758188776574
0.008244444444444445	1.8516982342680528
0.00825	1.849073823130201
0.008255555555555556	1.8927590090170143
0.008261111111111111	1.9368426324784918
0.008266666666666667	1.9813233976508182
0.008272222222222222	2.02619999870453
0.008277777777777778	2.0714711198697353
0.008283333333333334	2.069018721019196
0.008288888888888889	1.9856161792415925
0.008294444444444445	1.9009388296936869
0.0083	1.8313413340661782
0.008305555555555556	1.8100482579202872
0.008311111111111111	1.7883186388987367
0.008316666666666667	1.78281537219639
0.008322222222222222	1.8944385456586845
0.008327777777777778	2.007274814014615
0.008333333333333333	2.1213203435596433
0.008338888888888889	2.2365712708222927
0.008344444444444444	2.3530237026413587
0.00835	2.4706737162436747
0.008355555555555555	2.467862181367678
0.00836111111111111	2.447336071072468
0.008366666666666666	2.4263739235604582
0.008372222222222222	2.351925888823266
0.008377777777777777	2.2586532669320487
0.008383333333333333	2.164142207142315
0.008388888888888888	2.1583267500711436
0.008394444444444446	2.206543308376904
0.008400000000000001	2.255133997133615
0.008405555555555557	2.3040973403293368
0.008411111111111112	2.353431852535944
0.008416666666666668	2.403136038938074
0.008422222222222223	2.397453659103977
0.008427777777777779	2.2981241135943598
0.008433333333333334	2.1975796465531943
0.00843888888888889	2.114705521499339
0.008444444444444445	2.0877600165077514
0.008450000000000001	2.060396186482562
0.008455555555555556	2.05179090824262
0.008461111111111112	2.177877906926411
0.008466666666666667	2.305108638007449
0.008472222222222223	2.4334787260358572
0.008477777777777779	2.5629837674541074
0.008483333333333334	2.693619330685294
0.00848888888888889	2.8253809562218866
0.008494444444444445	2.819285303714966
0.0085	2.7930130218644877
0.008505555555555556	2.7663233095782487
0.008511111111111112	2.67879355202972
0.008516666666666667	2.570040999812957
0.008522222222222223	2.4601157510753957
0.008527777777777778	2.451153507210742
0.008533333333333334	2.5035344808127498
0.00853888888888889	2.5562624303833963
0.008544444444444445	2.6093357109959188
0.00855	2.6627526689285377
0.008555555555555556	2.7165116416968673
0.008561111111111111	2.7076425272209104
0.008566666666666667	2.5931419357974295
0.008572222222222222	2.4774955553675984
0.008577777777777778	2.3819755230197974
0.008583333333333333	2.3495826607456327
0.008588888888888889	2.3167928749860183
0.008594444444444444	2.305151076571854
0.0086	2.444742302283749
0.008605555555555556	2.5853991934023544
0.008611111111111111	2.727116866032262
0.008616666666666667	2.869890410043638
0.008622222222222222	3.0137148891708487
0.008627777777777778	3.1585853411115403
0.008633333333333333	3.149251962569988
0.008638888888888889	3.1174334570927527
0.008644444444444444	3.0852193048584726
0.00865	2.9852739788054716
0.008655555555555555	2.861869168852104
0.00866111111111111	2.7373663286843266
0.008666666666666666	2.725325506113491
0.008672222222222222	2.7814722441741613
0.008677777777777779	2.8379361630245232
0.008683333333333335	2.8947154613418618
0.00868888888888889	2.9518083296965796
0.008694444444444446	3.009212950587789
0.008700000000000001	2.9972246007863954
0.008705555555555557	2.8684243820871287
0.008711111111111112	2.7385562270528925
0.008716666666666668	2.6311172525339184
0.008722222222222223	2.593523562218442
0.008727777777777779	2.5555573707930415
0.008733333333333334	2.540967653320152
0.00873888888888889	2.6930007325449914
0.008744444444444445	2.846013299828802
0.00875	3.000000000000029
0.008755555555555556	3.1549554537255804
0.008761111111111112	3.3108742576190564
0.008766666666666667	3.467750984349413
0.008772222222222223	3.4552509124195137
0.008777777777777778	3.4181283413547456
0.008783333333333334	3.3806349183223654
0.00878888888888889	3.269034668044802
0.008794444444444445	3.1319167854724133
0.0088	2.9937838956649467
0.008805555555555556	2.9787561323182072
0.008811111111111112	3.038241324258564
0.008816666666666667	3.0980114878723084
0.008822222222222223	3.158064679149991
0.008827777777777778	3.218398946725013
0.008833333333333334	3.2790123319122575
0.00883888888888889	3.263995985366246
0.008844444444444445	3.121876386827197
0.00885	2.978774832264904
0.008855555555555556	2.860234591044234
0.008861111111111111	2.8177261833704215
0.008866666666666667	2.7748725319206144
0.008872222222222222	2.757445931948413
0.008877777777777778	2.920763801153215
0.008883333333333333	3.0849675265736805
0.008888888888888889	3.2500513225182104
0.008894444444444444	3.4160093813904573
0.0089	3.582835873806197
0.008905555555555555	3.7505249487110635
0.008911111111111111	3.7349533164879953
0.008916666666666666	3.69280920501671
0.008922222222222222	3.6503218587746638
0.008927777777777778	3.527916029563211
0.008933333333333333	3.3781286242522928
0.008938888888888889	3.2274169595034636
0.008944444444444444	3.2095166257338215
0.00895	3.271887553325071
0.008955555555555555	3.3345090746669097
0.008961111111111112	3.3973791178582156
0.008966666666666668	3.4604956044464643
0.008972222222222223	3.523856449469118
0.008977777777777779	3.5059263896427204
0.008983333333333334	3.351569027222954
0.00898888888888889	3.1963231623698785
0.008994444444444446	3.0675838172598238
0.009000000000000001	3.020484206877359
0.009005555555555557	2.973069237566417
0.009011111111111112	2.952938382043224
0.009016666666666668	3.126298093629288
0.009022222222222223	3.3004432876870724
0.009027777777777779	3.4753677920374164
0.009033333333333334	3.6510654150200934
0.00903888888888889	3.8275299456183087
0.009044444444444445	4.0047551535841475
0.00905	3.986230470591507
0.009055555555555556	3.939385560849339
0.009061111111111112	3.8922276457570577
0.009066666666666667	3.7599478198827048
0.009072222222222223	3.5986308644316716
0.009077777777777778	3.436487431512496
0.009083333333333334	3.4158507596685164
0.00908888888888889	3.480632742491066
0.009094444444444445	3.545629033971671
0.0091	3.610837450085932
0.009105555555555556	3.676255801113698
0.009111111111111111	3.7418818916828047
0.009116666666666667	3.721174577157894
0.009122222222222223	3.5557542035888625
0.009127777777777778	3.389545543216636
0.009133333333333334	3.25158687836832
0.009138888888888889	3.200254521751759
0.009144444444444445	3.1486390911260522
0.00915	3.1259571880176527
0.009155555555555556	3.3080393699024375
0.009161111111111111	3.490800682518926
0.009166666666666667	3.674234614174768
0.009172222222222222	3.8583346362678537
0.009177777777777778	4.0430942034183746
0.009183333333333333	4.228506753601175
0.009188888888888889	4.207170003862088
0.009194444444444444	4.155980813897866
0.0092	4.10451123016397
0.009205555555555555	3.9633641369743207
0.009211111111111111	3.7917453508201158
0.009216666666666666	3.6194041591598722
0.009222222222222222	3.5961882067750115
0.009227777777777777	3.6628882148231874
0.009233333333333333	3.7297646154185595
0.009238888888888888	3.796815129035211
0.009244444444444444	3.864037471350515
0.009250000000000001	3.9314293532907296
0.009255555555555557	3.9081023792341303
0.009261111111111112	3.7328779434423716
0.009266666666666668	3.5569714358158397
0.009272222222222223	3.410843399970599
0.009277777777777779	3.355668967349074
0.009283333333333334	3.3002459000019555
0.00928888888888889	3.2751855722868353
0.009294444444444445	3.4646044691218494
0.009300000000000001	3.6545909763538584
0.009305555555555556	3.8451382923347324
0.009311111111111112	4.036239601207467
0.009316666666666668	4.227888073043528
0.009322222222222223	4.420076863981116
0.009327777777777779	4.396090433044533
0.009333333333333334	4.340946543502805
0.00933888888888889	4.285557005737654
0.009344444444444445	4.136616859838869
0.00935	3.956002365570255
0.009355555555555556	3.7747750357000585
0.009361111111111112	3.7491564901901855
0.009366666666666667	3.8172668961281344
0.009372222222222223	3.885514436048667
0.009377777777777778	3.9538967522729167
0.009383333333333334	4.022411483260738
0.00938888888888889	4.091056263658163
0.009394444444444445	4.065287162427789
0.0094	3.881592228172953
0.009405555555555556	3.6973266280305355
0.009411111111111111	3.5441413437755465
0.009416666666666667	3.485544745896584
0.009422222222222222	3.426735844835884
0.009427777777777778	3.399487816739665
0.009433333333333334	3.5948018363458663
0.009438888888888889	3.7905676261563084
0.009444444444444445	3.986778146332049
0.00945	4.183426345633784
0.009455555555555556	4.38050516156407
0.009461111111111111	4.578007520510777
0.009466666666666667	4.551553959599574
0.009472222222222222	4.492875048776498
0.009477777777777778	4.433987104807644
0.009483333333333333	4.278387430642489
0.009488888888888889	4.0901518136189985
0.009494444444444444	3.9014175949470826
0.0095	3.87359142891238
0.009505555555555555	3.942593871424772
0.00951111111111111	4.01169314568268
0.009516666666666666	4.080886833797649
0.009522222222222222	4.150172514984888
0.009527777777777777	4.219547765611822
0.009533333333333335	4.191532655627737
0.00953888888888889	4.000765252277672
0.009544444444444446	3.809542932098931
0.009550000000000001	3.6504662319433088
0.009555555555555557	3.588893424298318
0.009561111111111112	3.527146260770938
0.009566666666666668	3.4979179062403762
0.009572222222222223	3.697640590994597
0.009577777777777779	3.897695767516398
0.009583333333333334	4.098076211353388
0.00958888888888889	4.298774689547939
0.009594444444444445	4.499783960783912
0.009600000000000001	4.701096775532832
0.009605555555555556	4.672377412218596
0.009611111111111112	4.610610062056877
0.009616666666666667	4.548671884695391
0.009622222222222223	4.387596889737961
0.009627777777777779	4.193172736664774
0.009633333333333334	3.9983680105562085
0.00963888888888889	3.968545997922148
0.009644444444444445	4.037915326756602
0.00965	4.107340448151498
0.009655555555555556	4.1768189024103854
0.009661111111111112	4.246348227927324
0.009666666666666667	4.315925961236622
0.009672222222222223	4.285878054401879
0.009677777777777778	4.08949003708445
0.009683333333333334	3.8927663141892763
0.00968888888888889	3.729008867874206
0.009694444444444445	3.6649284567080866
0.0097	3.6007129639123816
0.009705555555555556	3.569726728373881
0.009711111111111111	3.772338068049426
0.009716666666666667	3.9751600905926368
0.009722222222222222	4.178185441920114
0.009727777777777778	4.381406762403505
0.009733333333333333	4.584816687018207
0.009738888888888889	4.788407845493239
0.009744444444444444	4.757641251472062
0.00975	4.6932555488025285
0.009755555555555556	4.628738524977473
0.009761111111111111	4.463414087199088
0.009766666666666667	4.26428108327775
0.009772222222222222	4.064888431324387
0.009777777777777778	4.033297535614112
0.009783333333333333	4.102505808291877
0.009788888888888889	4.171728409729913
0.009794444444444444	4.240962857143524
0.0098	4.3102066668400685
0.009805555555555555	4.379457354269018
0.00981111111111111	4.34760533329803
0.009816666666666668	4.147091333407418
0.009822222222222224	3.9463633941119345
0.009827777777777779	3.779171494683464
0.009833333333333335	3.7130711706179556
0.00983888888888889	3.646876067228522
0.009844444444444446	3.61436777464467
0.009850000000000001	3.818325774606396
0.009855555555555557	4.022371045112177
0.009861111111111112	4.226496158416625
0.009866666666666668	4.430693684231447
0.009872222222222223	4.634956189876429
0.009877777777777779	4.839276240429736
0.009883333333333334	4.806696568059448
0.00988888888888889	4.740182526956615
0.009894444444444445	4.6735776701756935
0.0099	4.505262008373519
0.009905555555555556	4.3029356760035204
0.009911111111111112	4.100472596683446
0.009916666666666667	4.0673532436884186
0.009922222222222223	4.13587374346534
0.009927777777777778	4.204366999151798
0.009933333333333334	4.272830523770461
0.00993888888888889	4.341261830444219
0.009944444444444445	4.409658432446823
0.00995	4.376244710451908
0.009955555555555556	4.173130760600943
0.009961111111111112	3.969926265726176
0.009966666666666667	3.8005723444920427
0.009972222222222223	3.732955170905797
0.009977777777777778	3.6652842416290774
0.009983333333333334	3.631501299735339
0.00998888888888889	3.8352537164504716
0.009994444444444445	4.038969327204371
end
