t  ft
begin
0.0	4.0362576886666695
5.55555E-6	4.101034885000518
1.11111E-5	4.178561047929167
1.6666649999999997E-5	4.244540843060417
2.22222E-5	4.2472699550843
2.777775E-5	4.192588094507302
3.3333299999999995E-5	4.142634831497653
3.8888849999999996E-5	4.082404912738509
4.44444E-5	4.03407194625671
4.999995E-5	3.9782395651374634
5.55555E-5	3.9308601412206396
6.111105E-5	3.8794167741713137
6.666659999999999E-5	3.881317023196989
7.222215E-5	3.8829641273654416
7.777769999999999E-5	3.952616273877558
8.333325E-5	4.016852468900558
8.88888E-5	4.092864951917646
9.444434999999999E-5	4.15827049669722
9.99999E-5	4.229180884622911
1.0555544999999999E-4	4.180059907818007
1.11111E-4	4.123132524277998
1.1666655E-4	4.075302005441897
1.222221E-4	4.0277921397364596
1.2777764999999998E-4	3.9743707603759115
1.3333319999999998E-4	4.039496058213512
1.3888875E-4	4.116546451520556
1.444443E-4	4.182024823079161
1.4999985E-4	4.255246996549161
1.5555539999999998E-4	4.2528233674913105
1.6111094999999998E-4	4.246654731679535
1.666665E-4	4.198379751250861
1.7222205E-4	4.1695113656805765
1.777776E-4	4.089087161154613
1.8333314999999998E-4	4.060502496961529
1.8888869999999998E-4	3.980706536505602
1.9444425E-4	3.9524531319812577
1.999998E-4	3.8893092370629128
2.0555535E-4	3.887205639722068
2.1111089999999998E-4	3.9147905878898075
2.1666644999999998E-4	3.953632630158838
2.22222E-4	3.992933456298
2.2777755E-4	4.103309677944551
2.333331E-4	4.1431185786911655
2.3888864999999998E-4	4.228242145815677
2.444442E-4	4.198995815617593
2.4999975E-4	4.1179976947075
2.5555529999999997E-4	4.089270890101001
2.6111084999999996E-4	4.009150954603312
2.6666639999999996E-4	3.9811570587083454
2.7222195E-4	4.021712964819599
2.777775E-4	4.1357588133778345
2.8333305E-4	4.177026770998725
2.888886E-4	4.275213084728247
2.9444415E-4	4.271637117748662
2.999997E-4	4.245379276433489
3.0555525E-4	4.215963870848923
3.1111079999999997E-4	4.133572515984839
3.1666634999999996E-4	4.104066863823854
3.2222189999999996E-4	4.075425967059703
3.2777745E-4	3.995526804814955
3.33333E-4	3.9671570881847003
3.3888855E-4	3.897363084864085
3.444441E-4	3.8927314378290703
3.4999965E-4	3.88065076465322
3.555552E-4	3.8765451620921594
3.6111075E-4	3.9802358681620262
3.6666629999999997E-4	4.0207923092722115
3.7222184999999996E-4	4.061150316456137
3.7777739999999996E-4	4.034749425497074
3.8333294999999995E-4	4.005601621867128
3.888885E-4	3.924547952459631
3.9444405E-4	3.8957874467757216
3.999996E-4	3.815339531629159
4.0555515E-4	3.786705821929565
4.111107E-4	3.8882726177631373
4.1666625E-4	3.929697699115792
4.2222179999999997E-4	3.971606311495073
4.2777734999999996E-4	4.077701343847465
4.3333289999999996E-4	4.071395971819509
4.3888844999999995E-4	4.053586882542047
4.44444E-4	4.047062446844268
4.4999955E-4	3.9719151896327816
4.555551E-4	3.941693415965696
4.6111065E-4	3.8578040429552383
4.666662E-4	3.827966593348273
4.7222175E-4	3.7982772400409393
4.7777729999999997E-4	3.7195307335562227
4.8333284999999996E-4	3.709657350651838
4.888884E-4	3.687165297510986
4.9444395E-4	3.6796456094751266
4.999995E-4	3.7785031516399505
5.0555505E-4	3.821684886791504
5.111105999999999E-4	3.886516002137519
5.1666615E-4	3.8568116385085793
5.222216999999999E-4	3.82721138009283
5.2777725E-4	3.744833739360908
5.333327999999999E-4	3.7160311387190927
5.3888835E-4	3.6330681669412694
5.444439E-4	3.60505161829118
5.4999945E-4	3.703957822805803
5.55555E-4	3.750471522403169
5.611105499999999E-4	3.8830303091578133
5.666661E-4	3.930981393984458
5.722216499999999E-4	3.9238978540724836
5.777772E-4	3.9041493423034934
5.833327499999999E-4	3.897407114601284
5.888883E-4	3.82987409512914
5.9444385E-4	3.800297434705829
5.999994E-4	3.721180472877173
6.0555495E-4	3.6935365760766534
6.111105E-4	3.617529192599199
6.1666605E-4	3.5907298327319195
6.222215999999999E-4	3.5848592474682137
6.2777715E-4	3.5690556086557486
6.333326999999999E-4	3.563643714623203
6.3888825E-4	3.6672842827360523
6.444437999999999E-4	3.716550296803322
6.4999935E-4	3.8092092396964925
6.555549E-4	3.781693342767973
6.6111045E-4	3.7061558156391388
6.66666E-4	3.679479136204733
6.722215499999999E-4	3.6531342660609893
6.777771E-4	3.580043488130163
6.833326499999999E-4	3.5542182211776776
6.888882E-4	3.6484447877209947
6.944437499999999E-4	3.69855899482896
6.999993E-4	3.8064032500034335
7.055548499999999E-4	3.8003741282547843
7.111104E-4	3.783146929235093
7.1666595E-4	3.777377737226513
7.222215E-4	3.771644635525583
7.2777705E-4	3.7138042417857124
7.333325999999999E-4	3.6875548435906924
7.3888815E-4	3.614840074839973
7.444436999999999E-4	3.5890835761520536
7.4999925E-4	3.5173693465429325
7.555547999999999E-4	3.4919159675518925
7.6111035E-4	3.4705815455764735
7.666658999999999E-4	3.464254554125694
7.7222145E-4	3.458137639025797
7.77777E-4	3.556996938062833
7.833325499999999E-4	3.6093281829537585
7.888881E-4	3.7268412636332156
7.944436499999999E-4	3.700992542259741
7.999992E-4	3.6297395375464254
8.055547499999999E-4	3.604559842170591
8.111103E-4	3.534767684395289
8.166658499999999E-4	3.5100070108226546
8.222214E-4	3.4850321683961463
8.277769499999999E-4	3.4315821508191773
8.333325E-4	3.4866377463190843
8.3888805E-4	3.618489967742496
8.444435999999999E-4	3.613474753868826
8.4999915E-4	3.599688749404077
8.555546999999999E-4	3.5949192286180467
8.6111025E-4	3.565303508469659
8.666657999999999E-4	3.5402496074124734
8.7222135E-4	3.5152102107444074
8.777768999999999E-4	3.44526408326027
8.8333245E-4	3.4207223761353336
8.88888E-4	3.3606886439554664
8.944435499999999E-4	3.3559958714260216
8.999991E-4	3.343583528724196
9.055546499999999E-4	3.339317745767762
9.111102E-4	3.32832780866182
9.166657499999999E-4	3.3246225573670753
9.222213E-4	3.384149073411806
9.277768499999999E-4	3.5345497087452116
9.333324E-4	3.509492709913346
9.388879499999999E-4	3.439753616028185
9.444435E-4	3.4150414424070497
9.4999905E-4	3.346636415294276
9.555545999999999E-4	3.3223813073271864
9.6111015E-4	3.25474214709521
9.666656999999999E-4	3.2307197838953754
9.7222125E-4	3.2923322736399188
9.777768E-4	3.4525731225710135
9.833323499999999E-4	3.447519378180319
9.888879E-4	3.4353051348213928
9.9444345E-4	3.431047091301663
9.99999E-4	3.4083322070074002
0.0010055545499999998	3.3839599680463306
0.0010111101	3.3159229842342595
0.00101666565	3.29173124509269
0.0010222211999999999	3.2676665709002
0.00102777675	3.2051414069722504
0.0010333323	3.2022082265720995
0.00103888785	3.192629522173425
0.0010444433999999999	3.1902899161797
0.00104999895	3.1874323666805338
0.0010555545	3.1876897886453333
0.0010611100499999999	3.353291630341909
0.0010666655999999998	3.419585294603733
0.00107222115	3.3952989247423657
0.0010777767	3.3281183290516263
0.0010833322499999999	3.3044989571154666
0.0010888878	3.2382226104630196
0.00109444335	3.213388640297014
0.0010999989	3.148744390754253
0.0011055544499999998	3.1263230953977934
0.00111111	3.2422327302480003
0.00111666555	3.2418381573092394
0.0011222210999999999	3.24312848728466
0.00112777665	3.251252454914977
0.0011333322	3.2552654586797463
0.00113888775	3.258024442154424
0.0011444432999999999	3.2371863113259103
0.00114999885	3.1771898336582534
0.0011555544	3.1557567234247204
0.00116110995	3.09708453937665
0.0011666654999999998	3.076442672796318
0.00117222105	3.08074829840643
0.0011777766	3.09382976384092
0.0011833321499999999	3.09917484849583
0.0011888877	3.1153923980753038
0.00119444325	3.1216952589946585
0.0011999988	3.241923342801826
0.0012055543499999999	3.2215662559367133
0.0012111099	3.163100317101387
0.00121666545	3.142487742158427
0.001222221	3.122234896946401
0.0012277765499999998	3.066405480177799
0.0012333321	3.0470462234259634
0.00123888765	2.993836774867865
0.0012444431999999999	2.9751368380122662
0.00124999875	3.1027209696812506
0.0012555543	3.1089623801065
0.00126110985	3.1266987039806353
0.0012666653999999999	3.1318735271391405
0.00127222095	3.137736585988905
0.0012777765	3.150727812880282
0.00128333205	3.1314882560087485
0.0012888875999999998	3.0787628909817455
0.00129444315	3.060286455569311
0.0012999987	3.009281119265749
0.0013055542499999999	2.991297095583125
0.0013111098	3.00974784759126
0.00131666535	3.0190052200005453
0.0013222209	3.026366704294173
0.0013277764499999998	3.048252333133776
0.001333332	3.0568654328539995
0.00133888755	3.071957580558082
0.0013444430999999999	3.0535062284538967
0.0013499986499999998	3.0033120999608403
0.0013555542	2.985715570890719
0.00136110975	2.937535153306609
0.0013666652999999999	2.9205139642167026
0.00137222085	2.90397354912406
0.0013777764	2.85438408505884
0.00138333195	2.8364712313050453
0.0013888874999999998	2.7979571295937498
0.00139444305	2.8080387445121255
0.0013999986	2.8373324923461465
0.0014055541499999999	2.8482067692496376
0.0014111096999999998	2.8802138607774834
0.00141666525	2.892078679468209
0.0014222208	2.8750923764929057
0.0014277763499999999	2.828103820747658
0.0014333319	2.8100546693523816
0.00143888745	2.760412207168595
0.001444443	2.743024186223299
0.0014499985499999998	2.76622530874129
0.0014555541	2.7793220723111807
0.00146110965	2.8178465221795537
0.0014666651999999999	2.8321947900534936
0.0014722207499999998	2.847553700036283
0.0014777763	2.8851203121740236
0.00148333185	2.8679509198989876
0.0014888873999999999	2.8192674140434204
0.00149444295	2.8020645329129845
0.0014999985	2.7545360515143833
0.00150555405	2.7377131755594983
0.0015111095999999998	2.6911994271620268
0.00151666515	2.6747866746859073
0.0015222207	2.6586426057925294
0.0015277762499999999	2.5074583563951656
0.0015333317999999998	2.524537710426907
0.00153888735	2.571086931711353
0.0015444429	2.587797543889613
0.0015499984499999999	2.6357926207655646
0.001555554	2.6534923680657996
0.00156110955	2.614311791489249
0.0015666650999999999	2.5979458911884996
0.0015722206499999998	2.581788550737492
0.0015777762	2.536884114976099
0.00158333175	2.521074355785874
0.0015888872999999999	2.5530843381003008
0.0015944428499999998	2.57178326940135
0.0015999984	2.624371302114775
0.00160555395	2.6436324584091535
0.0016111094999999998	2.6218946671475787
0.00161666505	2.5432486430159047
0.0016222206	2.527276903203346
0.0016277761499999999	2.4832684747932148
0.0016333316999999998	2.46779706859797
0.00163888725	2.425075360480374
0.0016444428	2.4100726171498006
0.0016499983499999999	2.366425079628866
0.0016555538999999998	2.3505969399014677
0.00166110945	2.256896811737589
0.001666665	2.1786781466229996
0.0016722205499999998	2.2012588500965244
0.0016777761	2.2664633666251777
0.00168333165	2.2906209485786806
0.0016888871999999999	2.360102074639014
0.0016944427499999998	2.3858408094558063
0.0016999983	2.3613387145044467
0.00170555385	2.3466333769875765
0.0017111093999999999	2.304282355844574
0.0017166649499999998	2.289456396226104
0.0017222205	2.275237655533618
0.00172777605	2.3152684049952605
0.0017333315999999998	2.342044384885919
0.00173888715	2.419288992750085
0.0017444427	2.4478964363648346
0.0017499982499999999	2.4664193424155556
0.0017555537999999998	2.3898731261840718
0.00176110935	2.22652775536727
0.0017666649	2.2118704600245787
0.0017722204499999999	2.1976273941671853
0.001777776	2.158635662010666
0.00178333155	2.1451467532773663
0.0017888870999999999	2.1081280528071167
0.0017944426499999998	2.0952449518013414
0.0017999982	2.022133501597307
0.00180555375	1.9464208284211624
0.0018111092999999999	1.8198227658089257
0.0018166648499999998	1.8499906700854378
0.0018222204	1.8784557669549204
0.00182777595	1.9599174234733483
0.0018333314999999998	1.990156413789883
0.00183888705	1.9795534497849303
0.0018444426	1.9666950993099597
0.0018499981499999999	1.9318281381404259
0.0018555536999999998	1.9198577584441499
0.00186110925	1.9215151978698
0.0018666648	1.9529692864156798
0.0018722203499999999	1.9867202006703595
0.0018777758999999998	2.0769465951495256
0.00188333145	2.1093925371479973
0.001888887	2.157662697091903
0.0018944425499999998	2.0803507394039302
0.0018999981	1.9044165929387493
0.00190555365	1.8922618134268743
0.0019111091999999999	1.8595394545674662
0.0019166647499999998	1.8482390436456666
0.0019222203	1.8371582000606057
0.00192777585	1.8081904128809951
0.0019333313999999999	1.7961158399555794
0.0019388869499999998	1.7381633500104823
0.0019444425	1.6639752375319972
0.00194999805	1.5222479487982026
0.0019555536	1.5564355740549871
0.0019611091499999998	1.6544852420886034
0.0019666646999999997	1.690074505388193
0.00197222025	1.726862749009727
0.0019777758	1.7362841659069865
0.00198333135	1.7270472329217064
0.0019888869	1.6968456931908564
0.00199444245	1.6858473436336616
0.001999998	1.6557251439204
0.0020055535499999997	1.6451725978062903
0.0020111090999999997	1.7404312867660747
0.00201666465	1.7785908880508823
0.0020222202	1.81772142467542
0.00202777575	1.701543711467759
0.0020333313	1.6282660953010049
0.00203888685	1.4497716475301385
0.0020444423999999998	1.4393766318140535
0.0020499979499999997	1.410930543432214
0.0020555535	1.4009492556357332
0.00206110905	1.3737610723429898
0.0020666646	1.3642300585406795
0.00207222015	1.3548689941013814
0.0020777757	1.2054477658886846
0.0020833312499999998	1.1353613837529155
0.0020888867999999997	0.9862957650191599
0.00209444235	1.0259251070564477
0.0020999979	1.1377193464206656
0.00210555345	1.17813970988915
0.002111109	1.2529560024715998
0.00211666455	1.24395652480442
0.0021222200999999998	1.2350722142377069
0.0021277756499999997	1.2106846003868585
0.0021333311999999997	1.2022078227525335
0.00213888675	1.1788639048109997
0.0021444423	1.1707553129195998
0.00214999785	1.2722454691991338
0.0021555534	1.3161475808525334
0.00216110895	1.3504625836797743
0.0021666644999999997	1.2804269159377355
0.0021722200499999997	1.211502266950776
0.0021777756	1.0318449854338132
0.00218333115	1.0238161090182532
0.0021888867	1.0020598444844702
0.00219444225	0.9945569303207251
0.0021999978	0.9736939485793004
0.0022055533499999998	0.9654879484519755
0.0022111088999999997	0.8950137074501572
0.00221666445	0.8273764073097427
0.00222222	0.7601482728819975
0.00222777555	0.5738679128067928
0.0022333311	0.5080909596949238
0.00223888665	0.5734984400545832
0.0022444421999999998	0.6221875308098876
0.0022499977499999997	0.7277676504661249
0.0022555533	0.7219590979413495
0.00226110885	0.7029757507563513
0.0022666644	0.6957762474003064
0.00227221995	0.6887708773890131
0.0022777755	0.6702889075415666
0.00228333105	0.6642214680534567
0.0022888865999999997	0.7751112372103062
0.0022944421499999997	0.8285259915732753
0.0022999977	0.9088673159782339
0.00230555325	0.8436492373074899
0.0023111088	0.6630260572348258
0.00231666435	0.5986342644044617
0.0023222199	0.5924642430299667
0.0023277754499999997	0.5764638359713419
0.0023333309999999997	0.571246460633167
0.00233888655	0.55821038590634
0.0023444421	0.5541108500058799
0.00234999765	0.5093220457353467
0.0023555532	0.4486127242225076
0.00236110875	0.2793672737786267
0.0023666642999999998	0.2191364823428125
0.0023722198499999997	0.15998305400976823
0.0023777754	0.21717820161842719
0.00238333095	0.27022317301784654
0.0023888865	0.39756311074583334
0.00239444205	0.39408825310958323
0.0023999976	0.3850050935143466
0.0024055531499999998	0.3820448009190866
0.0024111086999999997	0.37454522760941
0.0024166642499999997	0.37201003181127495
0.0024222198	0.36964516060811314
0.00242777535	0.48163304071535584
0.0024333309	0.5366750812288151
0.00243888645	0.6476506455002222
0.002444442	0.5862020858377329
0.0024499975499999997	0.41852634021724205
0.0024555530999999997	0.35948660203481786
0.00246110865	0.3424550744442516
0.0024666642	0.34076759224284664
0.00247221975	0.33932201456822497
0.0024777753	0.33577343008042665
0.00248333085	0.3353499816149867
0.0024888863999999998	0.30624575562805467
0.0024944419499999997	0.24751202158407046
0.0024999975	0.08558246458624837
0.00250555305	0.028478996689774123
0.0025111086	-0.035473304881186545
0.00251666415	0.026041365826302638
0.0025222197	0.0881322648073318
0.0025277752499999998	0.13737653226069169
0.0025333307999999997	0.13723578851254667
0.0025388863499999996	0.13761185607085846
0.0025444419	0.13589008834818334
0.00254999745	0.13167578447623665
0.002555553	0.13039733353246663
0.00256110855	0.17948681572800743
0.0025666641	0.24332971355171157
0.0025722196499999997	0.3080758879646307
0.0025777751999999997	0.2514756817730668
0.00258333075	0.1977863299069133
0.0025888863	0.04884210684673074
0.00259444185	-0.003928851493368563
0.0025999974	-0.12113406057400002
0.00260555295	-0.12121189382949998
0.0026111084999999997	-0.12025357798931666
0.0026166640499999997	-0.11975052793681167
0.0026222196	-0.11902276566522663
0.00262777515	-0.1269235874881134
0.0026333307	-0.1776953494940777
0.00263888625	-0.31906221535450036
0.0026444418	-0.3694452783047197
0.0026499973499999998	-0.4378204683010681
0.0026555528999999997	-0.3693244479082689
0.0026611084499999996	-0.2280107007019384
0.002666664	-0.22641726285093328
0.00267221955	-0.22474291726860834
0.0026777751	-0.2194083899009067
0.00268333065	-0.21724584984122672
0.0026888861999999998	-0.21071484248484673
0.0026944417499999997	-0.20819547778199177
0.0026999972999999997	-0.15809164119286787
0.00270555285	-0.0843924154477181
0.0027111084	0.022254107183440508
0.00271666395	-0.027319306576428826
0.0027222195	-0.07628450961676697
0.00272777505	-0.21246609830359633
0.0027333305999999997	-0.2604695053001407
0.0027388861499999997	-0.37197455864604667
0.0027444417	-0.3682736801247064
0.00274999725	-0.35697803268561645
0.0027555528	-0.3527052714028265
0.00276110835	-0.3420857001851049
0.0027666639	-0.33940323786756993
0.0027722194499999997	-0.38590384039237663
0.0027777749999999997	-0.5147633015283327
0.0027833305499999996	-0.559459755720722
0.0027888861	-0.6794583136248148
0.00279444165	-0.7203864215855543
0.0027999972	-0.5992988285737066
0.00280555275	-0.5931323525179666
0.0028111082999999998	-0.5747513090176034
0.0028166638499999997	-0.5681757428153985
0.0028222193999999996	-0.5631662595276069
0.00282777495	-0.5485486338884416
0.0028333305	-0.5431059421089165
0.00283888605	-0.5271010795662467
0.0028444416	-0.5211204166580268
0.0028499971499999998	-0.40818831126004207
0.0028555526999999997	-0.44768549065171165
0.0028611082499999997	-0.5542700984442644
0.0028666638	-0.5917906653681069
0.00287221935	-0.6289048236250231
0.0028777749	-0.7270085142137735
0.00288333045	-0.7209201625243535
0.002888886	-0.7030111023660002
0.0028944415499999997	-0.69623155914555
0.0028999970999999997	-0.6763744860183066
0.00290555265	-0.6690443177929262
0.0029111082	-0.7609013268331086
0.00291666375	-0.7964910923544181
0.0029222193	-0.831456873486471
0.00292777485	-0.926852137789894
0.0029333303999999998	-0.9633403768571734
0.0029388859499999997	-0.8459624968093101
0.0029444414999999996	-0.8385217809167003
0.00294999705	-0.8169547004948796
0.0029555526	-0.8089142285353599
0.00296110815	-0.7854354018156932
0.0029666637	-0.7768993792406133
0.0029722192499999998	-0.7682438528565168
0.0029777747999999997	-0.7432163046552003
0.0029833303499999997	-0.7329856148859005
0.0029888859	-0.8035937551582142
0.00299444145	-0.8377165165909737
0.002999997	-0.9314565337410666
0.00300555255	-0.9643285853134261
0.0030111081	-1.0544113888846625
0.0030166636499999997	-1.0861872976642772
0.0030222191999999997	-1.076219657294774
0.00302777475	-1.0477276048725248
0.0030333303	-1.03737983688697
0.00303888585	-1.0070918724169835
0.0030444414	-0.9989678194299337
0.00304999695	-1.0708001594937662
0.0030555524999999997	-1.1015600065116669
0.0030611080499999997	-1.1852590180730218
0.0030666635999999996	-1.2146131614966265
0.00307221915	-1.2434196540498437
0.0030777747	-1.2433060077152505
0.00308333025	-1.231840227514374
0.0030888858	-1.1991754892532933
0.0030944413499999998	-1.1865069808107052
0.0030999968999999997	-1.1585142354710771
0.0031055524499999996	-1.1488102946194714
0.003111108	-1.1207761481202674
0.00311666355	-1.110557292783577
0.0031222191	-1.1002165121185628
0.00312777465	-1.1456120977538404
0.0031333301999999998	-1.171661058371519
0.0031388857499999997	-1.2410575284652177
0.0031444412999999997	-1.2656332783338882
0.00314999685	-1.3333298554901545
0.0031555524	-1.3581331990201222
0.00316110795	-1.3335051228318153
0.0031666635	-1.3219352288461668
0.00317221905	-1.3101358748459309
0.0031777745999999997	-1.2767322851381597
0.0031833301499999997	-1.2646038505999393
0.0031888856999999996	-1.3068289642631588
0.00319444125	-1.3289132688455012
0.0031999968	-1.3889007231153092
0.00320555235	-1.409571798555321
0.0032111079	-1.5231267431864428
0.0032166634499999998	-1.6097526315604773
0.0032222189999999997	-1.5962227373336995
0.0032277745499999996	-1.5582312165387895
0.0032333301	-1.5445098974823428
0.00323888565	-1.505625143662497
0.0032444412	-1.4915969582462536
0.00324999675	-1.4519600986156183
0.0032555522999999998	-1.4377396872804868
0.0032611078499999997	-1.4740829019476231
0.0032666633999999996	-1.5572975587328721
0.00327221895	-1.5763358970913721
0.0032777745	-1.6283588955216683
0.00328333005	-1.6465521551061661
0.0032888856	-1.6960677388417578
0.00329444115	-1.7131456917637897
0.0032999966999999997	-1.683536538474942
0.0033055522499999997	-1.6681592110745078
0.0033111077999999996	-1.6241730197379078
0.00331666335	-1.6077817905735952
0.0033222189	-1.5945042388715893
0.00332777445	-1.6182442443929832
0.00333333	-1.6353160995433331
0.0033388855499999997	-1.6822203760637442
0.0033444410999999997	-1.6986915051481535
0.0033499966499999996	-1.7817048858416196
0.0033555522	-1.8612882640359538
0.00336110775	-1.8352820729805832
0.0033666633	-1.819228861256034
0.00337221885	-1.8030184116994836
0.0033777743999999998	-1.7618808883978128
0.0033833299499999997	-1.747804773029498
0.0033888854999999996	-1.7084173046373845
0.00339444105	-1.6942221027214872
0.0033999966	-1.8745377102078933
0.00340555215	-1.95079764283677
0.0034111077	-2.0010242073558397
0.0034166632499999998	-2.0140323010144003
0.0034222187999999997	-2.0265435081659326
0.0034277743499999997	-2.061349830292581
0.0034333298999999996	-2.0750239327295756
0.00343888545	-2.049202210919254
0.003444441	-2.033555435454934
0.00344999655	-1.989834602935837
0.0034555521	-1.9741739597076067
0.0034611076499999997	-1.9514107247653911
0.0034666631999999997	-1.9624644164894653
0.0034722187499999996	-1.9733074194208333
0.0034777743	-2.0025595098141906
0.00348332985	-2.0114213526190046
0.0034888854	-2.1840283273150205
0.00349444095	-2.259759703250244
0.0034999964999999997	-2.2509770912867664
0.0035055520499999997	-2.234739615302039
0.0035111075999999996	-2.188731398941294
0.00351666315	-2.172200566027697
0.0035222187	-2.1555860700790075
0.00352777425	-2.1092247708002003
0.0035333298	-2.0928356005227187
0.0035388853499999998	-2.241326807838816
0.0035444408999999997	-2.3151940723048012
0.0035499964499999996	-2.3691615703491564
0.003555552	-2.3789460950090673
0.00356110755	-2.404169547521478
0.0035666631	-2.412771082808823
0.00357221865	-2.4211606455932957
0.0035777741999999998	-2.3925539602634336
0.0035833297499999997	-2.3746743420319607
0.0035888852999999997	-2.324641453540948
0.0035944408499999996	-2.305579403714126
0.0035999964	-2.2745869831414263
0.00360555195	-2.282768341071171
0.0036111075	-2.3045079459666673
0.00361666305	-2.3118637163886664
0.0036222185999999997	-2.3187863255271925
0.0036277741499999997	-2.4674154354748143
0.0036333296999999996	-2.5382863407149574
0.00363888525	-2.538690632257534
0.0036444408	-2.519641233529172
0.00364999635	-2.465283165747071
0.0036555519	-2.4479629186228937
0.0036611074499999998	-2.398993001155813
0.0036666629999999997	-2.3814443081489656
0.0036722185499999996	-2.3638199168784353
0.0036777741	-2.4875197591092895
0.00368332965	-2.5558253330258767
0.0036888852	-2.719558542925014
0.00369444075	-2.7237643076081333
0.0036999962999999998	-2.7336396476761164
0.0037055518499999997	-2.736439930986942
0.0037111073999999997	-2.6883405079864593
0.0037166629499999996	-2.669439848553807
0.0037222185	-2.6504938417464827
0.00372777405	-2.5973399930885326
0.0037333296	-2.57823009386512
0.00373888515	-2.5332108377844067
0.0037444406999999997	-2.535694233078787
0.0037499962499999997	-2.5416927452160003
0.0037555517999999996	-2.5433990901763197
0.00376110735	-2.5970529234597715
0.0037666629	-2.6631322701581435
0.00377221845	-2.7281863218381748
0.003777774	-2.891767952353803
0.0037833295499999997	-2.870647355141086
0.0037888850999999997	-2.8118688382107986
0.0037944406499999996	-2.7909594591201996
0.0037999962	-2.7323115261511783
0.00380555175	-2.711308402154323
0.0038111073	-2.716670131313832
0.00381666285	-2.776110333540234
0.0038222183999999998	-2.8373175014794936
0.0038277739499999997	-2.995700313825428
0.0038333294999999996	-2.9965280135532835
0.0038388850499999996	-2.9981926874188183
0.0038444406	-2.9987539074131533
0.00384999615	-2.947193753858516
0.0038555517	-2.9254777700189676
0.0038611072499999998	-2.8651221178511084
0.0038666627999999997	-2.843743616451853
0.0038722183499999997	-2.822052498653762
0.0038777738999999996	-2.769094340045677
0.00388332945	-2.7695425390419217
0.003888885	-2.7708423995526665
0.00389444055	-2.7710098638296468
0.0038999961	-2.80663660847567
0.0039055516499999997	-2.867061796383756
0.0039111072	-3.0342090411650107
0.00391666275	-3.093262409333812
0.0039222182999999996	-3.070511238421442
0.00392777385	-3.0071904031681855
0.0039333293999999994	-2.986257135768142
0.00393888495	-2.9278440237418555
0.0039444405	-2.9070301162224497
0.00394999605	-2.896557072624081
0.0039555516	-2.955203112311322
0.00396110715	-3.1175256687948996
0.0039666627	-3.175088311232205
0.0039722182499999995	-3.173199382513308
0.0039777738	-3.16668503409058
0.00398332935	-3.1642384482038346
0.0039888849	-3.1153700754994498
0.00399444045	-3.0938141553887246
0.003999996	-3.0338565670610675
0.00400555155	-3.0125407628213354
0.0040111070999999995	-2.9526648954677777
0.00401666265	-2.931260606316532
0.004022218199999999	-2.9277484083503134
0.00402777375	-2.917076454251333
0.0040333293	-2.9129116673050133
0.00403888485	-3.032785757128073
0.0040444404	-3.0900419809829094
0.0040499959499999995	-3.2492568694723234
0.0040555515	-3.305339384500865
0.004061107049999999	-3.2572007388300706
0.0040666626	-3.2344396321467532
0.00407221815	-3.211819723555983
0.0040777737	-3.1482994031095854
0.00408332925	-3.125586439711458
0.0040888847999999995	-3.091994972837437
0.00409444035	-3.144454380377978
0.004099995899999999	-3.295945027502607
0.00410555145	-3.3501046355651725
0.004111107	-3.3536618954974
0.00411666255	-3.350806721685911
0.0041222181	-3.3483066203261367
0.0041277736499999995	-3.299892403365009
0.0041333292	-3.276529590616732
0.004138884749999999	-3.2111895928500758
0.0041444403	-3.1878743811653103
0.00414999585	-3.12208641835122
0.0041555514	-3.100409486139286
0.00416110695	-3.0543900106270985
0.0041666624999999995	-3.0511672510720835
0.00417221805	-3.0477562352260215
0.004177773599999999	-3.150563658693278
0.00418332915	-3.20277988314367
0.0041888847	-3.3478339741609724
0.00419444025	-3.399298784362775
0.0041999958	-3.360635611630625
0.0042055513499999995	-3.335408171302539
0.0042111069	-3.2710980991375433
0.004216662449999999	-3.2483443491135393
0.004222218	-3.2255919025426008
0.00422777355	-3.3083939868801067
0.0042333291	-3.3584256318484087
0.00423888465	-3.4973162243864424
0.0042444401999999996	-3.5466769616923153
0.00424999575	-3.6517404840241667
0.0042555512999999994	-3.647002766539667
0.00426110685	-3.6163914552873986
0.004266662399999999	-3.591916673651097
0.00427221795	-3.567365752277975
0.0042777735	-3.4989217156067
0.00428332905	-3.4746096965854125
0.0042888846	-3.4064035407939075
0.0042944401499999995	-3.3819048397370786
0.0042999957	-3.3244024979993965
0.004305551249999999	-3.3186527198602924
0.0043111068	-3.343932841646721
0.00431666235	-3.3899607422854423
0.0043222179	-3.4380097692635596
0.00432777345	-3.571336530407599
0.0043333289999999995	-3.6184395116378973
0.00433888455	-3.589412534262811
0.004344440099999999	-3.5634759596438577
0.00434999565	-3.4907354935027946
0.0043555512	-3.464736154502159
0.00436110675	-3.44881450726144
0.0043666623	-3.4939617582252604
0.0043722178499999995	-3.5370016756334888
0.0043777734	-3.662408318477786
0.004383328949999999	-3.7075543111095235
0.0043888845	-3.8138779856920504
0.00439444005	-3.8086555959144457
0.0043999956	-3.7801026755298817
0.00440555115	-3.7526424379901435
0.0044111066999999995	-3.6756116799901153
0.00441666225	-3.6481273930299847
0.004422217799999999	-3.6207903781923023
0.00442777335	-3.5413771514979255
0.0044333289	-3.5158031520719493
0.00443888445	-3.4527595878022272
0.00444444	-3.4478542638186664
0.0044499955499999995	-3.5547755285352296
0.0044555511	-3.600315805217131
0.004461106649999999	-3.7278617559784646
0.0044666622	-3.773332887173959
0.00447221775	-3.818496781449987
0.0044777733	-3.7997778901020425
0.00448332885	-3.771943355158827
0.0044888843999999995	-3.6980897331565346
0.00449443995	-3.6722907478444315
0.004499995499999999	-3.6427104509275483
0.00450555105	-3.6875660510719035
0.0045111066	-3.8108611242923764
0.00451666215	-3.8544647162442938
0.0045222177	-3.8980224083668915
0.0045277732499999996	-4.010439225799742
0.0045333288	-4.008760400256347
0.0045388843499999994	-3.94761936946095
0.0045444399	-3.920858190111044
0.004549995449999999	-3.8465055340509045
0.004555551	-3.8201009398999664
0.00456110655	-3.746405544407276
0.0045666621	-3.720125605131689
0.00457221765	-3.6940323093442053
0.0045777731999999995	-3.625774792476894
0.00458332875	-3.623659868480708
0.004588884299999999	-3.7134026642747546
0.00459443985	-3.754092363585019
0.0045999954	-3.8716525776203685
0.00460555095	-3.9136755383751374
0.0046111065	-3.9765467293975503
0.0046166620499999995	-3.949486438124537
0.0046222176	-3.922640959090025
0.004627773149999999	-3.8480045972227668
0.0046333287	-3.8215340348044666
0.00463888425	-3.7744726246142273
0.0046444398	-3.81535488206526
0.00464999535	-3.929282456768288
0.0046555508999999995	-3.971066443317587
0.00466110645	-4.08786954414071
0.004666661999999999	-4.129560766338333
0.00467221755	-4.171127610448197
0.0046777731	-4.149492022502136
0.00468332865	-4.121926792845172
0.0046888842	-4.045248468519718
0.0046944397499999995	-4.018004199097352
0.0046999953	-3.9413350466789803
0.004705550849999999	-3.9134501112306115
0.0047111064	-3.8402460535715734
0.00471666195	-3.8142113384952037
0.0047222175	-3.788121664618001
0.00472777305	-3.847521831858987
0.0047333285999999995	-3.887845889868217
0.00473888415	-3.9998535518758653
0.004744439699999999	-4.039541556632264
0.00474999525	-4.109765921148284
0.0047555508	-4.081625814843973
0.00476110635	-4.002476775923843
0.0047666619	-3.9754048057736155
0.0047722174499999995	-3.9483274957698273
0.004777773	-3.8858739870721313
0.004783328549999999	-3.92546158970671
0.0047888841	-4.0356784076872305
0.004794439649999999	-4.074997370034894
0.0047999952	-4.185349732459308
0.00480555075	-4.224721460865319
0.0048111062999999996	-4.280613086061941
0.00481666185	-4.250722359286027
0.0048222173999999994	-4.222607063985675
0.00482777295	-4.143824897804389
0.004833328499999999	-4.115580553270985
0.00483888405	-4.036665469902983
0.0048444396	-4.008611903512133
0.00484999515	-3.930516563076445
0.0048555507	-3.902704743110512
0.0048611062499999995	-3.939023537632498
0.0048666618	-3.976847919808079
0.004872217349999999	-4.013088487208442
0.0048777729	-4.118765543397857
0.00488332845	-4.157142677798463
0.004888884	-4.237324366468136
0.00489443955	-4.2075741167739675
0.0048999950999999995	-4.124636629006583
0.00490555065	-4.0950969685462715
0.004911106199999999	-4.012623527628376
0.00491666175	-3.983228552578933
0.0049222173	-4.02021240817666
0.00492777285	-4.120721081047356
0.0049333284	-4.158477096624639
0.0049388839499999995	-4.264996551873202
0.0049444395	-4.303897667972048
0.004949995049999999	-4.305256073319719
0.0049555506	-4.2750829051595804
0.00496110615	-4.190312098630952
0.0049666617	-4.160072527203889
0.00497221725	-4.12995970334724
0.0049777727999999995	-4.045669898325869
0.00498332835	-4.01423938253419
0.004988883899999999	-3.932694160644691
0.00499443945	-3.9043092840295954
0.004999995	-3.9186701214373354
0.00500555055	-3.9574177449118935
0.0050111061	-4.067882464079475
0.0050166616499999995	-4.10785474299604
0.0050222172	-4.148108246344588
0.005027772749999999	-4.2471152960412
0.0050333283	-4.217094286062241
0.00503888385	-4.1322874628115756
0.0050444394	-4.103237472972707
0.00504999495	-4.022997102683189
0.0050555504999999995	-3.9947455542681025
0.00506110605	-4.094856454265778
0.005066661599999999	-4.135778307232771
0.00507221715	-4.1768774032290015
0.005077772699999999	-4.2930853940023175
0.00508332825	-4.334937039372857
0.0050888838	-4.357699803684873
0.0050944393499999996	-4.357068294871938
0.0050999949	-4.286760201710624
0.0051055504499999994	-4.25764979804328
0.005111106	-4.177117446574335
0.005116661549999999	-4.148498855748514
0.0051222171	-4.120100790299539
0.00512777265	-4.041002115938207
0.0051333282	-4.012921074574833
0.00513888375	-3.992667604556083
0.0051444392999999995	-3.9911537316255132
0.00514999485	-4.08490193917213
0.005155550399999999	-4.125020375720318
0.00516110595	-4.238465561737105
0.0051666615	-4.279526442342851
0.00517221705	-4.250470281079261
0.0051777726	-4.169720091408984
0.0051833281499999995	-4.141122637784249
0.0051888837	-4.061756873104713
0.005194439249999999	-4.033686720063785
0.0051999948	-4.11930833554476
0.00520555035	-4.159982926536795
0.0052111059	-4.276457050111881
0.00521666145	-4.318450255340861
0.0052222169999999995	-4.360781486970496
0.00522777255	-4.386970604573315
0.005233328099999999	-4.38307272680453
0.00523888365	-4.316396316309857
0.0052444392	-4.287249793234187
0.00524999475	-4.207506111031161
0.0052555503	-4.1791667765927425
0.0052611058499999995	-4.099791730144264
0.0052666614	-4.072256817123648
0.005272216949999999	-4.044776437856898
0.0052777725	-4.015811641131084
0.00528332805	-4.012530921634028
0.0052888836	-4.100855457896935
0.00529443915	-4.142265422042485
0.0052999946999999995	-4.259128168302881
0.00530555025	-4.301579939739962
0.005311105799999999	-4.234607533669908
0.00531666135	-4.205609883778697
0.005322216899999999	-4.177452870008062
0.00532777245	-4.098904471328028
0.005333328	-4.070993949794132
0.0053388835499999995	-4.020785889241623
0.0053444391	-4.062904222123251
0.005349994649999999	-4.182195438030652
0.0053555502	-4.225511043048338
0.005361105749999999	-4.21818518738205
0.0053666613	-4.21203315686742
0.00537221685	-4.204765422393922
0.0053777723999999996	-4.141161545165003
0.00538332795	-4.1124492822106244
0.005388883499999999	-4.032320446782951
0.00539443905	-4.003755407014686
0.005399994599999999	-3.9244339767746297
0.00540555015	-3.8962538527325568
0.0054111057	-3.872716776841293
0.00541666125	-3.865912132534834
0.0054222168	-3.8593051118259734
0.0054277723499999994	-3.934959871168909
0.0054333279	-3.977541254698594
0.005438883449999999	-4.097576463233405
0.005444439	-4.140802376118565
0.00544999455	-4.086280241088722
0.0054555501	-4.056619969637913
0.00546110565	-3.974281403424473
0.0054666611999999995	-3.945012774359802
0.00547221675	-3.915902906538891
0.005477772299999999	-3.8487606884400654
0.00548332785	-3.8905531910919664
0.0054888834	-4.013964822959015
0.00549443895	-4.059667472811873
0.0054999945	-4.056382610284366
0.0055055500499999995	-4.047965833145597
0.0055111056	-4.008230513835413
0.005516661149999999	-3.978954275333904
0.0055222167	-3.9499051047911564
0.00552777225	-3.8693495446938497
0.0055333278	-3.8409756764010807
0.00553888335	-3.7593850079516353
0.0055444388999999995	-3.7315878035266494
0.00554999445	-3.7018709558368585
0.005555549999999999	-3.6944550438083334
0.00556110555	-3.6754923542714675
0.005566661099999999	-3.6687986720762678
0.00557221665	-3.7154667737199856
0.0055777722	-3.8481213160767216
0.0055833277499999995	-3.8963970878008953
0.0055888833	-3.8627365508990312
0.005594438849999999	-3.8335875750480373
0.0055999944	-3.755047209807228
0.005605549949999999	-3.727456820175426
0.0056111055	-3.651850422438985
0.00561666105	-3.6251686063430473
0.0056222165999999995	-3.6742617993658593
0.00562777215	-3.816596074014507
0.005633327699999999	-3.86872148744459
0.00563888325	-3.883237077253584
0.005644438799999999	-3.8756212904249336
0.00564999435	-3.8421569400740965
0.0056555499	-3.814721955286886
0.0056611054499999995	-3.739439165798726
0.005666661	-3.7128940840104985
0.005672216549999999	-3.6867418923381523
0.0056777721	-3.6151221367721047
0.005683327649999999	-3.5900911823586408
0.0056888832	-3.5609354726664533
0.00569443875	-3.554602362888458
0.0056999942999999996	-3.536883932441237
0.00570554985	-3.5305849381846808
0.0057111053999999994	-3.6587595246262894
0.00571666095	-3.709185043089611
0.005722216499999999	-3.7606322947493283
0.00572777205	-3.7496493299940714
0.0057333276	-3.723914045173826
0.00573888315	-3.6523421313182545
0.0057444387	-3.627031856072996
0.0057499942499999995	-3.556910320121094
0.0057555498	-3.532052901089648
0.005761105349999999	-3.6618005309985886
0.0057666609	-3.7135825442165293
0.00577221645	-3.76670417246014
0.005777772	-3.795149537909467
0.00578332755	-3.789013626823162
0.0057888830999999995	-3.7648362734799012
0.00579443865	-3.739657015325848
0.005799994199999999	-3.669797783038315
0.00580554975	-3.6450921516328587
0.0058111053	-3.576357883576801
0.00581666085	-3.5519033519202483
0.0058222164	-3.527321634250025
0.0058277719499999995	-3.4952209912951937
0.0058333275	-3.4895080792303332
0.005838883049999999	-3.4738927735808085
0.0058444386	-3.4684871095420338
0.005849994149999999	-3.602508483109732
0.0058555497	-3.6600565961171236
0.00586110525	-3.607248631655007
0.0058666607999999995	-3.582661726797496
0.00587221635	-3.5581054162342576
0.005877771899999999	-3.489577125058358
0.00588332745	-3.465390788689162
0.005888882999999999	-3.3981900131758365
0.00589443855	-3.374458634129459
0.0058999941	-3.505682459035805
0.0059055496499999995	-3.565208103398982
0.0059111052	-3.5634200043025066
0.005916660749999999	-3.5582122272880667
0.0059222163	-3.553537982587917
0.005927771849999999	-3.539955140134031
0.0059333274	-3.5359743874481206
0.00593888295	-3.48040875851901
0.0059444384999999995	-3.4562902220820164
0.00594999405	-3.389123133051402
0.005955549599999999	-3.3652625424675753
0.00596110515	-3.3143635880113282
0.005966660699999999	-3.3100054995916435
0.00597221625	-3.3058975591956665
0.0059777718	-3.2938795101413803
0.0059833273499999996	-3.2886935103273847
0.0059888829	-3.4223534556260775
0.0059944384499999994	-3.4861337840678983
0.005999994	-3.452964607110067
0.006005549549999999	-3.4286808875049233
0.0060111051	-3.36104663144062
0.00601666065	-3.3369710788495297
0.0060222162	-3.3131723408657807
0.00602777175	-3.247289964652291
0.0060333272999999995	-3.2240576406624184
0.00603888285	-3.3534719740529666
0.006044438399999999	-3.4199341914795682
0.00604999395	-3.43609210177895
0.0060555495	-3.4318048893995
0.00606110505	-3.421088752776329
0.0060666606	-3.4177780333092738
0.0060722161499999995	-3.4152687835439783
0.0060777717	-3.365865148303614
0.006083327249999999	-3.3423354407222354
0.0060888828	-3.276624910751961
0.006094438349999999	-3.251696634013599
0.0060999939	-3.1986000799655403
0.00610554945	-3.19628135228427
0.0061111049999999995	-3.193167981152
0.00611666055	-3.1926629949903202
0.006122216099999999	-3.193773290713123
0.00612777165	-3.2141727405912506
0.006133327199999999	-3.284097086777942
0.00613888275	-3.2795803627572164
0.0061444383	-3.2587469180351256
0.0061499938499999995	-3.1994095227581343
0.0061555494	-3.178338699384532
0.006161104949999999	-3.120431237069248
0.0061666605	-3.1000734152048675
0.006172216049999999	-3.08019715384282
0.0061777716	-3.0431815786393868
0.00618332715	-3.1146274749711984
0.0061888826999999995	-3.166595226951276
0.00619443825	-3.171312301678642
0.006199993799999999	-3.185685025041173
0.00620554935	-3.1910670018814127
0.006211104899999999	-3.183904936463985
0.00621666045	-3.163727837196658
0.006222216	-3.1438072014791993
0.0062277715499999995	-3.0889788078474774
0.0062333271	-3.0697966853629497
0.006238882649999999	-3.0265351024758114
0.0062444382	-3.031819426635926
0.006249993749999999	-3.0477739658052077
0.0062555493	-3.053877540257183
0.00626110485	-3.0714119980516834
0.0062666603999999996	-3.0765948317577334
0.00627221595	-3.1496153634696227
0.0062777714999999994	-3.1689065252048514
0.00628332705	-3.1496806994306943
0.006288882599999999	-3.0970374633177604
0.00629443815	-3.07871446830744
0.0062999937	-3.0281933756977653
0.00630554925	-3.0103961879394165
0.0063111048	-2.9617575830842395
0.0063166603499999995	-2.9450465514619566
0.0063222159	-2.951181658535593
0.006327771449999999	-2.9693232836447847
0.006333327	-2.9765822947191
0.006338882549999999	-2.998267757184367
0.0063444381	-3.0065061695015034
0.00634999365	-3.0151676739588362
0.0063555491999999995	-2.9977536124840283
0.00636110475	-2.9496468558380586
0.006366660299999999	-2.9326095567642643
0.00637221585	-2.9160639353108624
0.006377771399999999	-2.8720067662677917
0.00638332695	-2.880912834583938
0.0063888825	-2.907479332947084
0.0063944380499999995	-2.917616953365007
0.0063999936	-2.947372476684266
0.006405549149999999	-2.9584358183986907
0.0064111047	-2.9158091346025174
0.006416660249999999	-2.8987747377480444
0.0064222158	-2.8818573182889717
0.00642777135	-2.834953709334836
0.0064333268999999995	-2.8168810285186487
0.00643888245	-2.7668962674292197
0.006444437999999999	-2.7494217510148657
0.00644999355	-2.7014074836091266
0.006455549099999999	-2.684547084913987
0.00646110465	-2.7121282818387367
0.0064666602	-2.72448209115158
0.0064722157499999995	-2.737455148754283
0.0064777713	-2.7761447029616497
0.006483326849999999	-2.790145770071678
0.0064888824	-2.81692485855224
0.006494437949999999	-2.799892153918296
0.0064999935	-2.7525524597760977
0.00650554905	-2.7358184798434295
0.0065111045999999995	-2.689672986173754
0.00651666015	-2.6733854063502354
0.006522215699999999	-2.6885155593107877
0.00652777125	-2.732803256812333
0.006533326799999999	-2.749447182390612
0.00653888235	-2.794796767354514
0.0065444379	-2.8110197105759966
0.0065499934499999996	-2.6618445543614326
0.006555549	-2.6451391471779635
0.006561104549999999	-2.5991803710325607
0.0065666601	-2.5829237034003576
0.006572215649999999	-2.5668796311921116
0.0065777712	-2.522510025519518
0.00658332675	-2.5069183861111752
0.0065888823	-2.463477779992038
0.00659443785	-2.4472701956440788
0.0065999933999999994	-2.307802527489721
0.00660554895	-2.324857653767909
0.006611104499999999	-2.374386631689231
0.00661666005	-2.3926645589668456
0.006622215599999999	-2.411873434119148
0.00662777115	-2.4617317290554035
0.0066333267	-2.4464493098933904
0.0066388822499999995	-2.4043124471026904
0.0066444378	-2.389567977958286
0.006649993349999999	-2.3463876200885645
0.0066555489	-2.330825601206151
0.006661104449999999	-2.383860044892863
0.00666666	-2.406097995432667
0.00667221555	-2.4290968565755393
0.0066777710999999995	-2.495425289323722
0.00668332665	-2.5201127379695807
0.006688882199999999	-2.3870087368229207
0.00669443775	-2.3725720212596486
0.006699993299999999	-2.332668736876633
0.00670554885	-2.3180770903571837
0.0067111044	-2.2762480159108778
0.0067166599499999995	-2.2615298372957393
0.0067222155	-2.247495845922217
0.006727771049999999	-2.1965331056970685
0.0067333266	-2.120641973810485
0.006738882149999999	-1.9500686584349
0.0067444377	-1.9754013331021991
0.00674999325	-2.0494965860554295
0.0067555487999999995	-2.076647130571521
0.00676110435	-2.153737029034566
0.006766659899999999	-2.1808327463832646
0.00677221545	-2.1670660763317824
0.006777770999999999	-2.128958315252965
0.00678332655	-2.1157550245673815
0.0067888821	-2.0797092134151174
0.0067944376499999995	-2.0671305993270783
0.0067999932	-2.1308818816830946
0.006805548749999999	-2.1602598345273307
0.0068111043	-2.2455824219039013
0.006816659849999999	-2.2772161463812552
0.0068222154	-2.198641037037368
0.00682777095	-1.9928743268881726
0.0068333264999999995	-1.9794835986122483
0.00683888205	-1.9433095503919977
0.006844437599999999	-1.9307575701662147
0.00684999315	-1.8970970907863232
0.006855548699999999	-1.8854135774698486
0.00686110425	-1.8537519118738004
0.006866659799999999	-1.8425868430388816
0.0068722153499999996	-1.769531278123371
0.0068777709	-1.5801006182580044
0.0068833264499999994	-1.6094868460939655
0.006888882	-1.6935651428023368
0.006894437549999999	-1.7243831925398103
0.0068999931	-1.812949534055909
0.006905548649999999	-1.8454583132137594
0.0069111042	-1.8233236311571592
0.00691665975	-1.8125185852955497
0.0069222152999999995	-1.8018614243838575
0.00692777085	-1.773567676737447
0.006933326399999999	-1.7615725326214928
0.00693888195	-1.8258169431800897
0.006944437499999999	-1.859151166512498
0.00694999305	-1.9566732293629772
0.0069555486	-1.9926150828655274
0.0069611041499999995	-1.8035658574562663
0.0069666597	-1.729751343493057
0.006972215249999999	-1.7194321122621739
0.0069777708	-1.6914091389772272
0.006983326349999999	-1.6822309992664883
0.0069888819	-1.652109217190123
0.00699443745	-1.6411391953823784
0.0069999929999999995	-1.6110093376113006
0.00700554855	-1.6004009265530528
0.007011104099999999	-1.4066601361412925
0.00701665965	-1.3336208297362309
0.007022215199999999	-1.262345161826355
0.00702777075	-1.2792795586765335
0.0070333263	-1.3169188632594115
0.0070388818499999995	-1.4044396843527327
0.0070444374	-1.394166944069925
0.007049992949999999	-1.366071987151177
0.0070555485	-1.3562273808846825
0.007061104049999999	-1.329137740537451
0.0070666596	-1.3195734667684003
0.00707221515	-1.3101562533307074
0.0070777706999999995	-1.3813957473623155
0.00708332625	-1.421624360467006
0.007088881799999999	-1.536515950221584
0.00709443735	-1.5779723704317874
0.007099992899999999	-1.419656553903263
0.00710554845	-1.3472320802166786
0.007111104	-1.1974946371919992
0.0071166595499999995	-1.1883111630421512
0.0071222151	-1.1793774155539822
0.007127770649999999	-1.1547018749641826
0.0071333262	-1.146092489129133
0.007138881749999999	-1.1226465729125834
0.0071444373	-1.1144564199916314
0.007149992849999999	-0.9457278440319951
0.0071555483999999996	-0.8767043191667154
0.00716110395	-0.7743573268860827
0.0071666594999999994	-0.8170494680827857
0.00717221505	-0.8606171025566136
0.007177770599999999	-0.9740105949709005
0.00718332615	-0.9662010277804732
0.007188881699999999	-0.9446901130582158
0.00719443725	-0.9372210733050426
0.0071999928	-0.9160216779798395
0.0072055483499999995	-0.9075494797853798
0.0072111039	-0.9275969537504758
0.007216659449999999	-0.9735590072328187
0.007222215	-1.0204401998345092
0.007227770549999999	-1.1541282117726475
0.0072333261	-1.2031507988611112
0.00723888165	-1.0834013136016547
0.0072444371999999995	-1.016319994571933
0.00724999275	-0.866510797799142
0.007255548299999999	-0.8603421200789372
0.00726110385	-0.8410129259374403
0.007266659399999999	-0.8336790527157658
0.00727221495	-0.826543066786771
0.0072777705	-0.8073152072297147
0.0072833260499999995	-0.8009701696858711
0.0072888816	-0.6538443150482709
0.007294437149999999	-0.589592648744449
0.0072999927	-0.48160629483673423
0.007305548249999999	-0.5320452321755218
0.0073111038	-0.680660712653663
0.00731665935	-0.7347328569148123
0.0073222148999999995	-0.728609607853636
0.00732777045	-0.7118108857346672
0.007333325999999999	-0.7062833357066675
0.00733888155	-0.6917322674630494
0.007344437099999999	-0.6869085556200996
0.00734999265	-0.7100099890784582
0.0073555482	-0.7635183166812023
0.0073611037499999995	-0.9211208263275895
0.0073666593	-0.9784879011826667
0.007372214849999999	-0.9149611697314703
0.0073777704	-0.7349063632750069
0.007383325949999999	-0.672029796707195
0.0073888815	-0.5215023371632833
0.007394437049999999	-0.5176342149202985
0.0073999925999999995	-0.5081403877517329
0.00740554815	-0.5050597463879336
0.007411103699999999	-0.4971322803185672
0.00741665925	-0.4944655440964165
0.007422214799999999	-0.4919684309546666
0.00742777035	-0.3727179961359044
0.007433325899999999	-0.3114886695875174
0.0074388814499999996	-0.1875316232996793
0.007444437	-0.24284169187844165
0.0074499925499999994	-0.4004160531054816
0.0074555481	-0.45757972538620173
0.007461103649999999	-0.4637970153566017
0.0074666592	-0.46193491666314673
0.007472214749999999	-0.4602627726920501
0.0074777703	-0.45609293179503657
0.00748332585	-0.45551969847938156
0.0074888813999999995	-0.44815437863765334
0.00749443695	-0.445220097127493
0.007499992499999999	-0.586169614470499
0.00750554805	-0.646514390792326
0.007511103599999999	-0.5082097071537398
0.00751665915	-0.4508130367726747
0.0075222147	-0.3939950750909875
0.0075277702499999995	-0.247668675857275
0.0075333258	-0.24710223809037993
0.007538881349999999	-0.24656323373162176
0.0075444369	-0.24455319851943683
0.007549992449999999	-0.2397038097437102
0.007555548	-0.23826912117839982
0.00756110355	-0.09366248313360903
0.0075666590999999995	-0.03845728056109168
0.00757221465	0.015154839679603146
0.007577770199999999	0.16335466044102986
0.00758332575	0.21604107164345226
0.007588881299999999	0.10439560436275404
0.00759443685	0.03851025747037162
0.0075999924	0.01255260422853334
0.0076055479499999995	0.012684259652433335
0.0076111035	0.012538681734666617
0.007616659049999999	0.012353393031066626
0.0076222146	0.012000581151706666
0.007627770149999999	0.010452602449836817
0.0076333257	0.009651757695126604
0.007638881249999999	-0.13930071740125205
0.0076444367999999995	-0.20762787240735875
0.00764999235	-0.11097495243420714
0.007655547899999999	-0.05872414468506967
0.00766110345	0.08524294498057558
0.007666658999999999	0.1361803023764893
0.00767221455	0.13497385994413494
0.007677770099999999	0.13076488896185667
0.0076833256499999995	0.12899445684340177
0.0076888812	0.12336167768461284
0.007694436749999999	0.12114723212128296
0.0076999923	0.23662306764734775
0.007705547849999999	0.2846280840867171
0.0077111034	0.41998768351574145
0.007716658949999999	0.4678933639433442
0.0077222144999999996	0.5151749258809636
0.00772777005	0.4086130881872021
0.007733325599999999	0.3353965558482557
0.00773888115	0.28373367418942325
0.007744436699999999	0.280147436664554
0.00774999225	0.269503645539175
0.007755547799999999	0.2655226178535402
0.00776110335	0.2558093814660502
0.0077666589	0.2534614004806996
0.0077722144499999994	0.250978758705278
0.00777777	0.12433054916633693
0.007783325549999999	0.1706987966869297
0.0077888811	0.29792190499189997
0.007794436649999999	0.3423707488763352
0.0077999922	0.4641870260604418
0.00780554775	0.506601233090648
0.0078111032999999995	0.499464494588206
0.00781665885	0.49335968847079636
0.0078222144	0.4886731287579733
0.007827769949999999	0.47477480771182046
0.0078333255	0.4695814995717999
0.00783888105	0.5539687012655712
0.007844436599999999	0.5933162963623794
0.00784999215	0.7014902549519413
0.0078555477	0.7395945207365244
0.00786110325	0.754768539614293
0.007866658799999999	0.6795662175944717
0.00787221435	0.6717368010316664
0.0078777699	0.653885707225831
0.007883325449999999	0.6478347782767663
0.007888881	0.6302814434848997
0.00789443655	0.6237388550274949
0.0078999921	0.604608472673227
0.007905547649999999	0.5975437775157073
0.0079111032	0.5222179206962108
0.00791665875	0.44637793209184745
0.0079222143	0.4822753611677815
0.00792776985	0.5801345973178661
0.0079333254	0.6174928982928592
0.00793888095	0.7203724719392259
0.007944436499999999	0.7563642365029792
0.00794999205	0.7529654682234088
0.0079555476	0.7452126993095192
0.00796110315	0.7226346507066507
0.0079666587	0.7143729423017
0.00797221425	0.7059804324221587
0.0079777698	0.7648876655492172
0.007983325349999999	0.7962294058741106
0.0079888809	0.8908893440039142
0.00799443645	0.9249108649823575
0.007999992	1.018327798912531
0.00800554755	1.051111391684464
0.0080111031	1.032796078377814
0.00801665865	1.0232462034832546
0.008022214199999999	1.0135094066720416
0.00802776975	0.985894837870324
0.0080333253	0.9758492629159095
0.00803888085	0.9463646586809571
0.008044436399999999	0.9385967075600288
0.00804999195	0.9158335994314424
0.0080555475	0.9073624106804177
0.008061103049999999	0.9851099072270494
0.0080666586	1.0151000722368624
0.00807221415	1.0443550586821608
0.0080777697	1.1248131670618653
0.008083325249999999	1.152848783470659
0.0080888808	1.144975720415388
0.00809443635	1.1326712654976336
0.008099991899999999	1.1058490639959586
0.00810554745	1.0965511794049612
0.008111103	1.0995481734823003
0.00811665855	1.1270777242860537
0.008122214099999999	1.1541184141842276
0.00812776965	1.2286826702283853
0.0081333252	1.2544249505971845
0.008138880749999999	1.3242194367565525
0.0081444363	1.348475703055824
0.00814999185	1.3274747225935988
0.0081555474	1.3165474940763942
0.008161102949999999	1.2853504932391362
0.0081666585	1.2740612561950484
0.00817221405	1.2626474232570841
0.008177769599999999	1.230427554510723
0.00818332515	1.218810597794355
0.0081888807	1.2259583824305729
0.00819443625	1.3148203563462837
0.008199991799999999	1.4013994506118173
0.00820554735	1.4216002354110175
0.0082111029	1.4824423349322153
0.008216658449999999	1.5039630328559357
0.008222214	1.5248620555560664
0.00822776955	1.5155312340213625
0.0082333251	1.5022149301154581
0.008238880649999999	1.4645378513281706
0.0082444362	1.450929342158912
0.00824999175	1.4315913864701741
0.008255547299999999	1.449673880054325
0.00826110285	1.4991804265511126
0.0082666584	1.5185416894120516
0.00827221395	1.537512515611227
0.008277769499999999	1.6023865456628348
0.00828332505	1.6838663325163215
0.0082888806	1.700444213461693
0.008294436149999999	1.6856831204450238
0.0082999917	1.6439728802263944
0.00830554725	1.6289785446651928
0.0083111028	1.5862264981003624
0.008316658349999999	1.570405145588398
0.0083222139	1.5575483921111892
0.00832776945	1.5399711831369636
0.008333324999999999	1.62060862138833
0.00833888055	1.7053623400996156
0.0083444361	1.7215715994458922
0.00834999165	1.7661439166200736
0.008355547199999999	1.7816722088695431
0.00836110275	1.7994967638284745
0.0083666583	1.7840229176356706
0.008372213849999999	1.7681419026390162
0.0083777694	1.7280633921279043
0.00838332495	1.7142891536799376
0.0083888805	1.686991753815197
0.008394436049999999	1.701771552368716
0.0083999916	1.7415998218612931
0.00840554715	1.7552932420567477
0.008411102699999999	1.792218347549329
0.00841665825	1.8049958231051775
0.0084222138	1.881287410629523
0.00842776935	2.075179806199901
0.008433324899999999	2.0598781442793594
0.00843888045	2.017458767111837
0.008444436	2.002334796680268
0.008449991549999999	1.9596294597921835
0.0084555471	1.9442618712708946
0.00846110265	1.9010513916440788
0.0084666582	1.8855497804790395
0.008472213749999999	1.960248240225029
0.0084777693	2.155183887125296
0.00848332485	2.164473150613801
0.008488880399999999	2.196248293009425
0.00849443595	2.2076159310862233
0.0084999915	2.222778260515832
0.00850554705	2.2070069151760827
0.008511102599999999	2.1620381532974826
0.00851665815	2.145896112772871
0.0085222137	2.1296928174685683
0.00852776925	2.0890394522361904
0.008533324799999999	2.097930639456105
0.00853888035	2.120565219185507
0.0085444359	2.130904999956827
0.008549991449999999	2.1585496068249954
0.008555547	2.167995238490466
0.00856110255	2.360781636906155
0.0085666581	2.433615499072216
0.008572213649999999	2.416193221125261
0.0085777692	2.367152133761786
0.00858332475	2.349615532409517
0.008588880299999999	2.299901829969298
0.00859443585	2.280980638334948
0.0085999914	2.2360178601005796
0.00860554695	2.2202710408474178
0.008611102499999999	2.4026935684986483
0.00861665805	2.4733578356121066
0.0086222136	2.480798412860533
0.008627769149999999	2.5001997486440493
0.0086333247	2.506557558952901
0.00863888025	2.513720438822766
0.0086444358	2.4950565485977894
0.008649991349999999	2.44178516502367
0.0086555469	2.4248070036685103
0.00866110245	2.376902250911641
0.008666657999999999	2.359716308097602
0.00867221355	2.3423773256630143
0.0086777691	2.3383382772343033
0.00868332465	2.3430343097604878
0.008688880199999999	2.380683089157146
0.00869443575	2.448441090843539
0.0086999913	2.636160929523267
0.008705546849999999	2.7019314959748546
0.0087111024	2.6664291035757843
0.00871665795	2.647909976539375
0.0087222135	2.629316041580536
0.008727769049999999	2.576969010271011
0.0087333246	2.558199707373661
0.00873888015	2.5388739693345093
0.008744435699999999	2.603797898854956
0.00874999125	2.782044505189048
0.0087555468	2.8443552223227098
0.00876110235	2.861328658781217
0.008766657899999999	2.864358950195367
0.00877221345	2.8669021297533237
0.008777769	2.868726791664336
0.008783324549999999	2.848176251103787
0.0087888801	2.790373261995745
0.00879443565	2.7697191204276863
0.0087999912	2.7118256243154937
0.008805546749999999	2.6910977522656094
0.0088111023	2.64805630513361
0.00881665785	2.6462504219394956
0.008822213399999999	2.6469930486081403
0.00882776895	2.660692943257837
0.0088333245	2.7220779374283337
0.00883888005	2.892687272669647
0.008844435599999999	2.9531127289107943
0.00884999115	2.9255663370012517
0.0088555467	2.9042024739206966
0.008861102249999999	2.8449178139450635
0.0088666578	2.8237674689843133
0.00887221335	2.8023477038646822
0.0088777689	2.762022603456536
0.008883324449999999	2.8225001463122625
0.00888888	2.990409920717338
0.00889443555	3.0500774682719394
0.008899991099999999	3.1803627032867063
0.00890554665	3.180213127880727
0.0089111022	3.178158654143353
0.00891665775	3.1770470391438583
0.008922213299999999	3.1548754414381897
0.00892776885	3.092505003652584
0.0089333244	3.071717575551145
0.008938879949999999	3.0136794429901075
0.0089444355	2.9930497480642657
0.00894999105	2.946763505361577
0.0089555466	2.945050474852387
0.008961102149999999	2.940457012199705
0.0089666577	2.9384767291799894
0.00897221325	2.9957263113044696
0.008977768799999999	3.155404268424851
0.00898332435	3.211951047433577
0.0089888799	3.197977962524406
0.00899443545	3.1763109247470216
0.008999990999999999	3.1161517052014043
0.00900554655	3.094739256613868
0.0090111021	3.0349183275377363
0.009016657649999999	3.013615441618422
0.0090222132	3.068315587112578
0.00902776875	3.220636628087702
0.0090333243	3.274670434609394
0.009038879849999999	3.401723078296672
0.0090444354	3.3996813764494864
0.00904999095	3.39376127846509
0.009055546499999999	3.3917407371523005
0.009061102049999999	3.3330799650163665
0.0090666576	3.310580420293709
0.00907221315	3.287989168906326
0.009077768699999999	3.2248047159182116
0.00908332425	3.202256372911016
0.0090888798	3.1462024221332134
0.00909443535	3.141055986168544
0.009099990899999999	3.1321510775553367
0.00910554645	3.129128560022301
0.009111102	3.2682670646855314
0.009116657549999999	3.3221562946851244
0.0091222131	3.37577478940766
0.00912776865	3.371908730460021
0.0091333242	3.3486319470701624
0.009138879749999999	3.2836810364661537
0.0091444353	3.260497189650017
0.00914999085	3.1950671060713107
0.009155546399999999	3.173506064299046
0.00916110195	3.306482954088984
0.0091666575	3.3589346366372466
0.00917221305	3.5516405347032167
0.009177768599999999	3.6416727905730495
0.00918332415	3.6332376640875474
0.0091888797	3.623788346242737
0.009194435249999999	3.5809747670325534
0.0091999908	3.5373512168601415
0.00920554635	3.493051505207521
0.0092111019	3.4518949179654643
0.009216657449999999	3.4115100585487803
0.009222213	3.371282916053334
0.00922776855	3.330269861154632
0.009233324099999999	3.3204089702218833
0.00923887965	3.310445945208639
0.0092444352	3.3961378615007565
0.00924999075	3.482503837821519
0.009255546299999999	3.5668548080339497
0.00926110185	3.650965489296385
0.0092666574	3.7364353700962525
0.009272212949999999	3.695776013843589
0.0092777685	3.6478588762113877
0.00928332405	3.6071408706331414
0.0092888796	3.559021165171828
0.009294435149999999	3.518376720631132
0.0092999907	3.603266887818188
0.00930554625	3.678390510842631
0.009311101799999999	3.7655779512943868
0.00931665735	3.8370701464688026
0.0093222129	3.8295816033399226
0.00932776845	3.819244144202184
0.009333323999999999	3.7758724394257874
0.00933887955	3.7245276705074226
0.0093444351	3.6810022177366264
0.009349990649999999	3.629589604858939
0.0093555462	3.5859666716300542
0.00936110175	3.5345031370750024
0.0093666573	3.490874847370006
0.009372212849999999	3.476480468754634
0.0093777684	3.466678483952289
0.00938332395	3.538602885175957
0.009388879499999999	3.6228528224986536
0.00939443505	3.6936043961914695
0.0093999906	3.7773997028195403
0.00940554615	3.848535836312959
0.009411101699999999	3.796510134846438
0.00941665725	3.750650002002903
0.0094222128	3.7048980335490715
0.009427768349999999	3.6479258019318106
0.0094333239	3.604950427314626
0.00943887945	3.682019369888307
0.009444435	3.753443905871102
0.009449990549999999	3.8377012675896753
0.0094555461	3.908948449120217
0.00946110165	3.987065199051475
0.009466657199999999	3.9806322138178016
0.00947221275	3.934913097135359
0.0094777683	3.880685187829663
0.00948332385	3.833605800649843
0.009488879399999999	3.7818146814862432
0.00949443495	3.7382862722369086
0.0094999905	3.687379907769643
0.009505546049999999	3.644575829277471
0.0095111016	3.596972734249422
0.00951665715	3.5924119536250227
0.0095222127	3.6620543758982467
0.009527768249999999	3.744440240200652
0.0095333238	3.8141770149082674
0.00953887935	3.8962464035029245
0.009544434899999999	3.9668086060887933
0.00954999045	3.9191998624827455
0.009555546	3.8752382462592236
0.00956110155	3.823484665714286
0.009566657099999999	3.7796855771060156
0.00957221265	3.7358337942614193
0.0095777682	3.807105785302628
0.009583323749999999	3.874626198337696
0.009588879299999999	3.9539016028989105
0.00959443485	4.019433697551952
0.0095999904	4.095571878386667
0.009605545949999999	4.093213825189167
0.0096111015	4.040981693949611
0.00961665705	3.9959222519720647
0.009622212599999999	3.951082205268541
0.009627768149999999	3.898540932804369
0.0096333237	3.853999607901285
0.00963887925	3.8015651076033388
0.009644434799999999	3.757238707485343
0.00964999035	3.7104499338820816
0.0096555459	3.776271691208401
0.00966110145	3.854123384295662
0.009666656999999999	3.9205012493992055
0.00967221255	3.98712521862157
0.0096777681	4.065335074079659
0.009683323649999999	4.131377952481153
0.0096888792	4.083638504251288
0.00969443475	4.037550570709643
0.0096999903	3.9832112281998087
0.009705545849999999	3.9360049754061115
0.0097111014	3.8927710656703427
0.00971665695	3.9593048982105112
0.009722212499999999	4.025226967102764
0.00972776805	4.102783815838346
0.0097333236	4.167983369157239
0.00973887915	4.240103039469132
0.009744434699999999	4.192852961719262
0.00974999025	4.136744643635403
0.0097555458	4.089149045860682
0.009761101349999999	4.03193068652951
0.0097666569	3.9859205658729984
0.00977221245	3.9398351177657833
0.009777768	3.8856023578382293
0.009783323549999999	3.8400470765417087
0.0097888791	3.7902350271637264
0.00979443465	3.851349620678697
0.009799990199999999	3.9245351607851764
0.00980554575	3.9864460609112653
0.0098111013	4.059241949891507
0.00981665685	4.1197432301309025
0.009822212399999999	4.18408389827294
0.00982776795	4.136813842614834
0.0098333235	4.089089279228339
0.009838879049999999	4.0330779227308335
0.0098444346	3.9857398950688987
0.00984999015	3.936537039306791
0.0098555457	3.9985129902937344
0.009861101249999999	4.071135700496375
0.0098666568	4.132523820589688
0.00987221235	4.192234365004685
0.009877767899999999	4.265357407850565
0.00988332345	4.272707628278117
0.009888879	4.217498859910169
0.00989443455	4.167593779259748
0.009899990099999999	4.108625050756617
0.00990554565	4.05862358501738
0.0099111012	3.9999549264471375
0.009916656749999999	3.9504362898547174
0.0099222123	3.9011047758707598
0.00992776785	3.840851549010475
0.0099333234	3.846544784983899
0.009938878949999999	3.9125929598829003
0.0099444345	3.971433990856638
0.00994999005	4.041493256521689
0.009955545599999999	4.101736964796433
0.00996110115	4.164325825264218
0.0099666567	4.112846664706397
0.00997221225	4.062110342430188
0.009977767799999999	4.002497857736102
0.00998332335	3.9496678587142893
0.0099888789	3.8973101849120213
0.009994434449999999	3.960447154182392
end