t    f(t)
begin
0.0	-2.1213203435596446
5.555555555555556E-6	-2.2096890809740715
1.1111111111111112E-5	-2.2967971748251306
1.6666666666666667E-5	-2.3826411048979725
2.2222222222222223E-5	-2.351307840033529
2.777777777777778E-5	-2.303697782807637
3.3333333333333335E-5	-2.256474143760112
3.888888888888889E-5	-2.160896276489403
4.4444444444444447E-5	-2.0501890631193684
5.0E-5	-1.9407074825063804
5.555555555555556E-5	-1.9121271875720638
6.111111111111112E-5	-1.9312218737652547
6.666666666666667E-5	-1.949873819910328
7.222222222222222E-5	-1.96808202977653
7.777777777777778E-5	-1.985845517657193
8.333333333333334E-5	-2.003163308391044
8.888888888888889E-5	-1.974124563806454
9.444444444444444E-5	-1.8692860293067097
1.0E-4	-1.765695954797939
1.0555555555555557E-4	-1.6783430224113784
1.1111111111111112E-4	-1.6366691118153043
1.1666666666666667E-4	-1.5954012033091451
1.2222222222222224E-4	-1.5692059989320921
1.277777777777778E-4	-1.6451151547964578
1.3333333333333334E-4	-1.7197199759127173
1.388888888888889E-4	-1.7930174323807213
1.4444444444444444E-4	-1.8650045259046544
1.5000000000000001E-4	-1.9356782898552116
1.5555555555555556E-4	-2.005035789331221
1.611111111111111E-4	-1.9756813772706892
1.666666666666667E-4	-1.9327139225583925
1.7222222222222224E-4	-1.890155853513887
1.7777777777777779E-4	-1.80724346862751
1.8333333333333334E-4	-1.7119150924044944
1.8888888888888888E-4	-1.6178706468242945
1.9444444444444446E-4	-1.5914225121145218
2.0E-4	-1.6046312485191945
2.0555555555555556E-4	-1.6173835560118304
2.1111111111111113E-4	-1.6296786408264108
2.1666666666666668E-4	-1.6415157200990136
2.2222222222222223E-4	-1.6528940218850812
2.2777777777777778E-4	-1.625998858240623
2.3333333333333333E-4	-1.5368310818652429
2.388888888888889E-4	-1.4489664611910076
2.444444444444445E-4	-1.3746818305851056
2.5E-4	-1.3379752704563554
2.555555555555556E-4	-1.3016948374011774
2.611111111111111E-4	-1.2777834651608426
2.666666666666667E-4	-1.3368948191254433
2.7222222222222226E-4	-1.3946573312237076
2.777777777777778E-4	-1.4510685758878545
2.8333333333333335E-4	-1.506126160272577
2.888888888888889E-4	-1.5598277243049905
2.9444444444444445E-4	-1.6121709407339495
3.0000000000000003E-4	-1.5850187862777863
3.0555555555555555E-4	-1.5470209423539047
3.111111111111111E-4	-1.5094523359151164
3.166666666666667E-4	-1.4398364467259188
3.222222222222222E-4	-1.3606124141538272
3.277777777777778E-4	-1.2827208386228681
3.333333333333334E-4	-1.2586061504126056
3.388888888888889E-4	-1.2658284105690643
3.444444444444445E-4	-1.2725840266491906
3.5E-4	-1.278872413392735
3.5555555555555557E-4	-1.2846929967365928
3.6111111111111115E-4	-1.2900452138278746
3.6666666666666667E-4	-1.2654983195586273
3.7222222222222225E-4	-1.1926799219268025
3.7777777777777777E-4	-1.1212094579045468
3.8333333333333334E-4	-1.060558479972496
3.888888888888889E-4	-1.0290986293976772
3.9444444444444444E-4	-0.9980817877957545
4.0E-4	-0.9766362276729658
4.055555555555556E-4	-1.0184999066417213
4.111111111111111E-4	-1.0589805021269638
4.166666666666667E-4	-1.0980762113533193
4.2222222222222227E-4	-1.1357852651369897
4.277777777777778E-4	-1.1721059279230774
4.3333333333333337E-4	-1.207036497822263
4.388888888888889E-4	-1.1822932452608
4.4444444444444447E-4	-1.1495541986613156
4.5000000000000004E-4	-1.117260974607792
4.5555555555555556E-4	-1.0614714000677274
4.6111111111111114E-4	-0.9989546538712106
4.6666666666666666E-4	-0.9378087503115018
4.7222222222222224E-4	-0.9162110359388776
4.777777777777778E-4	-0.9173918540864121
4.8333333333333334E-4	-0.9180993644365059
4.88888888888889E-4	-0.9183331946888608
4.944444444444445E-4	-0.9180929839501666
5.0E-4	-0.9173783827428407
5.055555555555555E-4	-0.8953665745360133
5.111111111111112E-4	-0.8394517476226692
5.166666666666667E-4	-0.7849193736386499
5.222222222222222E-4	-0.738363638944577
5.277777777777778E-4	-0.712389926382541
5.333333333333334E-4	-0.6868727331269449
5.388888888888889E-4	-0.6680561987834219
5.444444444444445E-4	-0.6923535948813978
5.5E-4	-0.7152441919791249
5.555555555555556E-4	-0.7367268238138407
5.611111111111112E-4	-0.7568003583278159
5.666666666666667E-4	-0.7754636976927604
5.722222222222222E-4	-0.7927157783335848
5.777777777777778E-4	-0.7705697387591992
5.833333333333334E-4	-0.7433386533971145
5.888888888888889E-4	-0.7165665826630809
5.944444444444444E-4	-0.6750279151210655
6.000000000000001E-4	-0.6296942454873234
6.055555555555556E-4	-0.5857593711458611
6.111111111111111E-4	-0.566843002258306
6.166666666666667E-4	-0.5619733916578158
6.222222222222223E-4	-0.5566274116969067
6.277777777777778E-4	-0.5508049058686639
6.333333333333334E-4	-0.5445057291961787
6.388888888888889E-4	-0.5377297482369213
6.444444444444444E-4	-0.5184205492440603
6.500000000000001E-4	-0.4798348386443071
6.555555555555556E-4	-0.44265557899208763
6.611111111111111E-4	-0.41054940478813484
6.666666666666668E-4	-0.390259505874835
6.722222222222223E-4	-0.3704361622139403
6.777777777777778E-4	-0.35439185883777535
6.833333333333333E-4	-0.36093805420949593
6.88888888888889E-4	-0.36606444165407337
6.944444444444445E-4	-0.3697705002973165
7.0E-4	-0.3720557438232159
7.055555555555556E-4	-0.3729197204852185
7.111111111111111E-4	-0.37236201311691414
7.166666666666667E-4	-0.3529817312629069
7.222222222222223E-4	-0.3314658521404108
7.277777777777778E-4	-0.3104186863495717
7.333333333333333E-4	-0.28344706014733323
7.38888888888889E-4	-0.2556414836754929
7.444444444444445E-4	-0.22925200947462276
7.5E-4	-0.21316095106138572
7.555555555555555E-4	-0.20227797238989173
7.611111111111112E-4	-0.19091918825346954
7.666666666666667E-4	-0.17908465912971164
7.722222222222222E-4	-0.16677445706145944
7.777777777777778E-4	-0.15398866565681962
7.833333333333334E-4	-0.1375290305414699
7.888888888888889E-4	-0.11656609681166516
7.944444444444445E-4	-0.09702290810664965
8.0E-4	-0.07961064176474655
8.055555555555556E-4	-0.06515897488228944
8.111111111111112E-4	-0.05118034843102077
8.166666666666667E-4	-0.038030382858718195
8.222222222222222E-4	-0.026775557004704423
8.277777777777779E-4	-0.014098719892277222
8.333333333333334E-4	-7.79360450611944E-16
8.388888888888889E-4	0.01552043954527832
8.444444444444445E-4	0.03246240097029956
8.500000000000001E-4	0.050825651857907016
8.555555555555556E-4	0.06729268034448851
8.611111111111111E-4	0.08292960439563513
8.666666666666667E-4	0.09809168360298542
8.722222222222223E-4	0.1102909981041346
8.777777777777778E-4	0.1203568641876526
8.833333333333334E-4	0.12900009841486562
8.888888888888889E-4	0.14214338368321297
8.944444444444445E-4	0.15895690438669835
9.000000000000001E-4	0.17624204549273054
9.055555555555556E-4	0.19399852999949166
9.111111111111111E-4	0.21222606939266792
9.166666666666668E-4	0.23092436364982905
9.222222222222223E-4	0.24440916712583582
9.277777777777778E-4	0.2475897834022474
9.333333333333333E-4	0.24934816569351392
9.38888888888889E-4	0.2519340063126911
9.444444444444445E-4	0.2604374552531786
9.5E-4	0.26846497870699826
9.555555555555556E-4	0.27862052729726716
9.611111111111112E-4	0.30759071835641627
9.666666666666667E-4	0.33797430164093506
9.722222222222223E-4	0.36977050029731534
9.77777777777778E-4	0.40297850299733573
9.833333333333335E-4	0.43759746395310045
9.88888888888889E-4	0.47362650293272657
9.944444444444445E-4	0.48705495402203103
0.001	0.496693916567966
0.0010055555555555555	0.5058555166139458
0.001011111111111111	0.5031896752645091
0.0010166666666666668	0.495439223640868
0.0010222222222222223	0.48627043766302785
0.0010277777777777778	0.4963659214494608
0.0010333333333333334	0.5189820231401027
0.0010388888888888889	0.5420619708548743
0.0010444444444444444	0.5656052731758834
0.0010500000000000002	0.589611427313113
0.0010555555555555557	0.6140799191131634
0.0010611111111111112	0.6244872634530239
0.0010666666666666667	0.60986135586567
0.0010722222222222222	0.593821549392211
0.0010777777777777778	0.5815612844801772
0.0010833333333333333	0.5840517990977315
0.001088888888888889	0.5860671252534706
0.0010944444444444445	0.5931509670048462
0.0011	0.6396160426224949
0.0011055555555555556	0.6874751346641969
0.0011111111111111111	0.7367268238138356
0.0011166666666666666	0.7873696567165089
0.0011222222222222224	0.839402146006646
0.001127777777777778	0.8928227703367223
0.0011333333333333334	0.9031104454076438
0.001138888888888889	0.9066780881232279
0.0011444444444444445	0.9097694836995621
0.00115	0.8922587751618833
0.0011555555555555555	0.866750991447795
0.0011611111111111112	0.8398399652624555
0.0011666666666666668	0.8468108148395402
0.0011722222222222223	0.8750573753275014
0.0011777777777777778	0.9037564773128455
0.0011833333333333333	0.9329074187016053
0.0011888888888888889	0.9625094862545911
0.0011944444444444446	0.9925619556004498
0.0012000000000000001	0.9998126346296152
0.0012055555555555556	0.9674915151666013
0.0012111111111111112	0.9337755925407774
0.0012166666666666667	0.9067625301164678
0.0012222222222222222	0.9032211560910322
0.001227777777777778	0.8992089470997583
0.0012333333333333335	0.9031671696991722
0.001238888888888889	0.9667735025934858
0.0012444444444444445	1.0317438668038295
0.00125	1.098076211353314
0.0012555555555555555	1.165768451921273
0.001261111111111111	1.2348184708842047
0.0012666666666666668	1.3052241173573274
0.0012722222222222223	1.3122927209907085
0.0012777777777777779	1.309761891960674
0.0012833333333333334	1.306759555680395
0.001288888888888889	1.274537247019697
0.0012944444444444444	1.2314662608512459
0.0013000000000000002	1.1870178036170005
0.0013055555555555557	1.1908109666103444
0.0013111111111111112	1.2244730125145644
0.0013166666666666667	1.258572851275385
0.0013222222222222222	1.2931095754661075
0.0013277777777777778	1.3280822668265582
0.0013333333333333335	1.3634899962803215
0.001338888888888889	1.3675288279533004
0.0013444444444444445	1.3177584798497621
0.00135	1.2666230396009908
0.0013555555555555556	1.2250627653803834
0.0013611111111111111	1.2155164547066348
0.0013666666666666666	1.205507245901411
0.0013722222222222224	1.2063097248848431
0.001377777777777778	1.2865732324559427
0.0013833333333333334	1.3681604051331044
0.001388888888888889	1.4510685758878492
0.0013944444444444445	1.5352950452966825
0.0014	1.6208370815945619
0.0014055555555555557	1.7076919207289731
0.0014111111111111112	1.7114876565830237
0.0014166666666666668	1.7028776169444506
0.0014222222222222223	1.6938043983995033
0.0014277777777777778	1.6471157208410567
0.0014333333333333333	1.5868093284299605
0.0014388888888888889	1.5251617197450773
0.0014444444444444446	1.5257483278939197
0.0014500000000000001	1.5645696707193721
0.0014555555555555556	1.6038107258926537
0.0014611111111111112	1.6434703875604029
0.0014666666666666667	1.683547539429973
0.0014722222222222222	1.7240410547907299
0.001477777777777778	1.7248373011597784
0.0014833333333333335	1.6579965068169433
0.001488888888888889	1.589830720521942
0.0014944444444444445	1.5340395332866321
0.0015	1.518560939153018
0.0015055555555555556	1.5026309066565762
0.001511111111111111	1.5002715346744069
0.0015166666666666668	1.5965813631652497
0.0015222222222222223	1.6941644166614769
0.0015277777777777779	1.7930174323807166
0.0015333333333333334	1.8931371163408874
0.001538888888888889	1.9945201434257924
0.0015444444444444444	2.097163157451293
0.0015500000000000002	2.0976571376842394
0.0015555555555555557	2.0830334150376575
0.0015611111111111112	2.067958366899733
0.0015666666666666667	2.0071586494711546
0.0015722222222222223	1.930075818877654
0.0015777777777777778	1.8516982342680661
0.0015833333333333335	1.849073823130195
0.001588888888888889	1.8927590090170088
0.0015944444444444446	1.9368426324784855
0.0016	1.9813233976508164
0.0016055555555555556	2.0261999987045285
0.0016111111111111111	2.0714711198697304
0.0016166666666666666	2.069018721019193
0.0016222222222222224	1.985616179241585
0.001627777777777778	1.9009388296936824
0.0016333333333333334	1.831341334066174
0.001638888888888889	1.8100482579202817
0.0016444444444444445	1.7883186388987395
0.00165	1.7828153721963853
0.0016555555555555557	1.8944385456586845
0.0016611111111111113	2.007274814014612
0.0016666666666666668	2.12132034355964
0.0016722222222222223	2.236571270822297
0.0016777777777777778	2.3530237026413627
0.0016833333333333333	2.4706737162436765
0.001688888888888889	2.467862181367673
0.0016944444444444446	2.447336071072464
0.0017000000000000001	2.426373923560454
0.0017055555555555556	2.3519258888232475
0.0017111111111111112	2.258653266932046
0.0017166666666666667	2.1641422071423113
0.0017222222222222222	2.1583267500711454
0.001727777777777778	2.2065433083768884
0.0017333333333333335	2.2551339971336026
0.001738888888888889	2.3040973403293257
0.0017444444444444445	2.353431852535932
0.00175	2.4031360389380625
0.0017555555555555556	2.3974536591039897
0.0017611111111111113	2.2981241135943717
0.0017666666666666668	2.1975796465532063
0.0017722222222222223	2.1147055214993395
0.0017777777777777779	2.0877600165077514
0.0017833333333333334	2.0603961864825635
0.001788888888888889	2.0517909082425914
0.0017944444444444444	2.177877906926382
0.0018000000000000002	2.3051086380074253
0.0018055555555555557	2.4334787260358355
0.0018111111111111112	2.5629837674540887
0.0018166666666666667	2.693619330685275
0.0018222222222222223	2.825380956221872
0.0018277777777777778	2.8192853037149694
0.0018333333333333335	2.7930130218644855
0.001838888888888889	2.7663233095782473
0.0018444444444444446	2.6787935520297164
0.00185	2.5700409998129543
0.0018555555555555556	2.4601157510754095
0.0018611111111111111	2.451153507210733
0.0018666666666666666	2.5035344808127418
0.0018722222222222224	2.5562624303833923
0.001877777777777778	2.6093357109959165
0.0018833333333333334	2.6627526689285324
0.001888888888888889	2.7165116416968624
0.0018944444444444445	2.7076425272209077
0.0019	2.5931419357974295
0.0019055555555555557	2.4774955553675895
0.0019111111111111113	2.381975523019791
0.0019166666666666668	2.3495826607456363
0.0019222222222222223	2.3167928749860223
0.0019277777777777778	2.3051510765718484
0.0019333333333333333	2.4447423022837405
0.001938888888888889	2.5853991934023517
0.0019444444444444446	2.7271168660322673
0.0019500000000000001	2.869890410043644
0.001955555555555556	3.0137148891708567
0.0019611111111111114	3.158585341111559
0.001966666666666667	3.149251962569982
0.0019722222222222224	3.117433457092747
0.001977777777777778	3.0852193048584655
0.0019833333333333335	2.9852739788054685
0.001988888888888889	2.861869168852104
0.0019944444444444445	2.737366328684321
0.002	2.725325506113493
0.0020055555555555556	2.781472244174161
0.002011111111111111	2.837936163024508
0.0020166666666666666	2.8947154613418467
0.002022222222222222	2.951808329696565
0.002027777777777778	3.0092129505877745
0.0020333333333333336	2.9972246007864114
0.002038888888888889	2.8684243820871456
0.0020444444444444447	2.738556227052909
0.00205	2.6311172525339197
0.0020555555555555557	2.5935235622184436
0.002061111111111111	2.5555573707930495
0.0020666666666666667	2.5409676533201173
0.0020722222222222223	2.693000732544957
0.0020777777777777778	2.846013299828771
0.0020833333333333333	2.9999999999999996
0.002088888888888889	3.154955453725552
0.0020944444444444443	3.310874257619034
0.0021000000000000003	3.4677509843494043
0.002105555555555556	3.455250912419513
0.0021111111111111113	3.418128341354745
0.002116666666666667	3.380634918322362
0.0021222222222222224	3.2690346680447995
0.002127777777777778	3.131916785472437
0.0021333333333333334	2.993783895664964
0.002138888888888889	2.9787561323181975
0.0021444444444444445	3.038241324258558
0.00215	3.098011487872301
0.0021555555555555555	3.1580646791499833
0.002161111111111111	3.218398946725007
0.0021666666666666666	3.2790123319122526
0.0021722222222222225	3.2639959853662392
0.002177777777777778	3.1218763868271875
0.0021833333333333336	2.978774832264888
0.002188888888888889	2.8602345910442293
0.0021944444444444446	2.817726183370426
0.0022	2.774872531920614
0.0022055555555555557	2.757445931948403
0.002211111111111111	2.920763801153206
0.0022166666666666667	3.0849675265736805
0.0022222222222222222	3.2500513225182104
0.0022277777777777777	3.4160093813904266
0.0022333333333333333	3.5828358738061943
0.002238888888888889	3.7505249487110497
0.0022444444444444447	3.734953316487985
0.0022500000000000003	3.69280920501671
0.002255555555555556	3.6503218587746518
0.0022611111111111113	3.527916029563211
0.002266666666666667	3.378128624252264
0.0022722222222222224	3.2274169595034636
0.002277777777777778	3.209516625733834
0.0022833333333333334	3.271887553325076
0.002288888888888889	3.3345090746669044
0.0022944444444444444	3.3973791178581987
0.0023	3.4604956044464545
0.0023055555555555555	3.5238564494690983
0.002311111111111111	3.505926389642777
0.002316666666666667	3.3515690272229666
0.0023222222222222225	3.1963231623699198
0.002327777777777778	3.0675838172598264
0.0023333333333333335	3.0204842068773723
0.002338888888888889	2.9730692375664205
0.0023444444444444446	2.952938382043193
0.00235	3.126298093629284
0.0023555555555555556	3.30044328768704
0.002361111111111111	3.4753677920374146
0.0023666666666666667	3.6510654150200614
0.002372222222222222	3.827529945618248
0.0023777777777777777	4.00475515358413
0.0023833333333333337	3.9862304705915146
0.002388888888888889	3.939385560849337
0.0023944444444444447	3.892227645757065
0.0024000000000000002	3.7599478198827025
0.0024055555555555557	3.5986308644316987
0.0024111111111111113	3.4364874315124943
0.002416666666666667	3.4158507596685106
0.0024222222222222223	3.4806327424910686
0.002427777777777778	3.5456290339716636
0.0024333333333333334	3.610837450085915
0.002438888888888889	3.6762558011136908
0.0024444444444444444	3.7418818916827927
0.00245	3.7211745771578917
0.002455555555555556	3.5557542035888763
0.0024611111111111114	3.38954554321662
0.002466666666666667	3.2515868783683253
0.0024722222222222224	3.2002545217517517
0.002477777777777778	3.1486390911260558
0.0024833333333333335	3.1259571880176824
0.002488888888888889	3.3080393699024375
0.0024944444444444445	3.490800682518957
0.0025	3.6742346141747664
0.0025055555555555556	3.858334636267821
0.002511111111111111	4.0430942034183746
0.0025166666666666666	4.228506753601159
0.002522222222222222	4.207170003862081
0.002527777777777778	4.155980813897863
0.0025333333333333336	4.10451123016396
0.002538888888888889	3.9633641369743207
0.0025444444444444447	3.7917453508200833
0.00255	3.619404159159856
0.0025555555555555557	3.596188206775028
0.0025611111111111112	3.6628882148231936
0.0025666666666666667	3.7297646154185538
0.0025722222222222223	3.796815129035214
0.002577777777777778	3.8640374713505077
0.0025833333333333333	3.931429353290717
0.002588888888888889	3.9081023792341933
0.0025944444444444444	3.7328779434424013
0.0026000000000000003	3.5569714358158864
0.002605555555555556	3.4108433999706036
0.0026111111111111114	3.3556689673490885
0.002616666666666667	3.300245900001958
0.0026222222222222224	3.2751855722867997
0.002627777777777778	3.464604469121848
0.0026333333333333334	3.6545909763538234
0.002638888888888889	3.8451382923347306
0.0026444444444444445	4.036239601207433
0.00265	4.227888073043475
0.0026555555555555555	4.420076863981097
0.002661111111111111	4.396090433044547
0.002666666666666667	4.340946543502803
0.0026722222222222225	4.2855570057376635
0.002677777777777778	4.136616859838867
0.0026833333333333336	3.9560023655702867
0.002688888888888889	3.774775035700041
0.0026944444444444446	3.749156490190178
0.0027	3.817266896128139
0.0027055555555555557	3.8855144360486595
0.002711111111111111	3.953896752272899
0.0027166666666666667	4.022411483260733
0.0027222222222222222	4.09105626365815
0.0027277777777777778	4.065287162427787
0.0027333333333333333	3.8815922281729858
0.0027388888888888892	3.6973266280305186
0.0027444444444444448	3.544141343775551
0.0027500000000000003	3.485544745896577
0.002755555555555556	3.4267358448358824
0.0027611111111111113	3.3994878167396987
0.002766666666666667	3.5948018363458663
0.0027722222222222224	3.7905676261562724
0.002777777777777778	3.986778146332049
0.0027833333333333334	4.18342634563375
0.002788888888888889	4.380505161564086
0.0027944444444444444	4.578007520510758
0.0028	4.551553959599566
0.0028055555555555555	4.492875048776501
0.0028111111111111114	4.433987104807633
0.002816666666666667	4.278387430642489
0.0028222222222222225	4.090151813618964
0.002827777777777778	3.901417594947065
0.0028333333333333335	3.873591428912398
0.002838888888888889	3.942593871424778
0.0028444444444444446	4.011693145682673
0.00285	4.080886833797654
0.0028555555555555556	4.150172514984888
0.002861111111111111	4.219547765611833
0.0028666666666666667	4.191532655627805
0.002872222222222222	4.000765252277707
0.0028777777777777777	3.8095429320989993
0.0028833333333333337	3.6504662319433137
0.002888888888888889	3.5888934242983326
0.0028944444444444447	3.527146260770937
0.0029000000000000002	3.497917906240341
0.0029055555555555558	3.697640590994596
0.0029111111111111113	3.8976957675163617
0.002916666666666667	4.098076211353317
0.0029222222222222223	4.298774689547903
0.002927777777777778	4.499783960783858
0.0029333333333333334	4.701096775532814
0.002938888888888889	4.672377412218611
0.0029444444444444444	4.610610062056879
0.00295	4.548671884695409
0.002955555555555556	4.38759688973796
0.0029611111111111114	4.193172736664792
0.002966666666666667	3.99836801055619
0.0029722222222222225	3.9685459979221407
0.002977777777777778	4.0379153267566075
0.0029833333333333335	4.107340448151491
0.002988888888888889	4.176818902410368
0.0029944444444444445	4.2463482279273235
0.003	4.31592596123661
0.0030055555555555556	4.285878054401878
0.003011111111111111	4.089490037084485
0.0030166666666666666	3.8927663141892754
0.003022222222222222	3.7290088678742173
0.003027777777777778	3.6649284567080804
0.0030333333333333336	3.6007129639123816
0.003038888888888889	3.569726728373916
0.0030444444444444447	3.772338068049425
0.00305	3.9751600905926003
0.0030555555555555557	4.178185441920114
0.0030611111111111112	4.381406762403489
0.0030666666666666668	4.584816687018224
0.0030722222222222223	4.788407845493221
0.003077777777777778	4.757641251472055
0.0030833333333333333	4.693255548802534
0.003088888888888889	4.628738524977469
0.003094444444444445	4.463414087199088
0.0031000000000000003	4.264281083277695
0.003105555555555556	4.064888431324368
0.0031111111111111114	4.033297535614106
0.003116666666666667	4.102505808291883
0.0031222222222222224	4.171728409729906
0.003127777777777778	4.24096285714353
0.0031333333333333335	4.3102066668400685
0.003138888888888889	4.379457354269029
0.0031444444444444445	4.34760533329803
0.00315	4.147091333407453
0.0031555555555555555	3.9463633941120055
0.003161111111111111	3.7791714946834754
0.003166666666666667	3.713071170617967
0.0031722222222222225	3.6468760672285216
0.003177777777777778	3.6143677746446343
0.0031833333333333336	3.818325774606396
0.003188888888888889	4.0223710451121395
0.0031944444444444446	4.226496158416553
0.0032	4.43069368423143
0.0032055555555555557	4.634956189876374
0.003211111111111111	4.839276240429716
0.0032166666666666667	4.806696568059465
0.0032222222222222222	4.740182526956619
0.0032277777777777778	4.673577670175713
0.0032333333333333333	4.505262008373519
0.0032388888888888892	4.302935676003538
0.0032444444444444448	4.100472596683427
0.0032500000000000003	4.067353243688411
0.003255555555555556	4.135873743465322
0.0032611111111111113	4.204366999151792
0.003266666666666667	4.272830523770443
0.0032722222222222224	4.3412618304442185
0.003277777777777778	4.40965843244681
0.0032833333333333334	4.376244710451908
0.003288888888888889	4.17313076060098
0.0032944444444444445	3.969926265726176
0.0033	3.8005723444920485
0.0033055555555555555	3.732955170905791
0.0033111111111111115	3.6652842416290774
0.003316666666666667	3.631501299735375
0.0033222222222222225	3.8352537164504716
0.003327777777777778	4.0389693272043345
0.0033333333333333335	4.242640687119286
0.003338888888888889	4.446260351796378
0.0033444444444444446	4.6498208774664995
0.00335	4.853314821141657
0.0033555555555555556	4.819170021401201
0.003361111111111111	4.7510338538801
0.0033666666666666667	4.682848067320567
0.003372222222222222	4.51282216531265
0.003377777777777778	4.308842330051396
0.0033833333333333337	4.104849689648676
0.003388888888888889	4.070453937643211
0.0033944444444444447	4.137765182142146
0.0034000000000000002	4.20500781704393
0.0034055555555555558	4.272179370105858
0.0034111111111111113	4.339277370193126
0.003416666666666667	4.40629934732911
0.0034222222222222223	4.371578222910444
0.003427777777777778	4.167410142901086
0.0034333333333333334	3.9632756013511514
0.003438888888888889	3.793048543910718
0.0034444444444444444	3.724429128323057
0.0034500000000000004	3.655797389791701
0.003455555555555556	3.6209969071746926
0.0034611111111111114	3.82299306172285
0.003466666666666667	4.024828613920145
0.0034722222222222225	4.226496158416553
0.003477777777777778	4.427988293358752
0.0034833333333333335	4.6292976205404965
0.003488888888888889	4.830416745553098
0.0034944444444444446	4.794966680985656
0.0035	4.7257269444228776
0.0035055555555555556	4.656479163092133
0.003511111111111111	4.486037020657225
0.0035166666666666666	4.281956092217448
0.0035222222222222226	4.077986397899689
0.003527777777777778	4.04257601932526
0.0035333333333333336	4.10816572933194
0.003538888888888889	4.173645986395221
0.0035444444444444447	4.2390143518223296
0.00355	4.30426838902755
0.0035555555555555557	4.369405663581947
0.0035611111111111112	4.33364138546153
0.0035666666666666668	4.12997301766267
0.0035722222222222223	3.9264620165586073
0.003577777777777778	3.7566573536048975
0.0035833333333333333	3.6875579312019897
0.003588888888888889	3.6184877123871986
0.003594444444444445	3.5829345417326994
0.0036000000000000003	3.7816371214091933
0.003605555555555556	3.980056524626062
0.0036111111111111114	4.1781854419201325
0.003616666666666667	4.376016570316234
0.0036222222222222224	4.573542613475851
0.003627777777777778	4.770756281845502
0.0036333333333333335	4.734270748847768
0.003638888888888889	4.66445439944665
0.0036444444444444445	4.594671640773582
0.00365	4.425110425531388
0.0036555555555555556	4.222481583005929
0.003661111111111111	4.020087167307194
0.003666666666666667	3.9839316565261043
0.0036722222222222226	4.047300654743229
0.003677777777777778	4.110520189673697
0.0036833333333333336	4.173587874734586
0.003688888888888889	4.236501326433164
0.0036944444444444446	4.299258164415651
0.0037	4.262722920345043
0.0037055555555555557	4.061104304013954
0.003711111111111111	3.8597656849574467
0.0037166666666666667	3.6916757325064142
0.0037222222222222223	3.6226221916161188
0.0037277777777777778	3.5536391585888043
0.0037333333333333333	3.5176038809930756
0.0037388888888888893	3.7115006391866876
0.0037444444444444448	3.9049938019557366
0.0037500000000000003	4.098076211353334
0.003755555555555556	4.29074071886256
0.0037611111111111113	4.482980185542121
0.003766666666666667	4.674787482171659
0.0037722222222222224	4.637544157680313
0.003777777777777778	4.5676825400160626
0.0037833333333333334	4.4978958929301545
0.003788888888888889	4.330506068112527
0.0037944444444444445	4.130871439343645
0.0038	3.9315926459764743
0.003805555555555556	3.894967168257079
0.0038111111111111115	3.9556331783449705
0.003816666666666667	4.0161108523088105
0.0038222222222222225	4.076397873838851
0.003827777777777778	4.136491930675179
0.0038333333333333336	4.196390714655097
0.003838888888888889	4.159362559902257
0.0038444444444444446	3.961328134449866
0.00385	3.7636942059035374
0.0038555555555555556	3.5985982299888035
0.003861111111111111	3.5301161097529645
0.0038666666666666667	3.4617452650475586
0.003872222222222222	3.425502130731818
0.003877777777777778	3.6131173960346126
0.0038833333333333337	3.8002117185528044
0.003888888888888889	3.9867781463320666
0.0038944444444444447	4.172809739718261
0.0039000000000000003	4.35829957149897
0.0039055555555555558	4.543240727044633
0.003911111111111112	4.50552305524718
0.003916666666666667	4.436147858413824
0.003922222222222223	4.3668884414377285
0.003927777777777778	4.202943944684256
0.003933333333333334	4.007822869739569
0.003938888888888889	3.8131763306493087
0.003944444444444445	3.7763596279921403
0.00395	3.83386094498289
0.003955555555555556	3.8911364863638136
0.003961111111111111	3.9481840237268697
0.003966666666666667	4.00500133364264
0.0039722222222222225	4.061586197706025
0.003977777777777778	4.0243469388868345
0.0039833333333333335	3.831403865867291
0.003988888888888889	3.638978741362006
0.0039944444444444446	3.4781332220479597
0.004	3.410743712752205
0.004005555555555556	3.3435053997803617
0.004011111111111111	3.3073302408809533
0.004016666666666667	3.4872361478387646
0.004022222222222222	3.6665077293411117
0.004027777777777778	3.8451382923347333
0.004033333333333333	4.02312115884328
0.004038888888888889	4.200449666103466
0.004044444444444444	4.377117166701026
0.00405	4.339212201854429
0.004055555555555556	4.270851412989748
0.004061111111111112	4.2026463321066325
0.004066666666666667	4.043394880030017
0.004072222222222223	3.8542723481071777
0.004077777777777778	3.6657394409871005
0.004083333333333334	3.629011710729895
0.004088888888888889	3.6829107148809577
0.004094444444444445	3.7365482222251396
0.0041	3.7899221092156328
0.004105555555555556	3.8430302581751556
0.004111111111111111	3.8958705573396126
0.004116666666666667	3.8587036076993635
0.004122222222222222	3.6723203004005427
0.004127777777777778	3.4865684513232686
0.0041333333333333335	3.3311975201330704
0.004138888888888889	3.2654134966340385
0.0041444444444444445	3.1998194395570767
0.00415	3.1639875708763845
0.0041555555555555556	3.334814926907141
0.004161111111111111	3.5048994024112363
0.004166666666666667	3.674234614174769
0.004172222222222222	3.842814196722544
0.004177777777777778	4.010631802448073
0.004183333333333333	4.177681101743234
0.004188888888888889	4.1398773235175925
0.004194444444444444	4.073051209502233
0.004200000000000001	4.006419546560968
0.004205555555555556	3.8530731388701684
0.004211111111111112	3.6713884866324156
0.004216666666666667	3.490404060744989
0.004222222222222223	3.454044823091813
0.004227777777777778	3.503931310436496
0.004233333333333334	3.553522569925829
0.004238888888888889	3.602816599035728
0.004244444444444445	3.651811401957845
0.00425	3.7005049896408866
0.004255555555555556	3.6636932121083596
0.004261111111111111	3.485288160040138
0.004266666666666667	3.307623270122372
0.004272222222222222	3.158909393657911
0.004277777777777778	3.09523151209591
0.0042833333333333334	3.0317809212949602
0.004288888888888889	2.996565044989517
0.0042944444444444445	3.1570137507654294
0.0043	3.3166166747128902
0.0043055555555555555	3.475367792037418
0.004311111111111111	3.633261098210097
0.004316666666666667	3.79029060909036
0.004322222222222222	3.9464503610483574
0.004327777777777778	3.909035479022516
0.004333333333333333	3.84425262693484
0.0043388888888888895	3.779701489123712
0.004344444444444445	3.633427184574346
0.004350000000000001	3.460563141929404
0.004355555555555556	3.2885045980370133
0.004361111111111112	3.2527905687407137
0.004366666666666667	3.2982848729880363
0.004372222222222223	3.3434524651937902
0.004377777777777778	3.388291479097021
0.004383333333333334	3.432800055947623
0.004388888888888889	3.4769763445449886
0.004394444444444445	3.440799898974766
0.0044	3.2717308723073004
0.004405555555555556	3.1035050786383085
0.004411111111111111	2.962580059295371
0.004416666666666667	2.901492946798846
0.004422222222222222	2.840668719582417
0.004427777777777778	2.8063368497348353
0.004433333333333333	2.955185793723372
0.004438888888888889	3.103092491492077
0.0044444444444444444	3.2500513225182144
0.00445	3.39605668891724
0.0044555555555555555	3.541103015557425
0.004461111111111111	3.685184750174022
0.0044666666666666665	3.6484435141919276
0.004472222222222222	3.5861969606532775
0.004477777777777778	3.52421762110807
0.004483333333333334	3.386128655480607
0.0044888888888888895	3.2234008221711403
0.004494444444444445	3.061577629684595
0.0045000000000000005	3.026780614072858
0.004505555555555556	3.0675364960972806
0.004511111111111112	3.107936668369832
0.004516666666666667	3.147979415096053
0.004522222222222223	3.1876630287302947
0.004527777777777778	3.226985810011386
0.004533333333333334	3.1917200209981886
0.004538888888888889	3.0332737371111045
0.004544444444444445	2.875767339558216
0.00455	2.743703701826842
0.004555555555555556	2.6856722682072967
0.004561111111111111	2.627937313671178
0.004566666666666667	2.5947507365411653
0.004572222222222222	2.7308670884011113
0.004577777777777778	2.8659519007125343
0.004583333333333333	3.000000000000001
0.004588888888888889	3.1330062376266286
0.004594444444444444	3.2649654898996343
0.0046	3.3958726581754735
0.0046055555555555554	3.360084691227907
0.004611111111111111	3.3008481700962085
0.0046166666666666665	3.241912329015011
0.004622222222222222	3.1130596427182673
0.004627777777777778	2.9617064758135374
0.004633333333333334	2.8113502069391765
0.0046388888888888894	2.7777350313117997
0.004644444444444445	2.8134423142420464
0.0046500000000000005	2.8487675968761104
0.004655555555555556	2.8837093269442633
0.0046611111111111115	2.9182659611007664
0.004666666666666667	2.9524359649562872
0.004672222222222223	2.918349226448577
0.004677777777777778	2.7717315572347196
0.004683333333333334	2.626143274588278
0.004688888888888889	2.5039461024938245
0.004694444444444445	2.4494120020014414
0.0047	2.395205718010972
0.004705555555555556	2.3634170034890714
0.004711111111111111	2.485764835593485
0.004716666666666667	2.6069996854594972
0.004722222222222222	2.7271168660322633
0.004727777777777778	2.84611171710679
0.004733333333333333	2.963979605423647
0.004738888888888889	3.0807159247642355
0.004744444444444444	3.0461535948890344
0.00475	2.99037793185809
0.004755555555555555	2.934934126577962
0.004761111111111111	2.816298366358033
0.004766666666666667	2.6774717548477263
0.004772222222222223	2.5397267115792834
0.004777777777777778	2.507549207720189
0.004783333333333334	2.537936137572514
0.004788888888888889	2.5679176838372557
0.004794444444444445	2.5974924695831296
0.0048000000000000004	2.626659127410097
0.004805555555555556	2.655416299478297
0.0048111111111111115	2.62276803213825
0.004816666666666667	2.4890948265905024
0.0048222222222222225	2.3565326735900594
0.004827777777777778	2.245131961396835
0.004833333333333334	2.1945102314649514
0.004838888888888889	2.144245160571947
0.004844444444444445	2.1140962399702214
0.00485	2.2217444114411484
0.004855555555555556	2.3282066284506624
0.004861111111111111	2.433478726035835
0.004866666666666667	2.5375565678905234
0.004872222222222222	2.6404360464505676
0.004877777777777778	2.7421130829784084
0.004883333333333333	2.709039430375227
0.004888888888888889	2.6571491119189607
0.004894444444444444	2.605619303275977
0.0049	2.498103358902367
0.004905555555555555	2.372859857125901
0.004911111111111112	2.2487743624153556
0.004916666666666667	2.2182794205582193
0.004922222222222223	2.243114734448316
0.004927777777777778	2.2675243666733094
0.004933333333333334	2.291507126119633
0.004938888888888889	2.315061831739689
0.004944444444444445	2.338187312577077
0.00495	2.3072259894327147
0.004955555555555556	2.187514581359386
0.0049611111111111115	2.068987436032469
0.004966666666666667	1.9692310104258728
0.0049722222222222225	1.9229069129855056
0.004977777777777778	1.8769656027303427
0.0049833333333333335	1.8486859275389869
0.004988888888888889	1.940815170791787
0.004994444444444445	2.031694513189722
0.005	2.121320343559645
0.005005555555555556	2.209689080974066
0.005011111111111111	2.2967971748251235
0.005016666666666667	2.382641104897966
0.005022222222222222	2.3513078400335328
0.005027777777777778	2.3036977828076353
0.005033333333333333	2.256474143760111
0.005038888888888889	2.160896276489401
0.005044444444444444	2.050189063119368
0.005050000000000001	1.9407074825063622
0.005055555555555556	1.9121271875720658
0.005061111111111112	1.9312218737652584
0.005066666666666667	1.9498738199103314
0.005072222222222223	1.9680820297765333
0.005077777777777778	1.9858455176571916
0.005083333333333334	2.0031633083910454
0.005088888888888889	1.97412456380645
0.005094444444444445	1.8692860293067077
0.0051	1.765695954797923
0.005105555555555556	1.6783430224113753
0.005111111111111111	1.6366691118153016
0.005116666666666667	1.595401203309143
0.0051222222222222225	1.5692059989320981
0.005127777777777778	1.6451151547964618
0.0051333333333333335	1.7197199759127193
0.005138888888888889	1.7930174323807184
0.0051444444444444445	1.865004525904649
0.00515	1.9356782898552085
0.005155555555555556	2.005035789331216
0.005161111111111111	1.9756813772706918
0.005166666666666667	1.9327139225583914
0.005172222222222222	1.8901558535138903
0.005177777777777778	1.8072434686275083
0.005183333333333333	1.711915092404494
0.005188888888888889	1.6178706468242923
0.005194444444444445	1.591422512114526
0.005200000000000001	1.6046312485191976
0.005205555555555556	1.6173835560118335
0.005211111111111112	1.62967864082641
0.005216666666666667	1.6415157200990158
0.005222222222222223	1.6528940218850787
0.005227777777777778	1.625998858240619
0.005233333333333334	1.5368310818652406
0.005238888888888889	1.4489664611909974
0.005244444444444445	1.374681830585103
0.00525	1.3379752704563534
0.005255555555555556	1.3016948374011759
0.005261111111111111	1.2777834651608448
0.005266666666666667	1.3368948191254464
0.005272222222222222	1.3946573312237056
0.005277777777777778	1.4510685758878514
0.0052833333333333335	1.506126160272576
0.005288888888888889	1.5598277243049883
0.0052944444444444445	1.6121709407339457
0.0053	1.5850187862777845
0.0053055555555555555	1.5470209423539043
0.005311111111111111	1.509452335915116
0.005316666666666667	1.4398364467259182
0.005322222222222222	1.3606124141538232
0.005327777777777778	1.282720838622867
0.005333333333333334	1.2586061504126091
0.0053388888888888895	1.2658284105690671
0.005344444444444445	1.2725840266491895
0.005350000000000001	1.2788724133927334
0.005355555555555556	1.2846929967365948
0.005361111111111112	1.2900452138278717
0.005366666666666667	1.2654983195586234
0.005372222222222223	1.1926799219267896
0.005377777777777778	1.1212094579045382
0.005383333333333334	1.060558479972494
0.005388888888888889	1.0290986293976756
0.005394444444444445	0.9980817877957501
0.0054	0.9766362276729692
0.005405555555555556	1.0184999066417235
0.005411111111111111	1.0589805021269618
0.005416666666666667	1.098076211353316
0.005422222222222222	1.1357852651369886
0.005427777777777778	1.1721059279230759
0.005433333333333333	1.20703649782226
0.005438888888888889	1.1822932452607988
0.0054444444444444445	1.1495541986613194
0.00545	1.117260974607792
0.0054555555555555555	1.061471400067727
0.005461111111111111	0.9989546538712075
0.0054666666666666665	0.9378087503115028
0.005472222222222222	0.9162110359388775
0.0054777777777777785	0.9173918540864143
0.005483333333333334	0.9180993644365043
0.0054888888888888895	0.9183331946888623
0.005494444444444445	0.9180929839501639
0.0055000000000000005	0.9173783827428377
0.005505555555555556	0.895366574536009
0.005511111111111112	0.839451747622663
0.005516666666666667	0.7849193736386446
0.005522222222222223	0.7383636389445757
0.005527777777777778	0.7123899263825401
0.005533333333333334	0.6868727331269411
0.005538888888888889	0.668056198783425
0.005544444444444445	0.6923535948813961
0.00555	0.7152441919791221
0.005555555555555556	0.7367268238138376
0.005561111111111111	0.7568003583278147
0.005566666666666667	0.7754636976927595
0.005572222222222222	0.792715778333583
0.005577777777777778	0.7705697387591987
0.005583333333333333	0.7433386533971145
0.005588888888888889	0.7165665826630813
0.005594444444444444	0.6750279151210615
0.0056	0.6296942454873201
0.0056055555555555555	0.5857593711458625
0.005611111111111111	0.5668430022583061
0.0056166666666666665	0.5619733916578157
0.005622222222222223	0.5566274116969043
0.005627777777777778	0.5508049058686616
0.005633333333333334	0.5445057291961759
0.0056388888888888895	0.5377297482369181
0.005644444444444445	0.5184205492440565
0.0056500000000000005	0.4798348386443039
0.005655555555555556	0.4426555789920852
0.0056611111111111116	0.41054940478813423
0.005666666666666667	0.39025950587483155
0.005672222222222223	0.3704361622139403
0.005677777777777778	0.3543918588377771
0.005683333333333334	0.3609380542094939
0.005688888888888889	0.3660644416540703
0.005694444444444445	0.369770500297317
0.0057	0.37205574382321605
0.005705555555555556	0.37291972048521843
0.005711111111111111	0.37236201311691647
0.005716666666666667	0.35298173126290694
0.005722222222222222	0.3314658521404111
0.005727777777777778	0.3104186863495721
0.005733333333333333	0.2834470601473295
0.005738888888888889	0.25564148367549344
0.005744444444444444	0.22925200947462354
0.00575	0.21316095106138605
0.005755555555555555	0.20227797238989204
0.005761111111111112	0.19091918825347035
0.005766666666666667	0.17908465912970853
0.005772222222222223	0.16677445706145627
0.005777777777777778	0.15398866565681626
0.005783333333333334	0.13752903054146928
0.005788888888888889	0.11656609681166465
0.005794444444444445	0.09702290810664949
0.0058000000000000005	0.07961064176474685
0.005805555555555556	0.06515897488228646
0.0058111111111111115	0.05118034843102115
0.005816666666666667	0.038030382858715565
0.0058222222222222226	0.02677555700470155
0.005827777777777778	0.014098719892277716
0.005833333333333334	1.2989340843532402E-15
0.005838888888888889	-0.015520439545277757
0.005844444444444445	-0.0324624009702989
0.00585	-0.05082565185790667
0.005855555555555556	-0.06729268034448783
0.005861111111111111	-0.08292960439563449
0.005866666666666667	-0.09809168360298896
0.005872222222222222	-0.11029099810413798
0.005877777777777778	-0.12035686418765207
0.005883333333333333	-0.1290000984148653
0.005888888888888889	-0.14214338368321236
0.005894444444444444	-0.1589569043866977
0.0059	-0.17624204549272604
0.005905555555555556	-0.19399852999949518
0.005911111111111112	-0.21222606939267136
0.005916666666666667	-0.2309243636498325
0.005922222222222223	-0.24440916712583322
0.005927777777777778	-0.24758978340224497
0.005933333333333334	-0.2493481656935114
0.005938888888888889	-0.25193400631269347
0.005944444444444445	-0.26043745525317763
0.00595	-0.26846497870700065
0.005955555555555556	-0.2786205272972706
0.0059611111111111115	-0.3075907183564199
0.005966666666666667	-0.3379743016409349
0.0059722222222222225	-0.36977050029731445
0.005977777777777778	-0.40297850299733434
0.0059833333333333336	-0.43759746395309856
0.005988888888888889	-0.4736265029327278
0.005994444444444445	-0.4870549540220298
0.006	-0.4966939165679693
0.006005555555555556	-0.5058555166139491
0.006011111111111111	-0.5031896752645075
0.006016666666666667	-0.495439223640868
0.006022222222222222	-0.4862704376630279
0.006027777777777778	-0.49636592144945985
0.006033333333333333	-0.5189820231401016
0.006038888888888889	-0.542061970854873
0.006044444444444444	-0.5656052731758823
0.006050000000000001	-0.5896114273131164
0.006055555555555556	-0.6140799191131628
0.006061111111111112	-0.6244872634530181
0.006066666666666667	-0.6098613558656649
0.006072222222222223	-0.5938215493922058
0.006077777777777778	-0.5815612844801752
0.006083333333333334	-0.5840517990977266
0.006088888888888889	-0.5860671252534727
0.006094444444444445	-0.5931509670048505
0.0061	-0.6396160426224953
0.006105555555555556	-0.6874751346641971
0.006111111111111111	-0.7367268238138351
0.006116666666666667	-0.7873696567165084
0.0061222222222222225	-0.8394021460066567
0.006127777777777778	-0.8928227703367292
0.0061333333333333335	-0.9031104454076463
0.006138888888888889	-0.9066780881232309
0.0061444444444444446	-0.9097694836995651
0.00615	-0.8922587751618812
0.006155555555555556	-0.8667509914477944
0.006161111111111111	-0.8398399652624567
0.006166666666666667	-0.8468108148395391
0.006172222222222222	-0.875057375327496
0.006177777777777778	-0.9037564773128403
0.006183333333333333	-0.9329074187016
0.00618888888888889	-0.9625094862545951
0.006194444444444445	-0.9925619556004492
0.006200000000000001	-0.9998126346296063
0.006205555555555556	-0.9674915151665923
0.006211111111111112	-0.9337755925407775
0.006216666666666667	-0.9067625301164682
0.006222222222222223	-0.9032211560910334
0.006227777777777778	-0.8992089470997603
0.006233333333333334	-0.9031671696991772
0.006238888888888889	-0.9667735025934877
0.006244444444444445	-1.031743866803829
0.00625	-1.0980762113533136
0.006255555555555556	-1.1657684519212725
0.006261111111111111	-1.2348184708842116
0.006266666666666667	-1.3052241173573274
0.0062722222222222224	-1.31229272099071
0.006277777777777778	-1.3097618919606768
0.0062833333333333335	-1.306759555680394
0.006288888888888889	-1.274537247019694
0.0062944444444444445	-1.2314662608512454
0.0063	-1.1870178036170025
0.006305555555555556	-1.1908109666103395
0.006311111111111111	-1.2244730125145655
0.006316666666666667	-1.2585728512753864
0.006322222222222222	-1.2931095754661088
0.006327777777777778	-1.3280822668265584
0.006333333333333334	-1.3634899962803249
0.0063388888888888896	-1.3675288279532887
0.006344444444444445	-1.3177584798497528
0.006350000000000001	-1.2666230396009817
0.006355555555555556	-1.2250627653803832
0.006361111111111112	-1.2155164547066357
0.006366666666666667	-1.2055072459014116
0.006372222222222223	-1.2063097248848458
0.006377777777777778	-1.286573232455942
0.006383333333333334	-1.368160405133104
0.006388888888888889	-1.4510685758878559
0.006394444444444445	-1.535295045296686
0.0064	-1.620837081594575
0.006405555555555556	-1.7076919207289827
0.006411111111111111	-1.711487656583025
0.006416666666666667	-1.702877616944449
0.006422222222222222	-1.6938043983995017
0.006427777777777778	-1.6471157208410563
0.0064333333333333334	-1.58680932842996
0.006438888888888889	-1.5251617197450769
0.0064444444444444445	-1.5257483278939146
0.00645	-1.5645696707193657
0.0064555555555555555	-1.6038107258926475
0.006461111111111111	-1.6434703875604015
0.006466666666666667	-1.6835475394299737
0.006472222222222223	-1.7240410547907423
0.0064777777777777785	-1.7248373011597704
0.006483333333333334	-1.6579965068169387
0.0064888888888888895	-1.589830720521934
0.006494444444444445	-1.534039533286631
0.006500000000000001	-1.5185609391530182
0.006505555555555556	-1.5026309066565762
0.006511111111111112	-1.5002715346744142
0.006516666666666667	-1.5965813631652495
0.006522222222222223	-1.6941644166614764
0.006527777777777778	-1.7930174323807162
0.006533333333333334	-1.893137116340883
0.006538888888888889	-1.9945201434258002
0.006544444444444445	-2.0971631574513006
0.00655	-2.0976571376842412
0.006555555555555556	-2.0830334150376557
0.006561111111111111	-2.067958366899731
0.006566666666666667	-2.0071586494711537
0.006572222222222222	-1.9300758188776534
0.006577777777777778	-1.8516982342680723
0.006583333333333333	-1.8490738231301946
0.006588888888888889	-1.8927590090170086
0.0065944444444444444	-1.936842632478486
0.0066	-1.9813233976508178
0.0066055555555555555	-2.0261999987045294
0.006611111111111111	-2.0714711198697313
0.006616666666666667	-2.069018721019175
0.006622222222222223	-1.9856161792415716
0.0066277777777777784	-1.9009388296936658
0.006633333333333334	-1.831341334066172
0.0066388888888888895	-1.8100482579202812
0.006644444444444445	-1.7883186388987362
0.0066500000000000005	-1.7828153721963895
0.006655555555555556	-1.894438545658684
0.006661111111111112	-2.0072748140146177
0.006666666666666667	-2.121320343559646
0.006672222222222223	-2.2365712708223136
0.006677777777777778	-2.3530237026413796
0.006683333333333334	-2.470673716243693
0.006688888888888889	-2.467862181367671
0.006694444444444445	-2.4473360710724616
0.0067	-2.4263739235604516
0.006705555555555556	-2.351925888823247
0.006711111111111111	-2.2586532669320456
0.006716666666666667	-2.164142207142311
0.006722222222222222	-2.1583267500711405
0.006727777777777778	-2.2065433083768817
0.006733333333333333	-2.255133997133593
0.006738888888888889	-2.3040973403293274
0.006744444444444444	-2.3534318525359335
0.00675	-2.4031360389380634
0.006755555555555556	-2.397453659103976
0.006761111111111112	-2.2981241135943593
0.006766666666666667	-2.1975796465531943
0.006772222222222223	-2.1147055214993387
0.006777777777777778	-2.087760016507751
0.006783333333333334	-2.0603961864825595
0.0067888888888888894	-2.0517909082425962
0.006794444444444445	-2.177877906926387
0.0068000000000000005	-2.305108638007425
0.006805555555555556	-2.4334787260358297
0.0068111111111111115	-2.5629837674541003
0.006816666666666667	-2.6936193306852863
0.006822222222222223	-2.825380956221886
0.006827777777777778	-2.819285303714965
0.006833333333333334	-2.7930130218644837
0.006838888888888889	-2.766323309578245
0.006844444444444445	-2.6787935520297226
0.00685	-2.57004099981296
0.006855555555555556	-2.460115751075417
0.006861111111111111	-2.4511535072107336
0.006866666666666667	-2.503534480812742
0.006872222222222222	-2.556262430383389
0.006877777777777778	-2.6093357109959183
0.006883333333333333	-2.6627526689285337
0.006888888888888889	-2.7165116416968638
0.006894444444444444	-2.707642527220907
0.006900000000000001	-2.5931419357974024
0.006905555555555556	-2.4774955553675753
0.006911111111111112	-2.3819755230197894
0.006916666666666667	-2.3495826607456323
0.006922222222222223	-2.316792874986018
0.006927777777777778	-2.305151076571854
0.006933333333333334	-2.444742302283751
0.006938888888888889	-2.5853991934023566
0.006944444444444445	-2.7271168660322647
0.0069500000000000004	-2.8698904100436633
0.006955555555555556	-3.013714889170872
0.0069611111111111115	-3.158585341111564
0.006966666666666667	-3.1492519625699793
0.0069722222222222225	-3.1174334570927447
0.006977777777777778	-3.0852193048584646
0.006983333333333334	-2.9852739788054685
0.006988888888888889	-2.861869168852101
0.006994444444444445	-2.737366328684324
0.007	-2.7253255061134887
0.007005555555555556	-2.7814722441741613
0.007011111111111111	-2.8379361630245126
0.007016666666666667	-2.8947154613418506
0.007022222222222222	-2.951808329696568
0.007027777777777778	-3.0092129505877745
0.007033333333333333	-2.9972246007864203
0.007038888888888889	-2.868424382087154
0.007044444444444445	-2.7385562270528925
0.007050000000000001	-2.6311172525339153
0.007055555555555556	-2.593523562218439
0.007061111111111112	-2.5555573707930472
0.007066666666666667	-2.5409676533201235
0.007072222222222223	-2.693000732544963
0.007077777777777778	-2.8460132998287704
0.007083333333333334	-3.0000000000000226
0.007088888888888889	-3.1549554537255746
0.007094444444444445	-3.3108742576190564
0.0071	-3.46775098434941
0.007105555555555556	-3.45525091241951
0.0071111111111111115	-3.4181283413547425
0.007116666666666667	-3.380634918322368
0.0071222222222222225	-3.2690346680448044
0.007127777777777778	-3.1319167854724386
0.0071333333333333335	-2.993783895664973
0.007138888888888889	-2.978756132318197
0.007144444444444445	-3.038241324258555
0.00715	-3.098011487872305
0.007155555555555556	-3.158064679149988
0.007161111111111111	-3.2183989467250105
0.007166666666666667	-3.279012331912254
0.007172222222222222	-3.2639959853662432
0.007177777777777778	-3.1218763868271915
0.007183333333333334	-2.978774832264876
0.00718888888888889	-2.8602345910442244
0.007194444444444445	-2.817726183370421
0.007200000000000001	-2.774872531920616
0.007205555555555556	-2.7574459319484146
0.007211111111111112	-2.920763801153217
0.007216666666666667	-3.0849675265736827
0.007222222222222223	-3.250051322518241
0.007227777777777778	-3.416009381390457
0.007233333333333334	-3.582835873806224
0.007238888888888889	-3.750524948711063
0.007244444444444445	-3.7349533164879847
0.00725	-3.6928092050167094
0.007255555555555556	-3.6503218587746513
0.007261111111111111	-3.5279160295632073
0.007266666666666667	-3.378128624252261
0.0072722222222222225	-3.227416959503461
0.007277777777777778	-3.2095166257338303
0.0072833333333333335	-3.271887553325071
0.007288888888888889	-3.3345090746669093
0.0072944444444444445	-3.397379117858204
0.0073	-3.460495604446459
0.007305555555555556	-3.5238564494691076
0.007311111111111111	-3.5059263896427786
0.007316666666666667	-3.351569027222983
0.007322222222222222	-3.196323162369934
0.0073277777777777785	-3.067583817259821
0.007333333333333334	-3.020484206877367
0.00733888888888889	-2.973069237566415
0.007344444444444445	-2.952938382043193
0.007350000000000001	-3.1262980936292837
0.007355555555555556	-3.3004432876870378
0.007361111111111112	-3.4753677920374466
0.007366666666666667	-3.6510654150200934
0.007372222222222223	-3.827529945618277
0.007377777777777778	-4.004755153584144
0.007383333333333334	-3.9862304705915137
0.007388888888888889	-3.9393855608493413
0.007394444444444445	-3.8922276457570697
0.0074	-3.7599478198827048
0.007405555555555556	-3.5986308644317004
0.007411111111111111	-3.4364874315124956
0.007416666666666667	-3.4158507596685053
0.007422222222222222	-3.480632742491073
0.007427777777777778	-3.545629033971669
0.0074333333333333335	-3.6108374500859206
0.007438888888888889	-3.676255801113695
0.0074444444444444445	-3.7418818916827927
0.00745	-3.7211745771578895
0.0074555555555555555	-3.5557542035888896
0.007461111111111111	-3.389545543216632
0.007466666666666667	-3.25158687836833
0.007472222222222223	-3.2002545217517504
0.0074777777777777785	-3.148639091126054
0.007483333333333334	-3.125957188017685
0.0074888888888888895	-3.3080393699024393
0.007494444444444445	-3.49080068251899
0.007500000000000001	-3.6742346141748
0.007505555555555556	-3.8583346362678532
0.007511111111111112	-4.043094203418406
0.007516666666666667	-4.228506753601175
0.007522222222222223	-4.207170003862075
0.007527777777777778	-4.155980813897863
0.007533333333333334	-4.104511230163958
0.007538888888888889	-3.963364136974318
0.007544444444444445	-3.791745350820081
0.00755	-3.6194041591598722
0.007555555555555556	-3.5961882067750217
0.007561111111111111	-3.6628882148231976
0.007566666666666667	-3.729764615418559
0.007572222222222222	-3.7968151290352234
0.007577777777777778	-3.864037471350516
0.007583333333333333	-3.9314293532907185
0.007588888888888889	-3.9081023792341947
0.0075944444444444445	-3.7328779434424026
0.0076	-3.556971435815903
0.0076055555555555555	-3.4108433999706085
0.007611111111111112	-3.355668967349083
0.007616666666666667	-3.300245900001953
0.007622222222222223	-3.2751855722867997
0.0076277777777777785	-3.4646044691218467
0.007633333333333334	-3.6545909763538584
0.0076388888888888895	-3.8451382923347657
0.007644444444444445	-4.036239601207465
0.0076500000000000005	-4.227888073043492
0.007655555555555556	-4.420076863981114
0.007661111111111112	-4.396090433044544
0.007666666666666667	-4.340946543502805
0.007672222222222223	-4.285557005737665
0.007677777777777778	-4.136616859838869
0.007683333333333334	-3.956002365570288
0.007688888888888889	-3.774775035700058
0.007694444444444445	-3.7491564901901717
0.0077	-3.817266896128143
0.007705555555555556	-3.8855144360486658
0.007711111111111111	-3.953896752272905
0.007716666666666667	-4.022411483260736
0.007722222222222222	-4.091056263658148
0.007727777777777778	-4.065287162427786
0.007733333333333333	-3.881592228172987
0.007738888888888889	-3.697326628030535
0.007744444444444444	-3.5441413437755567
0.00775	-3.4855447458965827
0.007755555555555556	-3.4267358448358847
0.007761111111111112	-3.3994878167396996
0.007766666666666667	-3.5948018363458667
0.007772222222222223	-3.7905676261563084
0.007777777777777778	-3.9867781463320835
0.007783333333333334	-4.183426345633784
0.0077888888888888895	-4.380505161564103
0.007794444444444445	-4.578007520510775
0.0078000000000000005	-4.55155395959956
0.007805555555555556	-4.492875048776496
0.0078111111111111116	-4.433987104807631
0.007816666666666666	-4.278387430642521
0.007822222222222223	-4.090151813618928
0.007827777777777779	-3.9014175949470506
0.007833333333333335	-3.873591428912406
0.00783888888888889	-3.942593871424785
0.007844444444444446	-4.011693145682692
0.007850000000000001	-4.080886833797673
0.007855555555555557	-4.1501725149849005
0.007861111111111112	-4.219547765611845
0.007866666666666668	-4.19153265562777
0.007872222222222223	-4.000765252277671
0.007877777777777779	-3.809542932098964
0.007883333333333334	-3.650466231943308
0.00788888888888889	-3.5888934242983273
0.007894444444444445	-3.5271462607709356
0.0079	-3.4979179062403403
0.007905555555555556	-3.697640590994632
0.007911111111111112	-3.897695767516398
0.007916666666666667	-4.098076211353352
0.007922222222222223	-4.298774689547937
0.007927777777777778	-4.499783960783878
0.007933333333333334	-4.701096775532833
0.00793888888888889	-4.672377412218607
0.007944444444444445	-4.6106100620568755
0.00795	-4.548671884695404
0.007955555555555556	-4.387596889737961
0.007961111111111112	-4.193172736664809
0.007966666666666667	-3.9983680105562076
0.007972222222222223	-3.9685459979221474
0.007977777777777778	-4.037915326756613
0.007983333333333334	-4.107340448151497
0.007988888888888889	-4.176818902410373
0.007994444444444445	-4.246348227927322
0.008	-4.315925961236609
0.008005555555555556	-4.285878054401879
0.008011111111111111	-4.089490037084485
0.008016666666666667	-3.8927663141892754
0.008022222222222222	-3.7290088678742173
0.008027777777777778	-3.6649284567080858
0.008033333333333333	-3.6007129639123936
0.008038888888888889	-3.569726728373916
0.008044444444444444	-3.772338068049426
0.00805	-3.9751600905926003
0.008055555555555555	-4.178185441920114
0.008061111111111111	-4.38140676240347
0.008066666666666666	-4.584816687018207
0.008072222222222222	-4.788407845493202
0.008077777777777777	-4.757641251472062
0.008083333333333333	-4.69325554880254
0.008088888888888889	-4.628738524977472
0.008094444444444444	-4.463414087199122
0.0081	-4.264281083277711
0.008105555555555555	-4.064888431324387
0.008111111111111112	-4.033297535614113
0.008116666666666668	-4.102505808291901
0.008122222222222223	-4.1717284097299245
0.008127777777777779	-4.240962857143548
0.008133333333333334	-4.310206666840082
0.00813888888888889	-4.379457354269041
0.008144444444444445	-4.347605333297993
0.008150000000000001	-4.147091333407417
0.008155555555555557	-3.9463633941119696
0.008161111111111112	-3.7791714946834634
0.008166666666666668	-3.713071170617967
0.008172222222222223	-3.6468760672285216
0.008177777777777779	-3.6143677746446343
0.008183333333333334	-3.8183257746064325
0.00818888888888889	-4.022371045112176
0.008194444444444445	-4.226496158416589
0.0082	-4.430693684231448
0.008205555555555556	-4.634956189876394
0.008211111111111112	-4.839276240429736
0.008216666666666667	-4.8066965680594596
0.008222222222222223	-4.740182526956615
0.008227777777777778	-4.673577670175706
0.008233333333333334	-4.505262008373519
0.00823888888888889	-4.302935676003556
0.008244444444444445	-4.100472596683409
0.00825	-4.067353243688418
0.008255555555555556	-4.135873743465328
0.008261111111111111	-4.204366999151798
0.008266666666666667	-4.272830523770448
0.008272222222222222	-4.3412618304442185
0.008277777777777778	-4.40965843244681
0.008283333333333334	-4.376244710451908
0.008288888888888889	-4.17313076060098
0.008294444444444445	-3.969926265726176
0.0083	-3.8005723444920547
0.008305555555555556	-3.732955170905797
0.008311111111111111	-3.6652842416290774
0.008316666666666667	-3.631501299735375
0.008322222222222222	-3.8352537164504716
0.008327777777777778	-4.0389693272043345
0.008333333333333333	-4.242640687119286
0.008338888888888889	-4.44626035179636
0.008344444444444444	-4.649820877466483
0.00835	-4.853314821141638
0.008355555555555555	-4.819170021401208
0.00836111111111111	-4.751033853880107
0.008366666666666666	-4.682848067320571
0.008372222222222222	-4.512822165312685
0.008377777777777777	-4.308842330051414
0.008383333333333333	-4.104849689648694
0.008388888888888888	-4.0704539376432045
0.008394444444444446	-4.137765182142162
0.008400000000000001	-4.205007817043946
0.008405555555555557	-4.27217937010587
0.008411111111111112	-4.339277370193138
0.008416666666666668	-4.4062993473291225
0.008422222222222223	-4.371578222910407
0.008427777777777779	-4.167410142901049
0.008433333333333334	-3.9632756013511155
0.00843888888888889	-3.793048543910712
0.008444444444444445	-3.724429128323051
0.008450000000000001	-3.655797389791701
0.008455555555555556	-3.6209969071747286
0.008461111111111112	-3.822993061722886
0.008466666666666667	-4.024828613920182
0.008472222222222223	-4.226496158416588
0.008477777777777779	-4.427988293358768
0.008483333333333334	-4.629297620540514
0.00848888888888889	-4.830416745553114
0.008494444444444445	-4.794966680985649
0.0085	-4.725726944422871
0.008505555555555556	-4.656479163092133
0.008511111111111112	-4.486037020657225
0.008516666666666667	-4.281956092217448
0.008522222222222223	-4.077986397899672
0.008527777777777778	-4.042576019325266
0.008533333333333334	-4.108165729331946
0.00853888888888889	-4.173645986395228
0.008544444444444445	-4.23901435182233
0.00855	-4.30426838902755
0.008555555555555556	-4.369405663581947
0.008561111111111111	-4.33364138546153
0.008566666666666667	-4.12997301766267
0.008572222222222222	-3.9264620165586064
0.008577777777777778	-3.756657353604902
0.008583333333333333	-3.687557931201983
0.008588888888888889	-3.618487712387192
0.008594444444444444	-3.5829345417326994
0.0086	-3.7816371214091933
0.008605555555555556	-3.980056524626062
0.008611111111111111	-4.178185441920115
0.008616666666666667	-4.3760165703162155
0.008622222222222222	-4.573542613475834
0.008627777777777778	-4.770756281845484
0.008633333333333333	-4.734270748847775
0.008638888888888889	-4.664454399446659
0.008644444444444444	-4.594671640773595
0.00865	-4.425110425531388
0.008655555555555555	-4.222481583005929
0.00866111111111111	-4.020087167307195
0.008666666666666666	-3.9839316565260976
0.008672222222222222	-4.047300654743222
0.008677777777777779	-4.110520189673714
0.008683333333333335	-4.173587874734596
0.00868888888888889	-4.236501326433176
0.008694444444444446	-4.299258164415662
0.008700000000000001	-4.2627229203450065
0.008705555555555557	-4.061104304013917
0.008711111111111112	-3.8597656849574298
0.008716666666666668	-3.6916757325064067
0.008722222222222223	-3.6226221916161125
0.008727777777777779	-3.5536391585887865
0.008733333333333334	-3.517603880993128
0.00873888888888889	-3.7115006391867227
0.008744444444444445	-3.9049938019557704
0.00875	-4.098076211353351
0.008755555555555556	-4.290740718862574
0.008761111111111112	-4.482980185542138
0.008766666666666667	-4.674787482171675
0.008772222222222223	-4.637544157680305
0.008777777777777778	-4.567682540016058
0.008783333333333334	-4.497895892930155
0.00878888888888889	-4.330506068112527
0.008794444444444445	-4.130871439343611
0.0088	-3.9315926459764396
0.008805555555555556	-3.8949671682570863
0.008811111111111112	-3.955633178344977
0.008816666666666667	-4.0161108523088105
0.008822222222222223	-4.076397873838851
0.008827777777777778	-4.136491930675179
0.008833333333333334	-4.196390714655097
0.00883888888888889	-4.159362559902257
0.008844444444444445	-3.961328134449864
0.00885	-3.7636942059035525
0.008855555555555556	-3.5985982299888084
0.008861111111111111	-3.5301161097529583
0.008866666666666667	-3.461745265047553
0.008872222222222222	-3.4255021307318354
0.008877777777777778	-3.6131173960346126
0.008883333333333333	-3.8002117185528044
0.008888888888888889	-3.9867781463320497
0.008894444444444444	-4.172809739718277
0.0089	-4.358299571498955
0.008905555555555555	-4.543240727044652
0.008911111111111111	-4.505523055247195
0.008916666666666666	-4.436147858413827
0.008922222222222222	-4.366888441437744
0.008927777777777778	-4.202943944684273
0.008933333333333333	-4.00782286973962
0.008938888888888889	-3.8131763306493274
0.008944444444444444	-3.7763596279921225
0.00895	-3.8338609449828835
0.008955555555555555	-3.8911364863638136
0.008961111111111112	-3.94818402372688
0.008966666666666668	-4.00500133364264
0.008972222222222223	-4.061586197706037
0.008977777777777779	-4.024346938886768
0.008983333333333334	-3.8314038658672573
0.00898888888888889	-3.6389787413619543
0.008994444444444446	-3.4781332220479526
0.009000000000000001	-3.410743712752188
0.009005555555555557	-3.343505399780356
0.009011111111111112	-3.307330240881003
0.009016666666666668	-3.4872361478387788
0.009022222222222223	-3.6665077293411423
0.009027777777777779	-3.84513829233473
0.009033333333333334	-4.023121158843308
0.00903888888888889	-4.200449666103527
0.009044444444444445	-4.377117166701057
0.00905	-4.339212201854411
0.009055555555555556	-4.270851412989748
0.009061111111111112	-4.202646332106626
0.009066666666666667	-4.043394880030034
0.009072222222222223	-3.854272348107162
0.009077777777777778	-3.665739440987119
0.009083333333333334	-3.6290117107299027
0.00908888888888889	-3.682910714880952
0.009094444444444445	-3.73654822222514
0.0091	-3.789922109215643
0.009105555555555556	-3.843030258175156
0.009111111111111111	-3.8958705573396237
0.009116666666666667	-3.8587036076993604
0.009122222222222223	-3.6723203004005236
0.009127777777777778	-3.486568451323283
0.009133333333333334	-3.3311975201330637
0.009138888888888889	-3.2654134966340442
0.009144444444444445	-3.199819439557072
0.00915	-3.1639875708763694
0.009155555555555556	-3.334814926907141
0.009161111111111111	-3.5048994024112057
0.009166666666666667	-3.67423461417477
0.009172222222222222	-3.842814196722576
0.009177777777777778	-4.010631802448076
0.009183333333333333	-4.177681101743269
0.009188888888888889	-4.139877323517598
0.009194444444444444	-4.073051209502229
0.0092	-4.006419546560983
0.009205555555555555	-3.8530731388701844
0.009211111111111111	-3.671388486632465
0.009216666666666666	-3.490404060745003
0.009222222222222222	-3.4540448230917957
0.009227777777777777	-3.5039313104364864
0.009233333333333333	-3.553522569925829
0.009238888888888888	-3.602816599035718
0.009244444444444444	-3.6518114019578456
0.009250000000000001	-3.700504989640897
0.009255555555555557	-3.6636932121082992
0.009261111111111112	-3.4852881600401213
0.009266666666666668	-3.3076232701223254
0.009272222222222223	-3.158909393657904
0.009277777777777779	-3.095231512095896
0.009283333333333334	-3.031780921294952
0.00928888888888889	-2.9965650449895587
0.009294444444444445	-3.1570137507654263
0.009300000000000001	-3.3166166747129164
0.009305555555555556	-3.4753677920374137
0.009311111111111112	-3.6332610982101246
0.009316666666666668	-3.7902906090904165
0.009322222222222223	-3.946450361048386
0.009327777777777779	-3.9090354790225024
0.009333333333333334	-3.8442526269348365
0.00933888888888889	-3.7797014891237066
0.009344444444444445	-3.6334271845743618
0.00935	-3.460563141929392
0.009355555555555556	-3.288504598037031
0.009361111111111112	-3.2527905687407186
0.009366666666666667	-3.298284872988027
0.009372222222222223	-3.343452465193791
0.009377777777777778	-3.38829147909703
0.009383333333333334	-3.4328000559476233
0.00938888888888889	-3.476976344544994
0.009394444444444445	-3.440799898974762
0.0094	-3.271730872307284
0.009405555555555556	-3.1035050786383205
0.009411111111111111	-2.962580059295366
0.009416666666666667	-2.901492946798851
0.009422222222222222	-2.8406687195824127
0.009427777777777778	-2.806336849734822
0.009433333333333334	-2.9551857937233725
0.009438888888888889	-3.103092491492106
0.009444444444444445	-3.250051322518215
0.00945	-3.39605668891727
0.009455555555555556	-3.541103015557428
0.009461111111111111	-3.6851847501740504
0.009466666666666667	-3.648443514191928
0.009472222222222222	-3.5861969606532695
0.009477777777777778	-3.5242176211080785
0.009483333333333333	-3.3861286554806105
0.009488888888888889	-3.2234008221711927
0.009494444444444444	-3.0615776296846224
0.0095	-3.02678061407284
0.009505555555555555	-3.067536496097272
0.00951111111111111	-3.1079366683698324
0.009516666666666666	-3.1479794150960445
0.009522222222222222	-3.1876630287302947
0.009527777777777777	-3.2269858100113784
0.009533333333333335	-3.1917200209981336
0.00953888888888889	-3.0332737371110756
0.009544444444444446	-2.875767339558164
0.009550000000000001	-2.743703701826842
0.009555555555555557	-2.6856722682072838
0.009561111111111112	-2.627937313671174
0.009566666666666668	-2.594750736541187
0.009572222222222223	-2.7308670884011064
0.009577777777777779	-2.8659519007125556
0.009583333333333334	-3.0000000000000497
0.00958888888888889	-3.133006237626651
0.009594444444444445	-3.2649654898996854
0.009600000000000001	-3.3958726581754997
0.009605555555555556	-3.3600846912278906
0.009611111111111112	-3.3008481700962014
0.009616666666666667	-3.2419123290150025
0.009622222222222223	-3.1130596427182673
0.009627777777777779	-2.96170647581354
0.009633333333333334	-2.811350206939202
0.00963888888888889	-2.7777350313118
0.009644444444444445	-2.813442314242039
0.00965	-2.8487675968761104
0.009655555555555556	-2.883709326944266
0.009661111111111112	-2.9182659611007615
0.009666666666666667	-2.9524359649562935
0.009672222222222223	-2.9183492264485746
0.009677777777777778	-2.771731557234692
0.009683333333333334	-2.6261432745882782
0.00968888888888889	-2.503946102493825
0.009694444444444445	-2.4494120020014494
0.0097	-2.3952057180109723
0.009705555555555556	-2.3634170034890483
0.009711111111111111	-2.4857648355934856
0.009716666666666667	-2.606999685459521
0.009722222222222222	-2.727116866032267
0.009727777777777778	-2.8461117171068158
0.009733333333333333	-2.9639796054236474
0.009738888888888889	-3.0807159247642595
0.009744444444444444	-3.0461535948890353
0.00975	-2.9903779318580828
0.009755555555555556	-2.9349341265779634
0.009761111111111111	-2.816298366358027
0.009766666666666667	-2.677471754847772
0.009772222222222222	-2.539726711579306
0.009777777777777778	-2.5075492077201895
0.009783333333333333	-2.5379361375725074
0.009788888888888889	-2.567917683837256
0.009794444444444444	-2.5974924695831225
0.0098	-2.626659127410097
0.009805555555555555	-2.655416299478294
0.00981111111111111	-2.6227680321382536
0.009816666666666668	-2.489094826590481
0.009822222222222224	-2.3565326735900167
0.009827777777777779	-2.2451319613968295
0.009833333333333335	-2.194510231464939
0.00983888888888889	-2.1442451605719426
0.009844444444444446	-2.1140962399702374
0.009850000000000001	-2.221744411441143
0.009855555555555557	-2.328206628450681
0.009861111111111112	-2.433478726035874
0.009866666666666668	-2.5375565678905443
0.009872222222222223	-2.640436046450609
0.009877777777777779	-2.7421130829784297
0.009883333333333334	-2.7090394303752134
0.00988888888888889	-2.657149111918961
0.009894444444444445	-2.605619303275971
0.0099	-2.4981033589023673
0.009905555555555556	-2.3728598571258788
0.009911111111111112	-2.248774362415376
0.009916666666666667	-2.2182794205582197
0.009922222222222223	-2.2431147344483233
0.009927777777777778	-2.2675243666733036
0.009933333333333334	-2.291507126119633
0.00993888888888889	-2.315061831739686
0.009944444444444445	-2.3381873125770807
0.00995	-2.3072259894327116
0.009955555555555556	-2.1875145813593675
0.009961111111111112	-2.0689874360324887
0.009966666666666667	-1.969231010425873
0.009972222222222223	-1.922906912985512
0.009977777777777778	-1.8769656027303432
0.009983333333333334	-1.8486859275389689
0.00998888888888889	-1.9408151707917904
0.009994444444444445	-2.031694513189744
end
