t  ft
begin
0.0	-2.383828224194822
5.55555E-6	-2.406084652648997
1.11111E-5	-2.4290830572450504
1.6666649999999997E-5	-2.4953854922242655
2.22222E-5	-2.520097925485577
2.777775E-5	-2.3870885993034707
3.3333299999999995E-5	-2.372580683297651
3.8888849999999996E-5	-2.332692678871211
4.44444E-5	-2.3180858453538526
4.999995E-5	-2.2762731133806495
5.55555E-5	-2.2615386682117413
6.111105E-5	-2.2475042663254636
6.666659999999999E-5	-2.196563683371781
7.222215E-5	-2.1206875085351635
7.777769999999999E-5	-1.9501710025264953
8.333325E-5	-1.9753861334821954
8.88888E-5	-2.0494521288591887
9.444434999999999E-5	-2.076630840228517
9.99999E-5	-2.1536907750492102
1.0555544999999999E-4	-2.1808164889365984
1.11111E-4	-2.1670743363420755
1.1666655E-4	-2.1289811799324827
1.222221E-4	-2.115762946549717
1.2777764999999998E-4	-2.0797308409234416
1.3333319999999998E-4	-2.0671381465030803
1.3888875E-4	-2.1308436308754106
1.444443E-4	-2.1602422077379977
1.4999985E-4	-2.245531228300269
1.5555539999999998E-4	-2.277197166127584
1.6111094999999998E-4	-2.1986881821501316
1.666665E-4	-1.9929977870377535
1.7222205E-4	-1.9794916330572503
1.777776E-4	-1.9433312548426456
1.8333314999999998E-4	-1.9307651013618832
1.8888869999999998E-4	-1.8971172870941528
1.9444425E-4	-1.8854205875848504
1.999998E-4	-1.8537709088921601
2.0555535E-4	-1.8425935420868813
2.1111089999999998E-4	-1.7695751115061649
2.1666644999999998E-4	-1.5802142767676406
2.22222E-4	-1.6094692143396279
2.2777755E-4	-1.693514695773852
2.333331E-4	-1.7243647016914723
2.3888864999999998E-4	-1.8128963941978458
2.444442E-4	-1.8454388079267594
2.4999975E-4	-1.8233369119796772
2.5555529999999997E-4	-1.8125250683295528
2.6111084999999996E-4	-1.8018678186868005
2.6666639999999996E-4	-1.7735846530030157
2.7222195E-4	-1.7615797297151612
2.777775E-4	-1.8257783964951981
2.8333305E-4	-1.8591311659584984
2.888886E-4	-1.9566147160667386
2.9444415E-4	-1.9925935177318497
2.999997E-4	-1.8036792871049705
3.0555525E-4	-1.7297956322457346
3.1111079999999997E-4	-1.7194383038071053
3.1666634999999996E-4	-1.6914259527780164
3.2222189999999996E-4	-1.6822365061558215
3.2777745E-4	-1.6521272902774464
3.33333E-4	-1.6411457774020486
3.3888855E-4	-1.6110274155440456
3.444441E-4	-1.6004072916060543
3.4999965E-4	-1.4067763807318137
3.555552E-4	-1.3336646533639087
3.6111075E-4	-1.2623879272698662
3.6666629999999997E-4	-1.2792693980282603
3.7222184999999996E-4	-1.3168962796540666
3.7777739999999996E-4	-1.4043871718075507
3.8333294999999995E-4	-1.39417310772026
3.888885E-4	-1.3660888441421897
3.9444405E-4	-1.3562332876543506
3.999996E-4	-1.329153994337913
4.0555515E-4	-1.3195792053384017
4.111107E-4	-1.3101619036644234
4.1666625E-4	-1.381353003623142
4.2222179999999997E-4	-1.4216002232749998
4.2777734999999996E-4	-1.5364470151987788
4.3333289999999996E-4	-1.5779474965547808
4.3888844999999995E-4	-1.4197515434881691
4.44444E-4	-1.3472755349443564
4.4999955E-4	-1.1975844797477027
4.555551E-4	-1.1883166731321526
4.6111065E-4	-1.1793827758078368
4.666662E-4	-1.1547166803033455
4.7222175E-4	-1.146097654765801
4.7777729999999997E-4	-1.1226606404763808
4.8333284999999996E-4	-1.1144613340882992
4.888884E-4	-0.9458290812788338
4.9444395E-4	-0.8767457333230592
4.999995E-4	-0.774418735142875
5.0555505E-4	-0.8170238527724458
5.111105999999999E-4	-0.8605909619497821
5.1666615E-4	-0.973942558807416
5.222216999999999E-4	-0.9662057135254744
5.2777725E-4	-0.9447030196199591
5.333327999999999E-4	-0.9372255547333771
5.3888835E-4	-0.9160343976297574
5.444439E-4	-0.907554563109381
5.4999945E-4	-0.9275849252540651
5.55555E-4	-0.9735314299731521
5.611105499999999E-4	-1.0204120710908122
5.666661E-4	-1.1540479988852512
5.722216499999999E-4	-1.2031213852794371
5.777772E-4	-1.0834731633646784
5.833327499999999E-4	-1.01636024340361
5.888883E-4	-0.8666006834071142
5.9444385E-4	-0.8603458212892704
5.999994E-4	-0.8410245234655255
6.0555495E-4	-0.8336834530441003
6.111105E-4	-0.826547348382611
6.1666605E-4	-0.8073267439569886
6.222215999999999E-4	-0.8009739767122054
6.2777715E-4	-0.6539325906493515
6.333326999999999E-4	-0.5896311997827922
6.3888825E-4	-0.48167108671388714
6.444437999999999E-4	-0.5320149687828475
6.4999935E-4	-0.6805715432761841
6.555549E-4	-0.7347004135958042
6.6111045E-4	-0.7286132818067478
6.66666E-4	-0.7118209649780205
6.722215499999999E-4	-0.7062866522400016
6.777771E-4	-0.6917409981127285
6.833326499999999E-4	-0.6869114498501002
6.888882E-4	-0.7099961282045189
6.944437499999999E-4	-0.7634862116525276
6.999993E-4	-0.921026264727216
7.055548499999999E-4	-0.9784534809033157
7.111104E-4	-0.9149992858084669
7.1666595E-4	-0.7350143962669412
7.222215E-4	-0.6720675226848712
7.2777705E-4	-0.5215926537293492
7.333325999999999E-4	-0.517636535795965
7.3888815E-4	-0.5081460840537317
7.444436999999999E-4	-0.5050615947746012
7.4999925E-4	-0.4971370368029665
7.555547999999999E-4	-0.49446714413975024
7.6111035E-4	-0.4919699292240503
7.666658999999999E-4	-0.37278954646836415
7.7222145E-4	-0.3115254072201839
7.77777E-4	-0.18760599760184524
7.833325499999999E-4	-0.24280850580409127
7.888881E-4	-0.40032150839417663
7.944436499999999E-4	-0.45754542714852636
7.999992E-4	-0.46379328497888817
8.055547499999999E-4	-0.46193603392348037
8.111103E-4	-0.4602637759794361
8.166658499999999E-4	-0.4560954337020773
8.222214E-4	-0.45552004241971505
8.277769499999999E-4	-0.4481587978339787
8.333325E-4	-0.4452218576981601
8.3888805E-4	-0.5860850446755019
8.444435999999999E-4	-0.6464781838903167
8.4999915E-4	-0.5082926900469054
8.555546999999999E-4	-0.45084747480935017
8.6111025E-4	-0.39402916590210485
8.666657999999999E-4	-0.2477564717846335
8.7222135E-4	-0.24710257795338
8.777768999999999E-4	-0.24656355713456046
8.8333245E-4	-0.24455440454177044
8.88888E-4	-0.23970671937988527
8.944435499999999E-4	-0.23826998199240004
8.999991E-4	-0.0937492472032446
9.055546499999999E-4	-0.03849040371576678
9.111102E-4	0.015122672375283249
9.166657499999999E-4	0.1632657404596304
9.222213E-4	0.21600945976511088
9.277768499999999E-4	0.10446259171010941
9.333324E-4	0.03854978871804835
9.388879499999999E-4	0.012568178836061063
9.444435E-4	0.012684180659099981
9.4999905E-4	0.012538769081504645
9.555545999999999E-4	0.012353504204399986
9.6111015E-4	0.012000792839046022
9.666656999999999E-4	0.010453531237986721
9.7222125E-4	0.00965223820246006
9.777768E-4	-0.13921134582679992
9.833323499999999E-4	-0.20758687607334833
9.888879E-4	-0.11103294424419759
9.9444345E-4	-0.05875549520107764
9.99999E-4	0.0851565646403739
0.0010055545499999998	0.13614973993148152
0.0010111101	0.1349745838103184
0.00101666565	0.13076741434697206
0.0010222211999999999	0.12899551910373536
0.00102777675	0.12336505735548865
0.0010333323	0.12114856078994997
0.00103888785	0.2365537820767289
0.0010444433999999999	0.2845992810480431
0.00104999895	0.41990646767484757
0.0010555545	0.4678646205063368
0.0010611100499999999	0.5151465569154249
0.0010666655999999998	0.4086770253537718
0.00107222115	0.3354404858116002
0.0010777767	0.2837646719494242
0.0010833322499999999	0.2801495884092212
0.0010888878	0.26951003182023814
0.00109444335	0.26552500647254085
0.0010999989	0.2558152094137121
0.0011055544499999998	0.2534628092707
0.00111111	0.25098024829183324
0.00111666555	0.12440653816806861
0.0011222210999999999	0.17067097571058928
0.00112777665	0.29784557105056364
0.0011333322	0.3423440795433284
0.00113888775	0.464113936221023
0.0011444432999999999	0.5065757845409748
0.00114999885	0.4994687766355906
0.0011555544	0.4933633513581297
0.00116110995	0.48867594069661435
0.0011666654999999998	0.47478314671278715
0.00117222105	0.46958461555980147
0.0011777766	0.5539180688938965
0.0011833321499999999	0.5932926877817128
0.0011888877	0.7014253505118497
0.00119444325	0.7395716581541794
0.0011999988	0.754759435193862
0.0012055543499999999	0.6796113390328048
0.0012111099	0.6717414986863042
0.00121666545	0.653896417892825
0.001222221	0.6478384088377662
0.0012277765499999998	0.6302919754963121
0.0012333321	0.623742780584495
0.00123888765	0.6046199509141237
0.0012444431999999999	0.5975480163370406
0.00124999875	0.5222631162555212
0.0012555543	0.4464234361305375
0.00126110985	0.4822538226887977
0.0012666653999999999	0.5800758817174302
0.00127222095	0.6174704832898477
0.0012777765	0.7203107441333108
0.00128333205	0.7563426414226461
0.0012888875999999998	0.7529675074864168
0.00129444315	0.7452173509755191
0.0012999987	0.722648197549359
0.0013055542499999999	0.7143778993317026
0.0013111098	0.7059854679331219
0.00131666535	0.7648523211739785
0.0013222209	0.7962106008111106
0.0013277764499999998	0.890832547984211
0.001333332	0.9248904520493471
0.00133888755	1.018271748696123
0.0013444430999999999	1.0510917215091207
0.0013499986499999998	1.0328070675767929
0.0013555542	1.0232519334139212
0.00136110975	1.0135152487559704
0.0013666652999999999	0.9859114066281823
0.00137222085	0.9758552902669094
0.0013777764	0.9463823494611887
0.00138333195	0.938601368335362
0.0013888874999999998	0.9158472573099844
0.00139444305	0.907367493398751
0.0013999986	0.985063258682473
0.0014055541499999999	1.015082078119853
0.0014111096999999998	1.0443375056727315
0.00141666525	1.124764892148563
0.0014222208	1.1528319620839924
0.0014277763499999999	1.1449804442579474
0.0014333319	1.132678648177967
0.00143888745	1.105865157332953
0.001444443	1.0965567581412974
0.0014499985499999998	1.0995463752840546
0.0014555541	1.1270612065390537
0.00146110965	1.1541021897540644
0.0014666651999999999	1.2286379316299971
0.0014722207499999998	1.2544095052135098
0.0014777763	1.3241775600229804
0.00148333185	1.3484611492814833
0.0014888873999999999	1.3274873231944833
0.00149444295	1.3165540504200608
0.0014999985	1.2853692114583566
0.00150555405	1.2740680297440519
0.0015111095999999998	1.2626542715636953
0.00151666515	1.2304468864513027
0.0015222207	1.2188175679753586
0.0015277762499999999	1.2259540937555002
0.0015333317999999998	1.3147670391086173
0.00153888735	1.4013475031033107
0.0015444429	1.4215881149280114
0.0015499984499999999	1.4824058296359786
0.001555554	1.5039501204242693
0.00156110955	1.5248495161299005
0.0015666650999999999	1.5155368325198844
0.0015722206499999998	1.5022229199057915
0.0015777762	1.464560457598049
0.00158333175	1.450937507272583
0.0015888872999999999	1.4316029892551903
0.0015944428499999998	1.449663030547325
0.0015999984	1.4991507225934952
0.00160555395	1.5185300726427124
0.0016111094999999998	1.537501133104125
0.00161666505	1.6023476212058796
0.0016222206	1.6838174445952965
0.0016277761499999999	1.700434266723174
0.0016333316999999998	1.6856919771096905
0.00163888725	1.6439979063955645
0.0016444428	1.6289875412755306
0.0016499983499999999	1.5862521493539525
0.0016555538999999998	1.570414638409398
0.00166110945	1.5575561061709933
0.001666665	1.5399817294728941
0.0016722205499999998	1.6205602388769969
0.0016777761	1.7053114878175104
0.00168333165	1.721561873880554
0.0016888871999999999	1.7661171732030256
0.0016944427499999998	1.7816628918848765
0.0016999983	1.7994860690847987
0.00170555385	1.7840322019526755
0.0017111093999999999	1.7681514312575428
0.0017166649499999998	1.7280874392582704
0.0017222205	1.7142974182312753
0.00172777605	1.6870081322714945
0.0017333315999999998	1.701762684480716
0.00173888715	1.7415759248756884
0.0017444427	1.7552850259964146
0.0017499982499999999	1.7921961924638783
0.0017555537999999998	1.8049881566121735
0.00176110935	1.8812416356312098
0.0017666649	2.0750634706462243
0.0017722204499999999	2.059887325285693
0.001777776	2.0174842187636024
0.00178333155	2.0023438710716057
0.0017888870999999999	1.9596550830199395
0.0017944426499999998	1.9442710918332324
0.0017999982	1.9010773179577944
0.00180555375	1.8855590814550396
0.0018111092999999999	1.9602034211043624
0.0018166648499999998	2.155066925620134
0.0018222204	2.164467577050134
0.00182777595	2.1962292279049223
0.0018333314999999998	2.207609110496553
0.00183888705	2.222769163109072
0.0018444426	2.2070163779927494
0.0018499981499999999	2.162065134581591
0.0018555536999999998	2.145905798006876
0.00186110925	2.129702539455478
0.0018666648	2.0890638442797216
0.0018722203499999999	2.097925304738438
0.0018777758999999998	2.120551638424082
0.00188333145	2.13089879608216
0.001888887	2.158533020044288
0.0018944425499999998	2.1679895711057964
0.0018999981	2.3606659649514348
0.00190555365	2.4335717987112164
0.0019111091999999999	2.4162036745024826
0.0019166647499999998	2.3671815584436438
0.0019222203	2.3496260543808503
0.00192777585	2.29993165822059
0.0019333313999999999	2.280991991061287
0.0019388869499999998	2.2360448377945117
0.0019444425	2.220280488948418
0.00194999805	2.402584114872605
0.0019555536	2.4733154370094184
0.0019611091499999998	2.4807939485097195
0.0019666646999999997	2.5001881078309385
0.00197222025	2.506553744262899
0.0019777758	2.5137161410905464
0.00198333135	2.4950677469431226
0.0019888869	2.441817127885777
0.00199444245	2.4248171905755154
0.001999998	2.376930993792053
0.0020055535499999997	2.359726619673602
0.0020111090999999997	2.342387729062884
0.00201666465	2.3383407006657855
0.0020222202	2.3430314921381545
0.00202777575	2.3806604998669187
0.0020333313	2.448400436001851
0.00203888685	2.6360482975074278
0.0020444423999999998	2.7018920335955214
0.0020499979499999997	2.666450405032536
0.0020555535	2.6479210880267083
0.00206110905	2.629327197952668
0.0020666646	2.577000418521205
0.00207222015	2.5582109689666668
0.0020777757	2.538885564788934
0.0020833312499999998	2.60375894445829
0.0020888867999999997	2.781937557118244
0.00209444235	2.844317835855024
0.0020999979	2.861318474709158
0.00210555345	2.8643571320187005
0.002111109	2.866900603844062
0.00211666455	2.868725696866095
0.0021222200999999998	2.848188581440454
0.0021277756499999997	2.7904079438239098
0.0021333311999999997	2.7697315129250257
0.00213888675	2.711860360447897
0.0021444423	2.691110189001276
0.00214999785	2.6480821300277273
0.0021555534	2.646251505470496
0.00216110895	2.646992603031694
0.0021666644999999997	2.660684723312823
0.0021722200499999997	2.7220411063949816
0.0021777756	2.892584906966137
0.00218333115	2.953076473600795
0.0021888867	2.925582864852934
0.00219444225	2.9042152922513633
0.0021999978	2.8449533847766197
0.0022055533499999998	2.8237801592039866
0.0022111088999999997	2.802360555736613
0.00221666445	2.762046798540976
0.00222222	2.8224638597502625
0.00222777555	2.9903091747518973
0.0022333311	3.0500416677075877
0.00223888665	3.180284532067527
0.0022444421999999998	3.180213217626061
0.0022499977499999997	3.178159886828829
0.0022555533	3.177047706113525
0.00226110885	3.1548887444101155
0.0022666644	3.092542425952697
0.00227221995	3.0717300480204783
0.0022777755	3.013714265904467
0.00228333105	2.9930621258936054
0.0022888865999999997	2.9467912771349845
0.0022944421499999997	2.945051502671721
0.0022999977	2.9404597682800526
0.00230555325	2.93847791735099
0.0023111088	2.9956919615208277
0.00231666435	3.1553084615547724
0.0023222199	3.211917119332226
0.0023277754499999997	3.1979863463837397
0.0023333309999999997	3.1763239249826882
0.00233888655	3.1161878007692265
0.0023444421	3.0947521040958748
0.00234999765	3.034954220131074
0.0023555532	3.013628223362755
0.00236110875	3.068282766992444
0.0023666642999999998	3.220545235371677
0.0023722198499999997	3.274638014293044
0.0023777754	3.4016468466342284
0.00238333095	3.3996826014718207
0.0023888865	3.393764830527435
0.00239444205	3.3917419494783005
0.0023999976	3.3331151615148444
0.0024055531499999998	3.3105939200340497
0.0024111086999999997	3.2880027236707132
0.0024166642499999997	3.224842626627915
0.0024222198	3.202269901930357
0.00242777535	3.1462360545373125
0.0024333309	3.1410590740332105
0.00243888645	3.1321564205058476
0.002444442	3.1291303735346356
0.0024499975499999997	3.2681835814992075
0.0024555530999999997	3.3221239611147912
0.00246110865	3.3757426182786388
0.0024666642	3.3719110500977107
0.00247221975	3.3486459131541624
0.0024777753	3.2837200070514867
0.00248333085	3.260511099972024
0.0024888863999999998	3.195106364160716
0.0024944419499999997	3.1735190009370458
0.0024999975	3.306403167875283
0.00250555305	3.3589031655962467
0.0025111086	3.5515249110487543
0.00251666415	3.6416187711655086
0.0025222197	3.6332427251685027
0.0025277752499999998	3.6237940158391164
0.0025333307999999997	3.5810004552057673
0.0025388863499999996	3.537377391016433
0.0025444419	3.4930780850611063
0.00254999745	3.4519196119425035
0.002555553	3.411534289488661
0.00256110855	3.37130705236298
0.0025666641	3.330294469012179
0.0025722196499999997	3.320414886762359
0.0025777751999999997	3.3104519230296274
0.00258333075	3.3960864462995666
0.0025888863	3.482452018183908
0.00259444185	3.5668041974012126
0.0025999974	3.650915022837135
0.00260555295	3.736384088116464
0.0026111084999999997	3.695800409481736
0.0026166640499999997	3.647887626522732
0.0026222196	3.6071653014609315
0.00262777515	3.5590500370239764
0.0026333307	3.5184011073222434
0.00263888625	3.6032159536669153
0.0026444418	3.6783454366237427
0.0026499973499999998	3.765525638777804
0.0026555528999999997	3.837027251108781
0.0026611084499999996	3.829586096470295
0.002666664	3.819250346683869
0.00267221955	3.775898462474676
0.0026777751	3.724558477399596
0.00268333065	3.6810283330344173
0.0026888861999999998	3.629620452457513
0.0026944417499999997	3.585992845416179
0.0026999972999999997	3.534534015226629
0.00270555285	3.4909010243700056
0.0027111084	3.4764891053904394
0.00271666395	3.4666843651490544
0.0027222195	3.5385597304920684
0.00272777505	3.6228022724857105
0.0027333305999999997	3.693561945204781
0.0027388861499999997	3.777349425585261
0.0027444417	3.8484931545901815
0.00274999725	3.796541350298533
0.0027555528	3.7506775181101393
0.00276110835	3.7049254847576094
0.0027666639	3.6479599853049645
0.0027722194499999997	3.604976212565195
0.0027777749999999997	3.6819731284764976
0.0027833305499999996	3.753401051106658
0.0027888861	3.8376507131220903
0.00279444165	3.9089057007685284
0.0027999972	3.987018328954646
0.00280555275	3.9806360736128017
0.0028111082999999998	3.934940528632814
0.0028166638499999997	3.8807177246078
0.0028222193999999996	3.8336340483104125
0.00282777495	3.781845756188816
0.0028333305	3.7383123893085886
0.00283888605	3.687410451618883
0.0028444416	3.6446015117502486
0.0028499971499999998	3.5970012961350157
0.0028555526999999997	3.5924146900961347
0.0028611082499999997	3.662012590403098
0.0028666638	3.7443908086326387
0.00287221935	3.814135172801579
0.0028777749	3.896197161820526
0.00288333045	3.9667662687249043
0.002888886	3.919228427757489
0.0028944415499999997	3.8752646232553483
0.0028999970999999997	3.8235157178936814
0.00290555265	3.77971185658546
0.0029111082	3.735860105357451
0.00291666375	3.807063022065218
0.0029222193	3.874585686049363
0.00292777485	3.9538540376086093
0.0029333303999999998	4.01939437825582
0.0029388859499999997	4.095526195432484
0.0029444414999999996	4.0932152400225
0.00294999705	4.04101303325971
0.0029555526	3.995949287664287
0.00296110815	3.9511091093234665
0.0029666637	3.8985724575993714
0.0029722192499999998	3.854026332722966
0.0029777747999999997	3.801596568334995
0.0029833303499999997	3.757265303352009
0.0029888859	3.710478007174331
0.00299444145	3.7762321981144917
0.002999997	3.854076673233098
0.00300555255	3.920461422640317
0.0030111081	3.9870852442000415
0.0030166636499999997	4.065288148119459
0.0030222191999999997	4.131338326714486
0.00302777475	4.083667147948884
0.0030333303	4.0375782234974205
0.00303888585	3.983243831837918
0.0030444414	3.9360332991861116
0.00304999695	3.8927970060421377
0.0030555524999999997	3.9592649778710465
0.0030611080499999997	4.025187413821875
0.0030666635999999996	4.102737281682546
0.00307221915	4.1679442493861085
0.0030777747	4.2400597676236735
0.00308333025	4.192881311794262
0.0030888858	4.1367783086599355
0.0030944413499999998	4.089177603247904
0.0030999968999999997	4.03196501757944
0.0031055524499999996	3.9859481719730128
0.003111108	3.9398627690622985
0.00311666355	3.8856348975267254
0.0031222191	3.84007440973782
0.00312777465	3.790264914423256
0.0031333301999999998	3.8513129518859004
0.0031388857499999997	3.9244912494172013
0.0031444412999999997	3.986408914334024
0.00314999685	4.059198272314418
0.0031555524	4.119706929326458
0.00316110795	4.18404529383345
0.0031666635	4.136842204676605
0.00317221905	4.089117913995005
0.0031777745999999997	4.033111529578338
0.0031833301499999997	3.9857682979139133
0.0031888856999999996	3.9365665610497853
0.00319444125	3.998475804685957
0.0031999968	4.071092126826679
0.00320555235	4.13248698768078
0.0032111079	4.192198538642192
0.0032166634499999998	4.265313533980984
0.0032222189999999997	4.272703218141448
0.0032277745499999996	4.2175319852043325
0.0032333301	4.167623722338082
0.00323888565	4.108660432029099
0.0032444412	4.05865358592684
0.00324999675	3.9999901276774805
0.0032555522999999998	3.950466001066384
0.0032611078499999997	3.9011343748087643
0.0032666633999999996	3.8408877009827616
0.00327221895	3.8465413690388996
0.0032777745	3.9125533309383322
0.00328333005	3.971398686202731
0.0032888856	4.041451220920234
0.00329444115	4.101700818535322
0.0032999966999999997	4.164288271910364
0.0033055522499999997	4.112877552233635
0.0033111077999999996	4.062140784253995
0.00331666335	4.002533625262686
0.0033222189	3.9496995567454167
0.00332777445	3.8973415995477168
0.00333333	3.960409271962948
0.0033388855499999997	4.100996018643845
0.0033444410999999997	4.178514532184886
0.0033499966499999996	4.244501255143743
0.0033555522	4.247268317615448
0.00336110775	4.192620903656461
0.0033666633	4.1426648034854345
0.00337221885	4.082441050725907
0.0033777743999999998	4.034100946065603
0.0033833299499999997	3.97827306459964
0.0033888854999999996	3.930888568903422
0.00339444105	3.879447640222411
0.0033999966	3.881315883046433
0.00340555215	3.8829631391019523
0.0034111077	3.9525744825478544
0.0034166632499999998	4.016813927144997
0.0034222187999999997	4.092819344382221
0.0034277743499999997	4.1582312533311026
0.0034333298999999996	4.229138338347601
0.00343888545	4.180089380433565
0.003444441	4.1231666807422815
0.00344999655	4.0753307037819
0.0034555521	4.027820645684392
0.0034611076499999997	3.974402813235585
0.0034666631999999997	4.039456982995728
0.0034722187499999996	4.116500221238333
0.0034777743	4.181985536016936
0.00348332985	4.255203063201142
0.0034888854	4.2528248216702
0.00349444095	4.2466584328647246
0.0034999964999999997	4.198408716268087
0.0035055520499999997	4.169528686729242
0.0035111075999999996	4.0891354157255915
0.00351666315	4.0605196477771965
0.0035222187	3.980754414129757
0.00352777425	3.9524700840409257
0.0035333298	3.8893471234377546
0.0035388853499999998	3.887206901881735
0.0035444408999999997	3.914774036904353
0.0035499964499999996	3.953609324910167
0.003555552	3.992909875778735
0.00356110755	4.103243452145332
0.0035666631	4.14309469332683
0.00357221865	4.228191071624322
0.0035777741999999998	4.199013363433261
0.0035833297499999997	4.118046293628653
0.0035888852999999997	4.089288126201003
0.0035944408499999996	4.009199026612691
0.0035999964	3.9811738550626794
0.00360555195	4.021688631251597
0.0036111075	4.135690385800264
0.00361666305	4.177002010199389
0.0036222185999999997	4.275154172881089
0.0036277741499999997	4.271639263330995
0.0036333296999999996	4.245395031154036
0.00363888525	4.215981520109924
0.0036444408	4.133621950847196
0.00364999635	4.104084567232856
0.0036555519	4.075443151614947
0.0036611074499999998	3.995574744360248
0.0036666629999999997	3.967174110031703
0.0036722185499999996	3.897404961307961
0.0036777741	3.8927342168200707
0.00368332965	3.8806580130643744
0.0036888852	3.8765476254561593
0.00369444075	3.9801736536761627
0.0036999962999999998	4.020767975383209
0.0037055518499999997	4.061126101627609
0.0037111073999999997	4.034765266047492
0.0037166629499999996	4.005619110566798
0.0037222185	3.9245965847099114
0.00372777405	3.8958047030963896
0.0037333296	3.8153878004265214
0.00373888515	3.7867230021725664
0.0037444406999999997	3.888211677624689
0.0037499962499999997	3.929672844042121
0.0037555517999999996	3.971581166302496
0.00376110735	4.077637686764393
0.0037666629	4.071399755046509
0.00377221845	4.0535975680063
0.003777774	4.047066361509602
0.0037833295499999997	3.9719602780322036
0.0037888850999999997	3.9417115490480326
0.0037944406499999996	3.8578543766293873
0.0037999962	3.8279844958359415
0.00380555175	3.7982950536707385
0.0038111073	3.719577981507366
0.00381666285	3.7096632746875056
0.0038222183999999998	3.6871787927563675
0.0038277739499999997	3.679650121292461
0.0038333294999999996	3.7784438370553284
0.0038388850499999996	3.8216589777244994
0.0038444406	3.88647710342941
0.00384999615	3.8568294611445806
0.0038555517	3.8272291402656413
0.0038611072499999998	3.74488316599478
0.0038666627999999997	3.716048420296762
0.0038722183499999997	3.633117944774122
0.0038777738999999996	3.6050684282371828
0.00388332945	3.703898479023747
0.003888885	3.7504436141554995
0.00389444055	3.882950773806218
0.0038999961	3.9309526233047882
0.0039055516499999997	3.9239021042006814
0.0039111072	3.904161191422406
0.00391666275	3.8974111599419508
0.0039222182999999996	3.8299146149813508
0.00392777385	3.8003151807198305
0.0039333293999999994	3.7212279431017508
0.00393888495	3.693553162431322
0.0039444405	3.61757479707489
0.00394999605	3.590745912363922
0.0039555516	3.584862769822894
0.00396110715	3.56906509084852
0.0039666627	3.56364696176287
0.0039722182499999995	3.6672220983329864
0.0039777738	3.71652073716532
0.00398332935	3.8091536442751615
0.0039888849	3.781709852322642
0.00399444045	3.7062011382007394
0.003999996	3.679495142228402
0.00400555155	3.6531500729988835
0.0040111070999999995	3.5800873426407853
0.00401666265	3.5542337163533455
0.004022218199999999	3.6483882517245187
0.00402777375	3.698528926274623
0.0040333293	3.8063385433856207
0.00403888485	3.8003777457314514
0.0040444404	3.7831572655648418
0.0040499959499999995	3.777381198745181
0.0040555515	3.7716480753900443
0.004061107049999999	3.71383894605667
0.0040666626	3.687570593245361
0.00407221815	3.6148837037448533
0.0040777737	3.589099030066723
0.00408332925	3.517412375123729
0.0040888847999999995	3.491931239594562
0.00409444035	3.470594346242461
0.004099995899999999	3.4642583503243616
0.00410555145	3.458141309178528
0.004111107	3.5569376224240936
0.00411666255	3.6092967841754198
0.0041222181	3.7267707557142957
0.0041277736499999995	3.701008051508077
0.0041333292	3.629782289392009
0.004138884749999999	3.604574950002928
0.0041444403	3.5348095597318347
0.00414999585	3.510021867241654
0.0041555514	3.48504715331659
0.00416110695	3.431614220861794
0.0041666624999999995	3.4866047129287447
0.00417221805	3.6184108563305233
0.004177773599999999	3.61347776300016
0.00418332915	3.5996970210150288
0.0041888847	3.5949220903333803
0.00419444025	3.56532127791952
0.0041999958	3.5402646397681408
0.0042055513499999995	3.515225234397435
0.0042111069	3.44530605097873
0.004216662449999999	3.420737101174337
0.004222218	3.360724664230799
0.00422777355	3.3559986870923555
0.0042333291	3.343590976137266
0.00423888465	3.3393203052400953
0.0042444401999999996	3.3283344026306785
0.00424999575	3.3246247805200757
0.0042555512999999994	3.384113357466455
0.00426110685	3.534459468273763
0.004266662399999999	3.5095077441276836
0.00427221795	3.4397954595263647
0.0042777735	3.4150562697260507
0.00428332905	3.346677458351594
0.0042888846	3.3223958604065205
0.0042944401499999995	3.2547827306319417
0.0042999957	3.23073419732771
0.004305551249999999	3.292295306109095
0.0043111068	3.4524769779654982
0.00431666235	3.4475224104299853
0.0043222179	3.4353124633747383
0.00432777345	3.43104964613033
0.0043333289999999995	3.408345835951608
0.00433888455	3.383974591404331
0.004344440099999999	3.31596380646538
0.00434999565	3.2917457601506923
0.0043555512	3.267681009719154
0.00436110675	3.2051789221081295
0.0043666623	3.2022099864820994
0.0043722178499999995	3.1926352694018125
0.0043777734	3.1902913199447
0.004383328949999999	3.1874340812119484
0.0043888845	3.187689634192
0.00439444005	3.35319226913753
0.0043999956	3.419545518365395
0.00440555115	3.3953134965788556
0.0044111066999999995	3.3281586374493566
0.00441666225	3.304513128752801
0.004422217799999999	3.2382623763107867
0.00442777335	3.2134035406940162
0.0044333289	3.1487831773427652
0.00443888445	3.1263365481884615
0.00444444	3.2421631843975405
0.0044499955499999995	3.2418383940532394
0.0044555511	3.2431277130859004
0.004461106649999999	3.2512475805295225
0.0044666622	3.255263050875079
0.00447221775	3.258022786762684
0.0044777733	3.237198814216912
0.00448332885	3.177225831580854
0.0044888843999999995	3.155769583303723
0.00449443995	3.0971197427222843
0.004499995499999999	3.076455057928653
0.00450555105	3.0807457150284803
0.0045111066	3.0938219149538106
0.00451666215	3.0991716414418295
0.0045222177	3.115382667535825
0.0045277732499999996	3.1216914772743243
0.0045333288	3.2418512058794002
0.0045388843499999994	3.2215784702010484
0.0045444399	3.163135396699772
0.004549995449999999	3.1425001097157637
0.004555551	3.122247048665681
0.00456110655	3.066438977861358
0.0045666621	3.047057838991632
0.00457221765	2.9938687005689273
0.0045777731999999995	2.9751480579856016
0.00458332875	3.102644419125689
0.004588884299999999	3.108958635256499
0.00459443985	3.126688062175668
0.0045999954	3.1318704222421405
0.00460555095	3.137733068150076
0.0046111065	3.1507200181363517
0.0046166620499999995	3.1314997997544176
0.0046222176	3.0787945262323984
0.004627773149999999	3.0602975414416473
0.0046333287	3.0093117224981385
0.00463888425	2.9913078860081246
0.0046444398	3.0097367771289822
0.00464999535	3.0189996655715445
0.0046555508999999995	3.026362287399179
0.00466110645	3.0482392017433404
0.004666661999999999	3.056860264988998
0.00467221755	3.071948525260403
0.0046777731	3.0535172992762303
0.00468332865	3.0033422164680568
0.0046888842	2.9857261288187193
0.0046944397499999995	2.937564061586073
0.0046999953	2.9205241769403694
0.004705550849999999	2.9039834733830423
0.0047111064	2.8544138387670364
0.00471666195	2.836481979028045
0.0047222175	2.7979802380778875
0.00472777305	2.808032695537125
0.0047333285999999995	2.8373149160798663
0.00473888415	2.848200244676971
0.004744439699999999	2.8801946565033587
0.00474999525	2.8920715605698746
0.0047555508	2.8751025682848823
0.00476110635	2.828132013909302
0.0047666619	2.8100654988540485
0.0047722174499999995	2.760441992675696
0.004777773	2.7430346190462997
0.004783328549999999	2.766211388053856
0.0047888841	2.779314214245179
0.004794439649999999	2.817823407486512
0.0047999952	2.8321861810841593
0.00480555075	2.847544484681078
0.0048111062999999996	2.8850977721841966
0.00481666185	2.8679612215446553
0.0048222173999999994	2.8192966241761495
0.00482777295	2.802074854651986
0.004833328499999999	2.754564568631747
0.00483888405	2.737723269295166
0.0048444396	2.6912273354389735
0.00484999515	2.6747965223472425
0.0048555507	2.6586522922435525
0.0048611062499999995	2.5075490670355314
0.0048666618	2.52452746280424
0.004872217349999999	2.571059002150646
0.0048777729	2.5877875175122784
0.00488332845	2.635763823690642
0.004888884	2.653481748206797
0.00489443955	2.6143352998587046
0.0048999950999999995	2.5979557107385016
0.00490555065	2.5817982451514574
0.004911106199999999	2.5369110576645055
0.00491666175	2.5210838416508756
0.0049222173	2.5530651320917066
0.00492777285	2.5717720500313486
0.0049333284	2.6243397492635925
0.0049388839499999995	2.643620901703818
0.0049444395	2.621907709835379
0.004949995049999999	2.5432958306775832
0.0049555506	2.527286486256818
0.00496110615	2.483294879876666
0.0049666617	2.467806351450971
0.00497221725	2.4251009935308794
0.0049777727999999995	2.410081618804802
0.00498332835	2.366451268177569
0.004988883899999999	2.350606436794803
0.00499443945	2.2569530318707147
0.004999995	2.1787250778689993
0.00500555055	2.20124530166089
0.0050111061	2.266424243876135
0.0050166616499999995	2.2906064540150113
0.0050222172	2.3600603859216864
0.005027772749999999	2.3858253661994704
0.0050333283	2.361353415776121
0.00503888385	2.3466422001989096
0.0050444394	2.3043077664826734
0.00504999495	2.2894652918107705
0.0050555504999999995	2.2752461867865663
0.00506110605	2.315244386521564
0.005066661599999999	2.342028319281916
0.00507221715	2.419242645939014
0.005077772699999999	2.447879271881497
0.00508332825	2.46640822866081
0.0050888838	2.389919053959738
0.0050944393499999996	2.226625762687786
0.0050999949	2.2118792544105794
0.0051055504499999994	2.1976359400152474
0.005111106	2.158659057073358
0.005116661549999999	2.1451548466307018
0.0051222171	2.1081502640496126
0.00512777265	2.095252681669675
0.0051333282	2.0221773685113047
0.00513888375	1.9464662560704982
0.0051444392999999995	1.819898724722466
0.00514999485	1.84997256932477
0.005155550399999999	1.8784386878797155
0.00516110595	1.959868546430554
0.0051666615	1.9901382703775499
0.00517221705	1.9795598115696966
0.0051777726	1.9667028143279601
0.0051833281499999995	1.9318490583380517
0.0051888837	1.9198649406791506
0.005194439249999999	1.9215142034051498
0.0051999948	1.9529504139436777
0.00520555035	1.9866999501015563
0.0052111059	2.0768924592586955
0.00521666145	2.1093730695633295
0.0052222169999999995	2.157633734966969
0.00522777255	2.0803971266249333
0.005233328099999999	1.9045221535322157
0.00523888365	1.8922691063018753
0.0052444392	1.8595590880024153
0.00524999475	1.8482458238990007
0.0052555503	1.8371648485734058
0.0052611058499999995	1.8082077935706868
0.0052666614	1.7961230847065799
0.005272216949999999	1.7381981215392275
0.0052777725	1.6640197504440026
0.00528332805	1.5223329852564786
0.0052888836	1.5564150614593177
0.00529443915	1.6544264122289536
0.0052999946999999995	1.6900531518088568
0.00530555025	1.7268406760414785
0.005311105799999999	1.736278513051194
0.00531666135	1.7270527750870404
0.005322216899999999	1.6968638141328205
0.00532777245	1.6858539426499959
0.005333328	1.6557432172583013
0.0053388835499999995	1.6451789293402912
0.0053444391	1.7403741314955439
0.005349994649999999	1.77856799226721
0.0053555502	1.8176979463299643
0.005361105749999999	1.701613418165408
0.0053666613	1.628310061914677
0.00537221685	1.449878744305897
0.0053777723999999996	1.439382868829721
0.00538332795	1.4109476111023107
0.005388883499999999	1.4009552444144016
0.00539443905	1.3737773852692805
0.005399994599999999	1.364235777154681
0.00540555015	1.3548746107456622
0.0054111057	1.2055374187152645
0.00541666125	1.1354034356242542
0.0054222168	0.9863852044798391
0.0054277723499999994	1.0259013294274417
0.0054333279	1.137652269809962
0.005438883449999999	1.1781154576468105
0.005444439	1.2529111126511547
0.00544999455	1.24396192449642
0.0054555501	1.235077544829378
0.00546110565	1.2106992329698016
0.0054666611999999995	1.2022129088242006
0.00547221675	1.1788779111757728
0.005477772299999999	1.170760178079601
0.00548332785	1.2721845750444645
0.0054888834	1.3161212395592001
0.00549443895	1.3504419946574864
0.0054999945	1.280468937380402
0.0055055500499999995	1.211543621781528
0.0055111056	1.0319527799105312
0.005516661149999999	1.023820926348921
0.0055222167	1.002072898256246
0.00552777225	0.994561432073725
0.0055333278	0.9737064663808647
0.00553888335	0.9654928720569754
0.0055444388999999995	0.8950559920370481
0.00554999445	0.8274169897304144
0.005555549999999999	0.7601886098030013
0.00556110555	0.5739796811346202
0.005566661099999999	0.5081304259062672
0.00557221665	0.573459195527118
0.0055777722	0.6221583173262212
0.0055833277499999995	0.7277043023309752
0.0055888833	0.72196258307635
0.005594438849999999	0.7029871407760552
0.0055999944	0.6957805671066403
0.005605549949999999	0.6887750806152242
0.0056111055	0.6702999967345656
0.00561666105	0.66422510852079
0.0056222165999999995	0.7750447032822699
0.00562777215	0.8284939426886089
0.005633327699999999	0.9088191111353738
0.00563888325	0.843688368193828
0.005644438799999999	0.6631344312512709
0.00564999435	0.5986728995187998
0.0056555499	0.5924679450464935
0.0056611054499999995	0.5764734362251785
0.005666661	0.5712495910615003
0.005672216549999999	0.5582182075589998
0.0056777721	0.5541133097298802
0.005683327649999999	0.5093489190447892
0.0056888832	0.4486491498518454
0.00569443875	0.2794688211504398
0.0056999942999999996	0.219172620853817
0.00570554985	0.16001854610225996
0.0057111053999999994	0.21714388449553615
0.00571666095	0.2701913460031759
0.005722216499999999	0.3974867067067731
0.00572777205	0.3940903380262502
0.0057333276	0.38501054341555363
0.00573888315	0.38204657709642015
0.0057444387	0.37454972735789555
0.0057499942499999995	0.3720115529302751
0.0057555498	0.3696465795322541
0.005761105349999999	0.4815658479200816
0.0057666609	0.5366420559714777
0.00577221645	0.6475840600950743
0.005777772	0.5862389550104041
0.00578332755	0.4186269457652193
0.0057888830999999995	0.3595220259131556
0.00579443865	0.3424652933710261
0.005799994199999999	0.34076860473318027
0.00580554975	0.3393228819156972
0.0058111053	0.3357755592332485
0.00581666085	0.33535023568432004
0.0058222164	0.3062632181811093
0.0058277719499999995	0.24754726185974155
0.0058333275	0.08567962241761695
0.005838883049999999	0.028513258804782834
0.0058444386	-0.03543493346186778
0.005849994149999999	0.026004456986959922
0.0058555497	0.08809501023068397
0.00586110525	0.13734698567067327
0.0058666607999999995	0.13723587295888
0.00587221635	0.13761163043009783
0.005877771899999999	0.13589112140985027
0.00588332745	0.13167831306108874
0.005888882999999999	0.13039810060380017
0.00589443855	0.17945736200923273
0.0058999941	0.2432914077747118
0.0059055496499999995	0.3080370402211304
0.0059111052	0.2515096419307417
0.005916660749999999	0.19781854355025483
0.0059222163	0.04893147346994457
0.005927771849999999	-0.0038971888866938453
0.0059333274	-0.12106373737821972
0.00593888295	-0.12121184712949998
0.0059444384999999995	-0.12025415297939582
0.00594999405	-0.119750829767145
0.005955549599999999	-0.11902320232302634
0.00596110515	-0.12691884699027858
0.005966660699999999	-0.17766488640640327
0.00597221625	-0.3189773951501534
0.0059777718	-0.36941504843671985
0.0059833273499999996	-0.43777944314604006
0.0059888829	-0.36936554556160195
0.0059944384499999994	-0.22809548903506108
0.005999994	-0.22641821891460004
0.006005549549999999	-0.2247439218769626
0.0060111051	-0.21941159062052845
0.00601666065	-0.21724714736656006
0.0060222162	-0.21071876109317966
0.00602777175	-0.20819698940232512
0.0060333272999999995	-0.15812170352488739
0.00603888285	-0.08443663502739025
0.006044438399999999	0.02219011920585756
0.00604999395	-0.027289562498425138
0.0060555495	-0.0762551304655638
0.00606110505	-0.21238438926866507
0.0060666606	-0.26044070322714086
0.0060722161499999995	-0.3719076555471277
0.0060777717	-0.36827590065404003
0.006083327249999999	-0.3569848100808591
0.0060888828	-0.35270783506216014
0.006094438349999999	-0.34209207193420893
0.0060999939	-0.33940484734657017
0.00610554945	-0.38587594000296155
0.0061111049999999995	-0.5146859857743259
0.00611666055	-0.5594329378213888
0.006122216099999999	-0.6793863144180549
0.00612777165	-0.7203618646962179
0.006133327199999999	-0.5993714812021849
0.00613888275	-0.5931360524073004
0.0061444383	-0.5747623376547322
0.0061499938499999995	-0.5681796881590657
0.0061555494	-0.5631692652205852
0.006161104949999999	-0.5485574044725978
0.0061666605	-0.5431092077272501
0.006172216049999999	-0.5271106824933777
0.0061777716	-0.5211240050593605
0.00618332715	-0.4082560705910398
0.0061888826999999995	-0.44766179232037534
0.00619443825	-0.5542061476156385
0.006199993799999999	-0.5917681530054345
0.00620554935	-0.6288825551077977
0.006211104899999999	-0.7269496519405432
0.00621666045	-0.7209238155390206
0.006222216	-0.7030218478128406
0.0062277715499999995	-0.6962356268755505
0.0062333271	-0.6763864002740971
0.006238882649999999	-0.6690487158982606
0.0062444382	-0.7608462125725635
0.006249993749999999	-0.7964697384737459
0.0062555493	-0.8314358939968096
0.00626110485	-0.926794900574075
0.0062666603999999996	-0.9633184838918373
0.00627221595	-0.8460329236077652
0.0062777714999999994	-0.838526245350701
0.00628332705	-0.8169676407560745
0.006288882599999999	-0.8089190528233611
0.00629443815	-0.785449489125814
0.0062999937	-0.7769045008592798
0.00630554925	-0.7682490461775412
0.0063111048	-0.7432313211991375
0.0063166603499999995	-0.7329917533059013
0.0063222159	-0.8035513902316807
0.006327771449999999	-0.8376960429136351
0.006333327	-0.9314002896745255
0.006338882549999999	-0.9643088620627543
0.0063444381	-1.0543573391484633
0.00634999365	-1.086168232099944
0.0063555491999999995	-1.076225637884977
0.00636110475	-1.0477447001210756
0.006366660299999999	-1.0373860455539716
0.00637221585	-1.0071100452138404
0.006377771399999999	-0.9989726938666017
0.00638332695	-1.0707570600466232
0.0063888825	-1.1015415505850001
0.0063944380499999995	-1.1852087986158593
0.0063999936	-1.2145955489929599
0.006405549149999999	-1.2434023701370236
0.0064111047	-1.2433060759031196
0.006416660249999999	-1.231847106989376
0.0064222158	-1.1991950881158513
0.00642777135	-1.1865145819233718
0.0064333268999999995	-1.1585310311350787
0.00643888245	-1.1488161169898046
0.006444437999999999	-1.1207929686249918
0.00644999355	-1.110563424102911
0.006455549099999999	-1.1002227165931677
0.00646110465	-1.1455848603752186
0.0064666602	-1.171645428979519
0.0064722157499999995	-1.2410158905415183
0.0064777713	-1.2656185328692218
0.006483326849999999	-1.3332892375032324
0.0064888824	-1.3581183169991204
0.006494437949999999	-1.333519899692309
0.0064999935	-1.321942170789501
0.00650554905	-1.3101429544654106
0.0065111045999999995	-1.276752327312029
0.00651666015	-1.2646111276679393
0.006522215699999999	-1.3068036291696226
0.00652777125	-1.3289000182494994
0.006533326799999999	-1.3888647306067459
0.00653888235	-1.4095593958976531
0.0065444379	-1.5230586101515313
0.0065499934499999996	-1.6097006559754707
0.006555549	-1.5962308552783533
0.006561104549999999	-1.5582540114740644
0.0065666601	-1.5445181302820106
0.006572215649999999	-1.5056484745381256
0.0065777712	-1.4916053751659215
0.00658332675	-1.4519838807551788
0.0065888823	-1.437748219535821
0.00659443785	-1.4740610959970173
0.0065999933999999994	-1.557247629888866
0.00660554895	-1.5763244740769327
0.006611104499999999	-1.6283276816913885
0.00661666005	-1.6465412391394982
0.006622215599999999	-1.6960380294617996
0.00662777115	-1.7131354449817884
0.0066333267	-1.6835543039846808
0.0066388822499999995	-1.6681684374801757
0.0066444378	-1.6241994114791016
0.006649993349999999	-1.607791625320931
0.0066555489	-1.594512205410578
0.006661104449999999	-1.6182300003754224
0.00666666	-1.6353058564199987
0.00667221555	-1.6821922334696897
0.0066777710999999995	-1.698681622460819
0.00668332665	-1.7816550777633955
0.006688882199999999	-1.8612405139612749
0.00669443775	-1.8352976767108222
0.006699993299999999	-1.8192384931927028
0.00670554885	-1.803028137978945
0.0067111044	-1.7619055709364762
0.0067166599499999995	-1.7478132187071658
0.0067222155	-1.7084409371420521
0.006727771049999999	-1.694230619851156
0.0067333266	-1.8744295207351984
0.006738882149999999	-1.9507518868314253
0.0067444377	-2.0009940713869887
0.00674999325	-2.0140244961504004
0.0067555487999999995	-2.026536001434134
0.00676110435	-2.061328946478421
0.006766659899999999	-2.075015728259908
0.00677221545	-2.0492177039678348
0.006777770999999999	-2.0335648235296033
0.00678332655	-1.9898608354615843
0.0067888821	-1.9741833561029398
0.0067944376499999995	-1.9514243827200162
0.0067999932	-1.9624577842677988
0.006805548749999999	-1.9733009136125679
0.0068111043	-2.0025419585424014
0.006816659849999999	-2.0114160355080033
0.0068222154	-2.1839247630266256
0.00682777095	-2.2597142643792445
0.0068333264999999995	-2.250982360859215
0.00683888205	-2.234749357797372
0.006844437599999999	-2.188759003898719
0.00684999315	-2.1722104845373646
0.006855548699999999	-2.155596038786548
0.00686110425	-2.1092525876075876
0.006866659799999999	-2.092845434034721
0.0068722153499999996	-2.2412377130253205
0.0068777709	-2.3151497519018016
0.0068833264499999994	-2.369129189817945
0.006888882	-2.3789402242883995
0.006894437549999999	-2.4041544134348327
0.0068999931	-2.4127659218824893
0.006905548649999999	-2.42115561185059
0.0069111042	-2.392571124291798
0.00691665975	-2.3746850698136273
0.0069222152999999995	-2.324671473304066
0.00692777085	-2.305590840955459
0.006933326399999999	-2.2746055786123702
0.00693888195	-2.282763432251504
0.006944437499999999	-2.304494902190683
0.00694999305	-2.311859302921999
0.0069555486	-2.3187821719575554
0.0069611041499999995	-2.4673262579196575
0.0069666597	-2.538243818129291
0.006972215249999999	-2.5386903896823663
0.0069777708	-2.51965266317984
0.006983326349999999	-2.4653157806203634
0.0069888819	-2.447973310781562
0.00699443745	-2.399022383135675
0.0069999929999999995	-2.3814548373753
0.00700554855	-2.363830491523772
0.007011104099999999	-2.487445539129712
0.00701665965	-2.5557843496405384
0.007022215199999999	-2.7194603029008095
0.00702777075	-2.7237617841467996
0.0070333263	-2.7336337224661507
0.0070388818499999995	-2.736438250815275
0.0070444374	-2.688369367669119
0.007049992949999999	-2.6694511889608084
0.0070555485	-2.650505209361936
0.007061104049999999	-2.5973718854296277
0.0070666596	-2.5782415598161217
0.00707221515	-2.533237849365067
0.0070777706999999995	-2.53569274304012
0.00708332625	-2.541689146105119
0.007088881799999999	-2.5433980663683196
0.00709443735	-2.597020731127605
0.007099992899999999	-2.6630926225104665
0.00710554845	-2.72814728936813
0.007111104	-2.891669803277345
0.0071166595499999995	-2.870660027512087
0.0071222151	-2.8119041053562235
0.007127770649999999	-2.7909720047602007
0.0071333262	-2.7323467149461527
0.007138881749999999	-2.7113210040413263
0.0071444373	-2.716666914273119
0.007149992849999999	-2.7760746693832252
0.0071555483999999996	-2.837280777142001
0.00716110395	-2.995605284042991
0.0071666594999999994	-2.99652751693295
0.00717221505	-2.9981916886135003
0.007177770599999999	-2.9987535706808193
0.00718332615	-2.947224689981589
0.007188881699999999	-2.9254907996223043
0.00719443725	-2.865158331278627
0.0071999928	-2.84375644356552
0.0072055483499999995	-2.8220655133374573
0.0072111039	-2.7691261149726167
0.007216659449999999	-2.7695422701222547
0.007222215	-2.7708416196355796
0.007227770549999999	-2.7710097633509805
0.0072333261	-2.8066152324075038
0.00723888165	-2.8670255412347565
0.0072444371999999995	-3.0341087527178545
0.00724999275	-3.093226977277469
0.007255548299999999	-3.0705248891376433
0.00726110385	-3.0072283957073296
0.007266659399999999	-2.986269695741141
0.00727221495	-2.9278790716441283
0.0072777705	-2.9070426045794497
0.0072833260499999995	-2.896563356456524
0.0072888816	-2.9551679246523133
0.007294437149999999	-3.117428275163591
0.0072999927	-3.1750537736122046
0.007305548249999999	-3.1732005158716725
0.0073111038	-3.1666889427035425
0.00731665935	-3.1642399161568346
0.0073222148999999995	-3.115399396552393
0.00732777045	-3.093827088953728
0.007333325999999999	-3.033892541650048
0.00733888155	-3.0125535523166684
0.007344437099999999	-2.952700821024115
0.00734999265	-2.9312734489028687
0.0073555482	-2.9277505156711996
0.0073611037499999995	-2.9170828574301955
0.0073666593	-2.912914166179681
0.007372214849999999	-3.0327138326022363
0.0073777704	-3.090007627214243
0.007383325949999999	-3.2491613404437008
0.0073888815	-3.3053057349581896
0.007394437049999999	-3.2572296220463635
0.0073999925999999995	-3.2344532888244197
0.00740554815	-3.2118332955147126
0.007411103699999999	-3.1483375153399753
0.00741665925	-3.125600067503125
0.007422214799999999	-3.0920151277377164
0.00742777035	-3.1444229047019703
0.007433325899999999	-3.2958541330234143
0.0074388814499999996	-3.35007213976784
0.007444437	-3.3536597611393058
0.0074499925499999994	-3.350808434791911
0.0074555481	-3.3483081203884524
0.007461103649999999	-3.299921451924234
0.0074666592	-3.2765436083184025
0.007472214749999999	-3.2112287968879496
0.0074777703	-3.1878883703063106
0.00748332585	-3.122125891168391
0.0074888813999999995	-3.100422492311623
0.00749443695	-3.0544176223400172
0.007499992499999999	-3.0511691847297504
0.00750554805	-3.047758281837576
0.007511103599999999	-3.1505019741774976
0.00751665915	-3.20274855337767
0.0075222147	-3.3477469416193077
0.0075277702499999995	-3.3992679054457673
0.0075333258	-3.360658809557462
0.007538881349999999	-3.335423307781872
0.0075444369	-3.271136685219438
0.007549992449999999	-3.248358001377209
0.007555548	-3.225605554024195
0.00756110355	-3.30834430557981
0.0075666590999999995	-3.3583956128314014
0.00757221465	-3.4972328899475853
0.007577770199999999	-3.5466473452203156
0.00758332575	-3.651677445847713
0.007588881299999999	-3.6470056091730005
0.00759443685	-3.6164098220925167
0.0075999924	-3.591931358534763
0.0076055479499999995	-3.5673804828455333
0.0076111035	-3.498962782069769
0.007616659049999999	-3.474624283811412
0.0076222146	-3.4064444645283167
0.007627770149999999	-3.381919538972416
0.0076333257	-3.3244369994389404
0.007638881249999999	-3.318656169730626
0.0076444367999999995	-3.3439176735584772
0.00764999235	-3.3899331255174427
0.007655547899999999	-3.4379809398185435
0.00766110345	-3.571256534270896
0.007666658999999999	-3.61841124982089
0.00767221455	-3.5894299504666525
0.007677770099999999	-3.563491521604191
0.0076833256499999995	-3.4907791378261344
0.0076888812	-3.464751754121159
0.007694436749999999	-3.448824060259337
0.0076999923	-3.4939346698475875
0.007705547849999999	-3.536975851657213
0.0077111034	-3.6623330744168356
0.007716658949999999	-3.707527223486857
0.0077222144999999996	-3.81381419142349
0.00772777005	-3.808658729351446
0.007733325599999999	-3.780119807299244
0.00773888115	-3.7526589141491478
0.007744436699999999	-3.6756578984911457
0.00774999225	-3.6481438836186513
0.007755547799999999	-3.6208067804176065
0.00776110335	-3.541424799481602
0.0077666589	-3.515818496486949
0.0077722144499999994	-3.4527974139786153
0.00777777	-3.4478572070160007
0.007783325549999999	-3.5547113757122304
0.0077888811	-3.600288481023798
0.007794436649999999	-3.7277852283314803
0.0077999922	-3.7733056044679523
0.00780554775	-3.818469683086323
0.0078111032999999995	-3.7997891214480823
0.00781665885	-3.771960055896498
0.0078222144	-3.698134045374059
0.007827769949999999	-3.6723062272511067
0.0078333255	-3.642728199123447
0.00783888105	-3.687539137684897
0.007844436599999999	-3.810787147174429
0.00784999215	-3.8544385540629604
0.0078555477	-3.8979962737254765
0.00786110325	-4.010371775641815
0.007866658799999999	-4.00876140755268
0.00787221435	-3.947656054116112
0.0078777699	-3.920874246834715
0.007883325449999999	-3.846550145689163
0.007888881	-3.820116782672299
0.00789443655	-3.7464497616888
0.0078999921	-3.720141373111027
0.007905547649999999	-3.6940479653373415
0.0079111032	-3.625815747027969
0.00791665875	-3.623661137436375
0.0079222143	-3.713348818543419
0.00792776985	-3.754067949741019
0.0079333254	-3.871582041421393
0.00793888095	-3.9136503245734646
0.007944436499999999	-3.9765090066451947
0.00794999205	-3.949502674315537
0.0079555476	-3.9226570663935574
0.00796110315	-3.84804937908468
0.0079666587	-3.8215499171578
0.00797221425	-3.774500861488585
0.0079777698	-3.815330352686254
0.007983325349999999	-3.9292141001550744
0.0079888809	-3.9710413729005873
0.00799443645	-4.087799462210116
0.007999992	-4.1295357515799935
0.00800554755	-4.171102670316792
0.0080111031	-4.149505003867889
0.00801665865	-4.12194333199951
0.008022214199999999	-4.045294475560344
0.00802776975	-4.018020545675353
0.0080333253	-3.941381048216445
0.00803888085	-3.9134668422086163
0.008044436399999999	-3.840289976050114
0.00804999195	-3.8142269593398743
0.0080555475	-3.788137318437985
0.008061103049999999	-3.8474861917229837
0.0080666586	-3.887821695409217
0.00807221415	-3.9997863472114386
0.0080777697	-4.0395177438055905
0.008083325249999999	-4.109723786487418
0.0080888808	-4.081642698924644
0.00809443635	-4.002524265394697
0.008099991899999999	-3.9754210489719575
0.00810554745	-3.9483437421720757
0.008111103	-3.8859114592148316
0.00811665855	-3.9254378371213705
0.008122214099999999	-4.035612277530277
0.00812776965	-4.074973778633894
0.0081333252	-4.185283520975625
0.008138880749999999	-4.224697837804641
0.0081444363	-4.280579551053289
0.00814999185	-4.250740293740032
0.0081555474	-4.222623933179729
0.008161102949999999	-4.143872167151391
0.0081666585	-4.115597499894651
0.00817221405	-4.036712819000365
0.008177769599999999	-4.008628735668808
0.00818332515	-3.9305634203275632
0.0081888807	-3.902721430219183
0.00819443625	-3.939001746333988
0.008199991799999999	-3.9768252251560674
0.00820554735	-4.013066742846258
0.0082111029	-4.118702137100721
0.008216658449999999	-4.157119651494785
0.008222214	-4.237276257406825
0.00822776955	-4.207591966941639
0.0082333251	-4.124686391549019
0.008238880649999999	-4.09511469236028
0.0082444362	-4.01267301174241
0.00824999175	-3.9832461895816036
0.008255547299999999	-4.0201902178411
0.00826110285	-4.120660775783329
0.0082666584	-4.158454442992634
0.00827221395	-4.264932640136125
0.008277769499999999	-4.303874327279036
0.00828332505	-4.305255258275695
0.0082888806	-4.275101009078585
0.008294436149999999	-4.190362961165757
0.0082999917	-4.160090670964889
0.00830554725	-4.129977771059627
0.0083111028	-4.045720472259468
0.008316658349999999	-4.0142582408625325
0.0083222139	-3.932743087826751
0.00832776945	-3.9043263149725993
0.008333324999999999	-3.9186615049262694
0.00833888055	-3.957394496314561
0.0083444361	-4.067816185181679
0.00834999165	-4.107830759604701
0.008355547199999999	-4.148084094218414
0.00836110275	-4.2470558917519785
0.0083666583	-4.217112298686246
0.008372213849999999	-4.132338346956436
0.0083777694	-4.10325490298404
0.00838332495	-4.02304524695352
0.0083888805	-3.994762505214107
0.008394436049999999	-4.094796387665682
0.0083999916	-4.135753754096438
0.00840554715	-4.176852743746738
0.008411102699999999	-4.293015669138111
0.00841665825	-4.3349119283605235
0.0084222138	-4.357686146012624
0.00842776935	-4.357068673777604
0.008433324899999999	-4.286802386608728
0.00843888045	-4.257667264302947
0.008444436	-4.177165766033548
0.008449991549999999	-4.148516026920185
0.0084555471	-4.120117829155847
0.00846110265	-4.0410495751902955
0.0084666582	-4.012937923216504
0.008472213749999999	-3.992679756650252
0.0084777693	-3.99115463995018
0.00848332485	-4.084845690191338
0.008488880399999999	-4.124996304634312
0.00849443595	-4.238397494557429
0.0084999915	-4.279501805789845
0.00850554705	-4.250487714793458
0.008511102599999999	-4.169768541571262
0.00851665815	-4.141139796273582
0.0085222137	-4.061804492611152
0.00852776925	-4.033703562172455
0.008533324799999999	-4.119256962524072
0.00853888035	-4.1599585217577895
0.0085444359	-4.276387165567833
0.008549991449999999	-4.318425059392514
0.008555547	-4.360756088206119
0.00856110255	-4.386954891087036
0.0085666581	-4.38307506553353
0.008572213649999999	-4.31643632219618
0.0085777692	-4.287267281165525
0.00858332475	-4.207553957288341
0.008588880299999999	-4.179183780210418
0.00859443585	-4.099839355219758
0.0085999914	-4.072273338087986
0.00860554695	-4.044792926100951
0.008611102499999999	-4.015829020026507
0.00861665805	-4.012532890067694
0.0086222136	-4.100802463122169
0.008627769149999999	-4.142240576039138
0.0086333247	-4.259058050585008
0.00863888025	-4.301554468651621
0.0086444358	-4.234647717153743
0.008649991349999999	-4.20562728238604
0.0086555469	-4.177469764233218
0.00866110245	-4.098951600414377
0.008666657999999999	-4.071010696123808
0.00867221355	-4.020816014108078
0.0086777691	-4.062878951098245
0.00868332465	-4.182123863229514
0.008688880199999999	-4.225485053659324
0.00869443575	-4.2181895828998455
0.0086999913	-4.212036848089421
0.008705546849999999	-4.2047697830389685
0.0087111024	-4.141199707529503
0.00871665795	-4.112466509585629
0.0087222135	-4.0323685241322975
0.008727769049999999	-4.0037725460556945
0.0087333246	-3.924481569680366
0.00873888015	-3.8962707608238945
0.008744435699999999	-3.8727308991009575
0.00874999125	-3.8659162153255004
0.0087555468	-3.859309076042364
0.00876110235	-3.934914478267899
0.008766657899999999	-3.9775157058429143
0.00877221345	-4.097504442036263
0.008777769	-4.140776440544892
0.008783324549999999	-4.08631295440247
0.0087888801	-4.0566377658185795
0.00879443565	-3.974330806613617
0.0087999912	-3.945030335554806
0.008805546749999999	-3.915920372477059
0.0088111023	-3.8488009738112097
0.00881665785	-3.890528115565293
0.008822213399999999	-4.01389077590581
0.00882776895	-4.05964005119454
0.0088333245	-4.056384581203854
0.00883888005	-4.047970883216932
0.008844435599999999	-4.008254355050852
0.00884999115	-3.9789718410945705
0.0088555467	-3.9499225343109163
0.008861102249999999	-3.8693978780782667
0.0088666578	-3.8409927007390805
0.00887221335	-3.759433962401672
0.0088777689	-3.731604481865987
0.008883324449999999	-3.701888785963312
0.00888888	-3.6944594933599997
0.00889443555	-3.67550373189657
0.008899991099999999	-3.668802688289602
0.00890554665	-3.715438772830999
0.0089111022	-3.8480417232716944
0.00891665775	-3.8963681223088877
0.008922213299999999	-3.8627567472413786
0.00892776885	-3.833605064451037
0.0089333244	-3.7550943340735086
0.008938879949999999	-3.7274733744257635
0.0089444355	-3.6518957863229904
0.00894999105	-3.625184615448718
0.0089555466	-3.674232343420582
0.008961102149999999	-3.8165106733642733
0.0089666577	-3.8686902121652564
0.00897221325	-3.883228367890987
0.008977768799999999	-3.8756258599016014
0.00898332435	-3.8421770187043855
0.0089888799	-3.8147384162942237
0.00899443545	-3.7394843355176004
0.008999990999999999	-3.7129100110755067
0.00900554655	-3.686757583668847
0.0090111021	-3.615165108668427
0.009016657649999999	-3.590106200946311
0.0090222132	-3.5609529661097614
0.00902776875	-3.554606162758126
0.0090333243	-3.536894563510139
0.009038879849999999	-3.5305887175850157
0.0090444354	-3.65868261979752
0.00904999095	-3.70915478774827
0.009055546499999999	-3.7606014263674563
0.009061102049999999	-3.749655919779518
0.0090666576	-3.7239294863601637
0.00907221315	-3.652385074509522
0.009077768699999999	-3.6270470422533374
0.00908332425	-3.5569523930847375
0.0090888798	-3.5320678155559846
0.00909443535	-3.6617226823427744
0.009099990899999999	-3.7135514749775136
0.00910554645	-3.7666722994513124
0.009111102	-3.7951324706731255
0.009116657549999999	-3.7890173083734977
0.0091222131	-3.7648507799064137
0.00912776865	-3.739672122895852
0.0091333242	-3.669839698619614
0.009138879749999999	-3.645106975026533
0.0091444353	-3.5763991241788857
0.00914999085	-3.551918024653919
0.009155546399999999	-3.5273363832953843
0.00916110195	-3.495240251700227
0.0091666575	-3.4895115069810005
0.00917221305	-3.47390214277357
0.009177768599999999	-3.4684903529437023
0.00918332415	-3.602428070205179
0.0091888797	-3.660022067214782
0.009194435249999999	-3.6072803164653857
0.0091999908	-3.5826764789551624
0.00920554635	-3.5581201500353328
0.0092111019	-3.489618242074191
0.009216657449999999	-3.465405300505503
0.009222213	-3.398230333681465
0.00922776855	-3.374472872971129
0.009233324099999999	-3.5056037246620866
0.00923887965	-3.565172387976649
0.0092444352	-3.563421077163038
0.00924999075	-3.558215351957401
0.009255546299999999	-3.5535407871375426
0.00926110185	-3.539963289847653
0.0092666574	-3.5359767759021214
0.009272212949999999	-3.480442097929724
0.0092777685	-3.4563046932183497
0.00928332405	-3.389163433345131
0.0092888796	-3.365276858836246
0.009294435149999999	-3.314394127414557
0.0092999907	-3.3100081144473097
0.00930554625	-3.3059000239623693
0.009311101799999999	-3.293886720978027
0.00931665735	-3.288696621930385
0.0093222129	-3.422273259578682
0.00932776845	-3.4860955158325555
0.009333323999999999	-3.4529845086361535
0.00933887955	-3.4286954577512563
0.0093444351	-3.3610872120348496
0.009349990649999999	-3.3369855241955375
0.0093555462	-3.3131866201228504
0.00936110175	-3.247329494117559
0.0093666573	-3.224071580070755
0.009372212849999999	-3.353394325375244
0.0093777684	-3.419894314109235
0.00938332395	-3.4360824070230733
0.009388879499999999	-3.431807461729501
0.00939443505	-3.4210951824647324
0.0093999906	-3.417780019742941
0.00940554615	-3.4152702890953437
0.009411101699999999	-3.3658947905144156
0.00941665725	-3.342349558560902
0.0094222128	-3.2766643371093793
0.009427768349999999	-3.2517115909946033
0.0094333239	-3.198631937929827
0.00943887945	-3.1962827435222705
0.009444435	-3.193169849176548
0.009449990549999999	-3.19266329798232
0.0094555461	-3.1937726245350233
0.00946110165	-3.214160500909081
0.009466657199999999	-3.2840551321282647
0.00947221275	-3.279583072794339
0.0094777683	-3.2587594181144617
0.00948332385	-3.199445125230912
0.009488879399999999	-3.1783513418912053
0.00949443495	-3.1204659815813813
0.0094999905	-3.100085629910204
0.009505546049999999	-3.080209079611566
0.0095111016	-3.043203788006718
0.00951665715	-3.1145846073905212
0.0095222127	-3.1665640462688995
0.009527768249999999	-3.1713094714309737
0.0095333238	-3.1856764013985317
0.00953887935	-3.1910637726920785
0.009544434899999999	-3.183909233707533
0.00954999045	-3.1637399434683244
0.009555546	-3.143819153872585
0.00956110155	-3.0890117049165617
0.009566657099999999	-3.069808194647955
0.00957221265	-3.0265610594515007
0.0095777682	-3.031816256038258
0.009583323749999999	-3.0477643930721308
0.009588879299999999	-3.053873878108848
0.00959443485	-3.0714014773664835
0.0095999904	-3.076591722054399
0.009605545949999999	-3.1495715511067606
0.0096111015	-3.1688949504962354
0.00961665705	-3.1496922349376977
0.009622212599999999	-3.097069049291022
0.009627768149999999	-3.0787254621154454
0.0096333237	-3.0282236883836515
0.00963887925	-3.0104068662627523
0.009644434799999999	-2.961786766276351
0.00964999035	-2.945056578090957
0.0096555459	-2.9511779774676667
0.00966110145	-2.9693123986588317
0.009666656999999999	-2.9765779393080973
0.00967221255	-2.998254745893876
0.0096777681	-3.0065012264491693
0.009683323649999999	-3.015162477050962
0.0096888792	-2.997764060931362
0.00969443475	-2.949675719920918
0.0096999903	-2.9326197791539332
0.009705545849999999	-2.9160738626936666
0.0097111014	-2.8720332005956517
0.00971665695	-2.880907490937603
0.009722212499999999	-2.907463393032118
0.00972776805	-2.9176108707866737
0.0097333236	-2.947354623352416
0.00973887915	-2.9584291803870224
0.009744434699999999	-2.915834710638385
0.00974999025	-2.898784958396378
0.0097555458	-2.8818674687508
0.009761101349999999	-2.8349818515283656
0.0097666569	-2.816891872137982
0.00977221245	-2.7669262583158716
0.009777768	-2.7494322357352017
0.009783323549999999	-2.7014362921983937
0.0097888791	-2.6845572011633205
0.00979443465	-2.7121117331040288
0.009799990199999999	-2.7244746788585763
0.00980554575	-2.7374473649119375
0.0098111013	-2.7761214892059054
0.00981665685	-2.7901373694230096
0.009822212399999999	-2.8169087910830766
0.00982776795	-2.799902373551296
0.0098333235	-2.752580863620994
0.009838879049999999	-2.7358285202414345
0.0098444346	-2.6897006734976427
0.00984999015	-2.6733951789079047
0.0098555457	-2.6885064812099313
0.009861101249999999	-2.7327766841672454
0.0098666568	-2.749437196025279
0.00987221235	-2.7947695575763194
0.009877767899999999	-2.8110099768003254
0.00988332345	-2.661934059544666
0.009888879	-2.6451491704322994
0.00989443455	-2.5992079463258304
0.009899990099999999	-2.582933457410696
0.00990554565	-2.566889257645063
0.0099111012	-2.5225366473095505
0.009916656749999999	-2.50692774110418
0.0099222123	-2.4635038443817736
0.00992776785	-2.4472799202044144
0.0099333234	-2.3078862081743154
0.009938878949999999	-2.3248474206819036
0.0099444345	-2.374356914272761
0.00994999005	-2.3926535921995096
0.009955545599999999	-2.4118619087825284
0.00996110115	-2.461701814048527
0.0099666567	-2.44645847935406
0.00997221225	-2.4043377292456536
0.009977767799999999	-2.389576824648624
0.00998332335	-2.3464135283291943
0.0099888789	-2.3308349384268197
0.009994434449999999	-2.383828224194822
end