t    f(t)
begin
0.0	-2.121320343559642
5.555555555555556E-6	-2.2365712708222936
1.1111111111111112E-5	-2.353023702641363
1.6666666666666667E-5	-2.470673716243679
2.2222222222222223E-5	-2.467862181367674
2.777777777777778E-5	-2.447336071072463
3.3333333333333335E-5	-2.4263739235604547
3.888888888888889E-5	-2.351925888823251
4.4444444444444447E-5	-2.2586532669320487
5.0E-5	-2.164142207142312
5.555555555555556E-5	-2.158326750071146
6.111111111111112E-5	-2.2065433083768875
6.666666666666667E-5	-2.2551339971336013
7.222222222222222E-5	-2.3040973403293235
7.777777777777778E-5	-2.353431852535932
8.333333333333334E-5	-2.4031360389380634
8.888888888888889E-5	-2.397453659103994
9.444444444444444E-5	-2.2981241135943753
1.0E-4	-2.197579646553208
1.0555555555555557E-4	-2.114705521499341
1.1111111111111112E-4	-2.0877600165077546
1.1666666666666667E-4	-2.060396186482562
1.2222222222222224E-4	-2.05179090824259
1.277777777777778E-4	-2.177877906926383
1.3333333333333334E-4	-2.305108638007425
1.388888888888889E-4	-2.4334787260358324
1.4444444444444444E-4	-2.5629837674540865
1.5000000000000001E-4	-2.6936193306852756
1.5555555555555556E-4	-2.8253809562218715
1.611111111111111E-4	-2.819285303714969
1.666666666666667E-4	-2.7930130218644864
1.7222222222222224E-4	-2.7663233095782473
1.7777777777777779E-4	-2.6787935520297217
1.8333333333333334E-4	-2.570040999812957
1.8888888888888888E-4	-2.460115751075414
1.9444444444444446E-4	-2.451153507210734
2.0E-4	-2.5035344808127444
2.0555555555555556E-4	-2.556262430383391
2.1111111111111113E-4	-2.609335710995916
2.1666666666666668E-4	-2.662752668928533
2.2222222222222223E-4	-2.716511641696865
2.2777777777777778E-4	-2.7076425272209104
2.3333333333333333E-4	-2.5931419357974286
2.388888888888889E-4	-2.4774955553675917
2.444444444444445E-4	-2.3819755230197943
2.5E-4	-2.3495826607456363
2.555555555555556E-4	-2.3167928749860223
2.611111111111111E-4	-2.305151076571846
2.666666666666667E-4	-2.4447423022837422
2.7222222222222226E-4	-2.5853991934023517
2.777777777777778E-4	-2.727116866032261
2.8333333333333335E-4	-2.8698904100436415
2.888888888888889E-4	-3.013714889170852
2.9444444444444445E-4	-3.1585853411115488
3.0000000000000003E-4	-3.149251962569983
3.0555555555555555E-4	-3.117433457092748
3.111111111111111E-4	-3.085219304858468
3.166666666666667E-4	-2.985273978805473
3.222222222222222E-4	-2.861869168852105
3.277777777777778E-4	-2.737366328684324
3.333333333333334E-4	-2.7253255061134936
3.388888888888889E-4	-2.781472244174163
3.444444444444445E-4	-2.8379361630245072
3.5E-4	-2.8947154613418475
3.5555555555555557E-4	-2.9518083296965667
3.6111111111111115E-4	-3.009212950587776
3.6666666666666667E-4	-2.9972246007864185
3.7222222222222225E-4	-2.86842438208715
3.7777777777777777E-4	-2.738556227052913
3.8333333333333334E-4	-2.6311172525339206
3.888888888888889E-4	-2.5935235622184436
3.9444444444444444E-4	-2.555557370793052
4.0E-4	-2.5409676533201164
4.055555555555556E-4	-2.69300073254496
4.111111111111111E-4	-2.84601329982877
4.166666666666667E-4	-3.0
4.2222222222222227E-4	-3.1549554537255577
4.277777777777778E-4	-3.310874257619036
4.3333333333333337E-4	-3.4677509843493928
4.388888888888889E-4	-3.4552509124195163
4.4444444444444447E-4	-3.4181283413547465
4.5000000000000004E-4	-3.3806349183223663
4.5555555555555556E-4	-3.2690346680448035
4.6111111111111114E-4	-3.131916785472437
4.6666666666666666E-4	-2.9937838956649694
4.7222222222222224E-4	-2.9787561323181984
4.777777777777778E-4	-3.0382413242585575
4.8333333333333334E-4	-3.098011487872301
4.88888888888889E-4	-3.158064679149985
4.944444444444445E-4	-3.2183989467250105
5.0E-4	-3.2790123319122557
5.055555555555555E-4	-3.26399598536625
5.111111111111112E-4	-3.121876386827193
5.166666666666667E-4	-2.978774832264897
5.222222222222222E-4	-2.860234591044231
5.277777777777778E-4	-2.8177261833704272
5.333333333333334E-4	-2.7748725319206162
5.388888888888889E-4	-2.7574459319484
5.444444444444445E-4	-2.9207638011532087
5.5E-4	-3.084967526573679
5.555555555555556E-4	-3.250051322518211
5.611111111111112E-4	-3.416009381390435
5.666666666666667E-4	-3.5828358738062027
5.722222222222222E-4	-3.7505249487110452
5.777777777777778E-4	-3.7349533164879904
5.833333333333334E-4	-3.6928092050167134
5.888888888888889E-4	-3.6503218587746553
5.944444444444444E-4	-3.5279160295632126
6.000000000000001E-4	-3.3781286242522643
6.055555555555556E-4	-3.22741695950346
6.111111111111111E-4	-3.2095166257338326
6.166666666666667E-4	-3.2718875533250737
6.222222222222223E-4	-3.3345090746669044
6.277777777777778E-4	-3.397379117858199
6.333333333333334E-4	-3.460495604446458
6.388888888888889E-4	-3.523856449469104
6.444444444444444E-4	-3.5059263896427804
6.500000000000001E-4	-3.3515690272229777
6.555555555555556E-4	-3.196323162369926
6.611111111111111E-4	-3.067583817259828
6.666666666666668E-4	-3.0204842068773723
6.722222222222223E-4	-2.973069237566419
6.777777777777778E-4	-2.952938382043183
6.833333333333333E-4	-3.1262980936292784
6.88888888888889E-4	-3.3004432876870404
6.944444444444445E-4	-3.4753677920374146
7.0E-4	-3.651065415020067
7.055555555555556E-4	-3.827529945618254
7.111111111111111E-4	-4.004755153584126
7.166666666666667E-4	-3.9862304705915204
7.222222222222223E-4	-3.9393855608493413
7.277777777777778E-4	-3.892227645757069
7.333333333333333E-4	-3.7599478198827057
7.38888888888889E-4	-3.598630864431699
7.444444444444445E-4	-3.436487431512491
7.5E-4	-3.4158507596685075
7.555555555555555E-4	-3.4806327424910664
7.611111111111112E-4	-3.545629033971664
7.666666666666667E-4	-3.610837450085917
7.722222222222222E-4	-3.676255801113693
7.777777777777778E-4	-3.741881891682794
7.833333333333334E-4	-3.7211745771578917
7.888888888888889E-4	-3.555754203588892
7.944444444444445E-4	-3.3895455432166277
8.0E-4	-3.251586878368326
8.055555555555556E-4	-3.2002545217517544
8.111111111111112E-4	-3.1486390911260544
8.166666666666667E-4	-3.1259571880176713
8.222222222222222E-4	-3.3080393699024304
8.277777777777779E-4	-3.4908006825189575
8.333333333333334E-4	-3.674234614174767
8.388888888888889E-4	-3.8583346362678257
8.444444444444445E-4	-4.043094203418386
8.500000000000001E-4	-4.228506753601155
8.555555555555556E-4	-4.207170003862081
8.611111111111111E-4	-4.155980813897869
8.666666666666667E-4	-4.104511230163963
8.722222222222223E-4	-3.963364136974324
8.777777777777778E-4	-3.791745350820084
8.833333333333334E-4	-3.6194041591598674
8.888888888888889E-4	-3.596188206775024
8.944444444444445E-4	-3.662888214823192
9.000000000000001E-4	-3.7297646154185538
9.055555555555556E-4	-3.796815129035217
9.111111111111111E-4	-3.8640374713505117
9.166666666666668E-4	-3.9314293532907163
9.222222222222223E-4	-3.908102379234194
9.277777777777778E-4	-3.7328779434423973
9.333333333333333E-4	-3.5569714358158984
9.38888888888889E-4	-3.410843399970605
9.444444444444445E-4	-3.3556689673490903
9.5E-4	-3.3002459000019595
9.555555555555556E-4	-3.2751855722867926
9.611111111111112E-4	-3.46460446912184
9.666666666666667E-4	-3.6545909763538194
9.722222222222223E-4	-3.8451382923347364
9.77777777777778E-4	-4.036239601207441
9.833333333333335E-4	-4.227888073043473
9.88888888888889E-4	-4.420076863981098
9.944444444444445E-4	-4.396090433044549
0.001	-4.340946543502806
0.0010055555555555555	-4.285557005737665
0.001011111111111111	-4.136616859838876
0.0010166666666666668	-3.956002365570284
0.0010222222222222223	-3.774775035700053
0.0010277777777777778	-3.7491564901901753
0.0010333333333333334	-3.8172668961281366
0.0010388888888888889	-3.88551443604866
0.0010444444444444444	-3.9538967522729
0.0010500000000000002	-4.022411483260736
0.0010555555555555557	-4.091056263658149
0.0010611111111111112	-4.065287162427788
0.0010666666666666667	-3.8815922281729818
0.0010722222222222222	-3.6973266280305315
0.0010777777777777778	-3.5441413437755545
0.0010833333333333333	-3.485544745896579
0.001088888888888889	-3.4267358448358873
0.0010944444444444445	-3.39948781673969
0.0011	-3.594801836345862
0.0011055555555555556	-3.7905676261562684
0.0011111111111111111	-3.9867781463320484
0.0011166666666666666	-4.18342634563375
0.0011222222222222224	-4.380505161564086
0.001127777777777778	-4.578007520510758
0.0011333333333333334	-4.551553959599567
0.001138888888888889	-4.4928750487765
0.0011444444444444445	-4.433987104807636
0.00115	-4.278387430642497
0.0011555555555555555	-4.090151813618963
0.0011611111111111112	-3.901417594947074
0.0011666666666666668	-3.8735914289123947
0.0011722222222222223	-3.942593871424778
0.0011777777777777778	-4.011693145682674
0.0011833333333333333	-4.0808868337976545
0.0011888888888888889	-4.150172514984885
0.0011944444444444446	-4.219547765611834
0.0012000000000000001	-4.191532655627805
0.0012055555555555556	-4.000765252277707
0.0012111111111111112	-3.80954293209899
0.0012166666666666667	-3.6504662319433168
0.0012222222222222222	-3.5888934242983326
0.001227777777777778	-3.527146260770939
0.0012333333333333335	-3.497917906240332
0.001238888888888889	-3.6976405909945886
0.0012444444444444445	-3.8976957675163617
0.00125	-4.098076211353316
0.0012555555555555555	-4.298774689547903
0.001261111111111111	-4.49978396078385
0.0012666666666666668	-4.701096775532814
0.0012722222222222223	-4.672377412218612
0.0012777777777777779	-4.610610062056879
0.0012833333333333334	-4.5486718846954055
0.001288888888888889	-4.387596889737968
0.0012944444444444444	-4.193172736664808
0.0013000000000000002	-3.9983680105561996
0.0013055555555555557	-3.9685459979221376
0.0013111111111111112	-4.0379153267566075
0.0013166666666666667	-4.107340448151492
0.0013222222222222222	-4.176818902410368
0.0013277777777777778	-4.246348227927321
0.0013333333333333335	-4.31592596123661
0.001338888888888889	-4.285878054401879
0.0013444444444444445	-4.0894900370844764
0.00135	-3.892766314189266
0.0013555555555555556	-3.7290088678742146
0.0013611111111111111	-3.6649284567080804
0.0013666666666666666	-3.600712963912387
0.0013722222222222224	-3.5697267283739067
0.001377777777777778	-3.772338068049425
0.0013833333333333334	-3.9751600905926
0.001388888888888889	-4.178185441920114
0.0013944444444444445	-4.381406762403479
0.0014	-4.584816687018216
0.0014055555555555557	-4.7884078454932215
0.0014111111111111112	-4.757641251472055
0.0014166666666666668	-4.693255548802531
0.0014222222222222223	-4.628738524977465
0.0014277777777777778	-4.463414087199087
0.0014333333333333333	-4.264281083277712
0.0014388888888888889	-4.064888431324387
0.0014444444444444446	-4.0332975356141025
0.0014500000000000001	-4.102505808291883
0.0014555555555555556	-4.171728409729907
0.0014611111111111112	-4.24096285714353
0.0014666666666666667	-4.310206666840066
0.0014722222222222222	-4.379457354269026
0.001477777777777778	-4.34760533329803
0.0014833333333333335	-4.1470913334074435
0.001488888888888889	-3.946363394111996
0.0014944444444444445	-3.7791714946834736
0.0015	-3.7130711706179724
0.0015055555555555556	-3.6468760672285274
0.001511111111111111	-3.6143677746446157
0.0015166666666666668	-3.818325774606396
0.0015222222222222223	-4.0223710451121395
0.0015277777777777779	-4.226496158416553
0.0015333333333333334	-4.430693684231421
0.001538888888888889	-4.634956189876365
0.0015444444444444444	-4.839276240429708
0.0015500000000000002	-4.806696568059463
0.0015555555555555557	-4.740182526956617
0.0015611111111111112	-4.673577670175709
0.0015666666666666667	-4.505262008373519
0.0015722222222222223	-4.302935676003556
0.0015777777777777778	-4.100472596683446
0.0015833333333333335	-4.067353243688411
0.001588888888888889	-4.135873743465322
0.0015944444444444446	-4.204366999151792
0.0016	-4.272830523770446
0.0016055555555555556	-4.341261830444216
0.0016111111111111111	-4.4096584324468076
0.0016166666666666666	-4.376244710451908
0.0016222222222222224	-4.17313076060097
0.001627777777777778	-3.9699262657261665
0.0016333333333333334	-3.800572344492052
0.001638888888888889	-3.732955170905791
0.0016444444444444445	-3.6652842416290836
0.00165	-3.6315012997353655
0.0016555555555555557	-3.8352537164504716
0.0016611111111111113	-4.0389693272043345
0.0016666666666666668	-4.242640687119286
0.0016722222222222223	-4.446260351796369
0.0016777777777777778	-4.649820877466491
0.0016833333333333333	-4.853314821141647
0.001688888888888889	-4.819170021401199
0.0016944444444444446	-4.751033853880098
0.0017000000000000001	-4.682848067320563
0.0017055555555555556	-4.51282216531265
0.0017111111111111112	-4.308842330051414
0.0017166666666666667	-4.104849689648694
0.0017222222222222222	-4.070453937643208
0.001727777777777778	-4.137765182142145
0.0017333333333333335	-4.20500781704393
0.001738888888888889	-4.272179370105855
0.0017444444444444445	-4.339277370193124
0.00175	-4.406299347329107
0.0017555555555555556	-4.371578222910444
0.0017611111111111113	-4.167410142901076
0.0017666666666666668	-3.963275601351142
0.0017722222222222223	-3.793048543910718
0.0017777777777777779	-3.724429128323056
0.0017833333333333334	-3.655797389791707
0.001788888888888889	-3.6209969071746833
0.0017944444444444444	-3.822993061722841
0.0018000000000000002	-4.024828613920145
0.0018055555555555557	-4.226496158416562
0.0018111111111111112	-4.4279882933587436
0.0018166666666666667	-4.629297620540488
0.0018222222222222223	-4.830416745553097
0.0018277777777777778	-4.794966680985656
0.0018333333333333335	-4.725726944422876
0.001838888888888889	-4.656479163092135
0.0018444444444444446	-4.486037020657225
0.00185	-4.281956092217448
0.0018555555555555556	-4.077986397899699
0.0018611111111111111	-4.0425760193252565
0.0018666666666666666	-4.108165729331937
0.0018722222222222224	-4.173645986395221
0.001877777777777778	-4.239014351822326
0.0018833333333333334	-4.3042683890275475
0.001888888888888889	-4.369405663581944
0.0018944444444444445	-4.33364138546153
0.0019	-4.12997301766267
0.0019055555555555557	-3.926462016558598
0.0019111111111111113	-3.7566573536048966
0.0019166666666666668	-3.6875579312019897
0.0019222222222222223	-3.6184877123871986
0.0019277777777777778	-3.58293454173269
0.0019333333333333333	-3.7816371214091844
0.001938888888888889	-3.980056524626061
0.0019444444444444446	-4.178185441920123
0.0019500000000000001	-4.376016570316224
0.001955555555555556	-4.573542613475851
0.0019611111111111114	-4.770756281845511
0.001966666666666667	-4.7342707488477656
0.0019722222222222224	-4.664454399446648
0.001977777777777778	-4.594671640773582
0.0019833333333333335	-4.425110425531388
0.001988888888888889	-4.222481583005929
0.0019944444444444445	-4.020087167307186
0.002	-3.9839316565261003
0.0020055555555555556	-4.047300654743226
0.002011111111111111	-4.1105201896736965
0.0020166666666666666	-4.17358787473458
0.002022222222222222	-4.236501326433158
0.002027777777777778	-4.299258164415651
0.0020333333333333336	-4.262722920345033
0.002038888888888889	-4.061104304013943
0.0020444444444444447	-3.859765684957454
0.00205	-3.691675732506414
0.0020555555555555557	-3.6226221916161188
0.002061111111111111	-3.553639158588801
0.0020666666666666667	-3.517603880993085
0.0020722222222222223	-3.7115006391866787
0.0020777777777777778	-3.9049938019557366
0.0020833333333333333	-4.098076211353317
0.002088888888888889	-4.2907407188625415
0.0020944444444444443	-4.482980185542113
0.0021000000000000003	-4.674787482171668
0.002105555555555556	-4.637544157680311
0.0021111111111111113	-4.567682540016061
0.002116666666666667	-4.4978958929301545
0.0021222222222222224	-4.330506068112527
0.002127777777777778	-4.130871439343645
0.0021333333333333334	-3.931592645976466
0.002138888888888889	-3.8949671682570757
0.0021444444444444445	-3.9556331783449674
0.00215	-4.016110852308805
0.0021555555555555555	-4.076397873838845
0.002161111111111111	-4.136491930675174
0.0021666666666666666	-4.196390714655094
0.0021722222222222225	-4.159362559902247
0.002177777777777778	-3.961328134449856
0.0021833333333333336	-3.763694205903536
0.002188888888888889	-3.5985982299888035
0.0021944444444444446	-3.5301161097529645
0.0022	-3.4617452650475564
0.0022055555555555557	-3.4255021307318265
0.002211111111111111	-3.613117396034604
0.0022166666666666667	-3.800211718552804
0.0022222222222222222	-3.9867781463320493
0.0022277777777777777	-4.172809739718242
0.0022333333333333333	-4.358299571498954
0.002238888888888889	-4.543240727044633
0.0022444444444444447	-4.50552305524718
0.0022500000000000003	-4.436147858413824
0.002255555555555556	-4.366888441437733
0.0022611111111111113	-4.202943944684273
0.002266666666666667	-4.007822869739585
0.0022722222222222224	-3.813176330649326
0.002277777777777778	-3.7763596279921403
0.0022833333333333334	-3.83386094498289
0.002288888888888889	-3.8911364863638087
0.0022944444444444444	-3.948184023726864
0.0023	-4.0050013336426336
0.0023055555555555555	-4.06158619770602
0.002311111111111111	-4.0243469388868345
0.002316666666666667	-3.8314038658672724
0.0023222222222222225	-3.6389787413620045
0.002327777777777778	-3.4781332220479593
0.0023333333333333335	-3.4107437127522044
0.002338888888888889	-3.3435053997803617
0.0023444444444444446	-3.30733024088097
0.00235	-3.487236147838781
0.0023555555555555556	-3.6665077293411112
0.002361111111111111	-3.8451382923347324
0.0023666666666666667	-4.023121158843277
0.002372222222222222	-4.200449666103463
0.0023777777777777777	-4.3771171667010424
0.0023833333333333337	-4.339212201854421
0.002388888888888889	-4.270851412989748
0.0023944444444444447	-4.202646332106637
0.0024000000000000002	-4.043394880030033
0.0024055555555555557	-3.8542723481071928
0.0024111111111111113	-3.6657394409871173
0.002416666666666667	-3.6290117107298947
0.0024222222222222223	-3.682910714880959
0.002427777777777778	-3.7365482222251343
0.0024333333333333334	-3.7899221092156266
0.002438888888888889	-3.8430302581751503
0.0024444444444444444	-3.895870557339612
0.00245	-3.8587036076993635
0.002455555555555556	-3.672320300400541
0.0024611111111111114	-3.4865684513232686
0.002466666666666667	-3.33119752013307
0.0024722222222222224	-3.265413496634039
0.002477777777777778	-3.1998194395570767
0.0024833333333333335	-3.1639875708764005
0.002488888888888889	-3.3348149269071405
0.0024944444444444445	-3.5048994024112354
0.0025	-3.674234614174768
0.0025055555555555556	-3.8428141967225424
0.002511111111111111	-4.010631802448073
0.0025166666666666666	-4.17768110174325
0.002522222222222222	-4.139877323517593
0.002527777777777778	-4.073051209502229
0.0025333333333333336	-4.006419546560973
0.002538888888888889	-3.8530731388701827
0.0025444444444444447	-3.6713884866324307
0.00255	-3.490404060744989
0.0025555555555555557	-3.4540448230918126
0.0025611111111111112	-3.503931310436493
0.0025666666666666667	-3.5535225699258244
0.0025722222222222223	-3.6028165990357226
0.002577777777777778	-3.6518114019578394
0.0025833333333333333	-3.700504989640886
0.002588888888888889	-3.6636932121083587
0.0025944444444444444	-3.4852881600401533
0.0026000000000000003	-3.3076232701223716
0.002605555555555556	-3.1589093936579093
0.0026111111111111114	-3.0952315120959093
0.002616666666666667	-3.0317809212949602
0.0026222222222222224	-2.996565044989532
0.002627777777777778	-3.1570137507654294
0.0026333333333333334	-3.3166166747128893
0.002638888888888889	-3.4753677920374155
0.0026444444444444445	-3.6332610982100966
0.00265	-3.7902906090903734
0.0026555555555555555	-3.946450361048372
0.002661111111111111	-3.909035479022516
0.002666666666666667	-3.8442526269348356
0.0026722222222222225	-3.779701489123715
0.002677777777777778	-3.6334271845743604
0.0026833333333333336	-3.4605631419294176
0.002688888888888889	-3.2885045980370133
0.0026944444444444446	-3.252790568740715
0.0027	-3.298284872988033
0.0027055555555555557	-3.343452465193785
0.002711111111111111	-3.3882914790970156
0.0027166666666666667	-3.4328000559476184
0.0027222222222222222	-3.476976344544988
0.0027277777777777778	-3.4407998989747646
0.0027333333333333333	-3.2717308723073146
0.0027388888888888892	-3.103505078638308
0.0027444444444444448	-2.962580059295372
0.0027500000000000003	-2.9014929467988457
0.002755555555555556	-2.840668719582412
0.0027611111111111113	-2.806336849734849
0.002766666666666667	-2.955185793723371
0.0027722222222222224	-3.103092491492075
0.002777777777777778	-3.2500513225182117
0.0027833333333333334	-3.3960566889172394
0.002788888888888889	-3.5411030155574372
0.0027944444444444444	-3.6851847501740376
0.0028	-3.6484435141919223
0.0028055555555555555	-3.586196960653272
0.0028111111111111114	-3.524217621108068
0.002816666666666667	-3.3861286554806065
0.0028222222222222225	-3.2234008221711665
0.002827777777777778	-3.06157762968461
0.0028333333333333335	-3.0267806140728544
0.002838888888888889	-3.0675364960972775
0.0028444444444444446	-3.1079366683698266
0.00285	-3.1479794150960476
0.0028555555555555556	-3.1876630287302943
0.002861111111111111	-3.226985810011384
0.0028666666666666667	-3.1917200209981886
0.002872222222222222	-3.033273737111104
0.0028777777777777777	-2.875767339558218
0.0028833333333333337	-2.743703701826846
0.002888888888888889	-2.6856722682073
0.0028944444444444447	-2.6279373136711777
0.0029000000000000002	-2.5947507365411653
0.0029055555555555558	-2.730867088401109
0.0029111111111111113	-2.8659519007125316
0.002916666666666667	-3.000000000000001
0.0029222222222222223	-3.133006237626628
0.002927777777777778	-3.2649654898996476
0.0029333333333333334	-3.395872658175486
0.002938888888888889	-3.3600846912279025
0.0029444444444444444	-3.3008481700962036
0.00295	-3.241912329015015
0.002955555555555556	-3.113059642718264
0.0029611111111111114	-2.9617064758135494
0.002966666666666667	-2.8113502069391907
0.0029722222222222225	-2.777735031311796
0.002977777777777778	-2.8134423142420424
0.0029833333333333335	-2.848767596876105
0.002988888888888889	-2.8837093269442584
0.0029944444444444445	-2.9182659611007646
0.003	-2.952435964956287
0.0030055555555555556	-2.9183492264485764
0.003011111111111111	-2.771731557234719
0.0030166666666666666	-2.6261432745882805
0.003022222222222222	-2.5039461024938334
0.003027777777777778	-2.4494120020014445
0.0030333333333333336	-2.3952057180109714
0.003038888888888889	-2.363417003489071
0.0030444444444444447	-2.4857648355934825
0.00305	-2.6069996854594946
0.0030555555555555557	-2.727116866032263
0.0030611111111111112	-2.846111717106798
0.0030666666666666668	-2.963979605423657
0.0030722222222222223	-3.080715924764247
0.003077777777777778	-3.0461535948890295
0.0030833333333333333	-2.990377931858085
0.003088888888888889	-2.934934126577965
0.003094444444444445	-2.81629836635803
0.0031000000000000003	-2.6774717548477396
0.003105555555555556	-2.5397267115792936
0.0031111111111111114	-2.507549207720184
0.003116666666666667	-2.5379361375725105
0.0031222222222222224	-2.5679176838372517
0.003127777777777778	-2.597492469583125
0.0031333333333333335	-2.6266591274100968
0.003138888888888889	-2.6554162994782966
0.0031444444444444445	-2.6227680321382496
0.00315	-2.4890948265905055
0.0031555555555555555	-2.356532673590059
0.003161111111111111	-2.2451319613968415
0.003166666666666667	-2.194510231464951
0.0031722222222222225	-2.1442451605719466
0.003177777777777778	-2.1140962399702183
0.0031833333333333336	-2.221744411441145
0.003188888888888889	-2.328206628450662
0.0031944444444444446	-2.4334787260358315
0.0032	-2.5375565678905336
0.0032055555555555557	-2.640436046450577
0.003211111111111111	-2.7421130829784177
0.0032166666666666667	-2.709039430375223
0.0032222222222222222	-2.657149111918963
0.0032277777777777778	-2.6056193032759802
0.0032333333333333333	-2.4981033589023625
0.0032388888888888892	-2.3728598571258877
0.0032444444444444448	-2.2487743624153644
0.0032500000000000003	-2.2182794205582153
0.003255555555555556	-2.2431147344483127
0.0032611111111111113	-2.267524366673305
0.003266666666666667	-2.291507126119629
0.0032722222222222224	-2.315061831739692
0.003277777777777778	-2.3381873125770767
0.0032833333333333334	-2.3072259894327143
0.003288888888888889	-2.1875145813593857
0.0032944444444444445	-2.068987436032488
0.0033	-1.9692310104258754
0.0033055555555555555	-1.9229069129855085
0.0033111111111111115	-1.8769656027303425
0.003316666666666667	-1.8486859275389838
0.0033222222222222225	-1.9408151707917864
0.003327777777777778	-2.0316945131897217
0.0033333333333333335	-2.121320343559641
0.003338888888888889	-2.209689080974075
0.0033444444444444446	-2.2967971748251315
0.00335	-2.3826411048979748
0.0033555555555555556	-2.3513078400335288
0.003361111111111111	-2.303697782807637
0.0033666666666666667	-2.2564741437601135
0.003372222222222222	-2.1608962764894004
0.003377777777777778	-2.050189063119356
0.0033833333333333337	-1.94070748250637
0.003388888888888889	-1.9121271875720622
0.0033944444444444447	-1.9312218737652558
0.0034000000000000002	-1.9498738199103283
0.0034055555555555558	-1.9680820297765327
0.0034111111111111113	-1.9858455176571912
0.003416666666666667	-2.003163308391045
0.0034222222222222223	-1.9741245638064495
0.003427777777777778	-1.8692860293067073
0.0034333333333333334	-1.7656959547979387
0.003438888888888889	-1.6783430224113773
0.0034444444444444444	-1.6366691118153036
0.0034500000000000004	-1.5954012033091427
0.003455555555555556	-1.5692059989320948
0.0034611111111111114	-1.6451151547964613
0.003466666666666667	-1.7197199759127157
0.0034722222222222225	-1.793017432380718
0.003477777777777778	-1.8650045259046566
0.0034833333333333335	-1.9356782898552152
0.003488888888888889	-2.0050357893312234
0.0034944444444444446	-1.9756813772706887
0.0035	-1.9327139225583927
0.0035055555555555556	-1.8901558535138858
0.003511111111111111	-1.8072434686275076
0.0035166666666666666	-1.71191509240449
0.0035222222222222226	-1.6178706468242845
0.003527777777777778	-1.591422512114523
0.0035333333333333336	-1.6046312485191951
0.003538888888888889	-1.6173835560118306
0.0035444444444444447	-1.629678640826413
0.00355	-1.6415157200990151
0.0035555555555555557	-1.6528940218850818
0.0035611111111111112	-1.6259988582406186
0.0035666666666666668	-1.5368310818652402
0.0035722222222222223	-1.4489664611910102
0.003577777777777778	-1.3746818305851047
0.0035833333333333333	-1.337975270456355
0.003588888888888889	-1.3016948374011776
0.003594444444444445	-1.2777834651608444
0.0036000000000000003	-1.3368948191254426
0.003605555555555556	-1.3946573312237052
0.0036111111111111114	-1.4510685758878572
0.003616666666666667	-1.506126160272582
0.0036222222222222224	-1.5598277243049934
0.003627777777777778	-1.612170940733951
0.0036333333333333335	-1.5850187862777863
0.003638888888888889	-1.547020942353901
0.0036444444444444445	-1.5094523359151155
0.00365	-1.4398364467259177
0.0036555555555555556	-1.3606124141538227
0.003661111111111111	-1.2827208386228663
0.003666666666666667	-1.2586061504126065
0.0036722222222222226	-1.2658284105690651
0.003677777777777778	-1.2725840266491906
0.0036833333333333336	-1.278872413392733
0.003688888888888889	-1.2846929967365939
0.0036944444444444446	-1.2900452138278713
0.0037	-1.265498319558623
0.0037055555555555557	-1.1926799219267998
0.003711111111111111	-1.1212094579045428
0.0037166666666666667	-1.0605584799724954
0.0037222222222222223	-1.029098629397677
0.0037277777777777778	-0.9980817877957545
0.0037333333333333333	-0.9766362276729639
0.0037388888888888893	-1.0184999066417197
0.0037444444444444448	-1.0589805021269614
0.0037500000000000003	-1.0980762113533202
0.003755555555555556	-1.1357852651369926
0.0037611111111111113	-1.1721059279230794
0.003766666666666667	-1.207036497822264
0.0037722222222222224	-1.1822932452608
0.003777777777777778	-1.1495541986613158
0.0037833333333333334	-1.1172609746077913
0.003788888888888889	-1.0614714000677226
0.0037944444444444445	-0.9989546538712069
0.0038	-0.9378087503115023
0.003805555555555556	-0.9162110359388785
0.0038111111111111115	-0.9173918540864127
0.003816666666666667	-0.9180993644365038
0.0038222222222222225	-0.9183331946888618
0.003827777777777778	-0.9180929839501673
0.0038333333333333336	-0.9173783827428372
0.003838888888888889	-0.8953665745360085
0.0038444444444444446	-0.8394517476226697
0.00385	-0.7849193736386477
0.0038555555555555556	-0.7383636389445764
0.003861111111111111	-0.7123899263825407
0.0038666666666666667	-0.6868727331269419
0.003872222222222222	-0.6680561987834212
0.003877777777777778	-0.6923535948813956
0.0038833333333333337	-0.7152441919791217
0.003888888888888889	-0.7367268238138402
0.0038944444444444447	-0.7568003583278174
0.0039000000000000003	-0.7754636976927617
0.0039055555555555558	-0.7927157783335855
0.003911111111111112	-0.7705697387591938
0.003916666666666667	-0.7433386533971098
0.003922222222222223	-0.7165665826630756
0.003927777777777778	-0.6750279151210581
0.003933333333333334	-0.6296942454873171
0.003938888888888889	-0.5857593711458592
0.003944444444444445	-0.5668430022583064
0.00395	-0.5619733916578161
0.003955555555555556	-0.5566274116969038
0.003961111111111111	-0.5508049058686648
0.003966666666666667	-0.5445057291961752
0.0039722222222222225	-0.5377297482369175
0.003977777777777778	-0.5184205492440559
0.0039833333333333335	-0.47983483864430765
0.003988888888888889	-0.44265557899208663
0.0039944444444444446	-0.41054940478813445
0.004	-0.390259505874835
0.004005555555555556	-0.3704361622139405
0.004011111111111111	-0.35439185883777485
0.004016666666666667	-0.3609380542094917
0.004022222222222222	-0.36606444165406976
0.004027777777777778	-0.3697705002973165
0.004033333333333333	-0.3720557438232155
0.004038888888888889	-0.3729197204852178
0.004044444444444444	-0.372362013116913
0.00405	-0.35298173126291116
0.004055555555555556	-0.3314658521404063
0.004061111111111112	-0.310418686349567
0.004066666666666667	-0.2834470601473278
0.004072222222222223	-0.25564148367549183
0.004077777777777778	-0.229252009474622
0.004083333333333334	-0.21316095106138588
0.004088888888888889	-0.2022779723898882
0.004094444444444445	-0.19091918825346982
0.0041	-0.17908465912970803
0.004105555555555556	-0.16677445706145574
0.004111111111111111	-0.15398866565681574
0.004116666666666667	-0.1375290305414699
0.004122222222222222	-0.11656609681166465
0.004127777777777778	-0.09702290810664943
0.0041333333333333335	-0.07961064176474651
0.004138888888888889	-0.0651589748822861
0.0041444444444444445	-0.051180348431020796
0.00415	-0.03803038285871492
0.0041555555555555556	-0.026775557004701078
0.004161111111111111	-0.014098719892277222
0.004166666666666667	-7.79360450611944E-16
0.004172222222222222	0.015520439545278304
0.004177777777777778	0.03246240097029947
0.004183333333333333	0.05082565185790687
0.004188888888888889	0.06729268034448851
0.004194444444444444	0.08292960439563514
0.004200000000000001	0.09809168360298941
0.004205555555555556	0.11029099810413807
0.004211111111111112	0.1203568641876521
0.004216666666666667	0.1290000984148652
0.004222222222222223	0.14214338368321308
0.004227777777777778	0.15895690438670232
0.004233333333333334	0.17624204549273081
0.004238888888888889	0.19399852999949568
0.004244444444444445	0.2122260693926719
0.00425	0.23092436364983301
0.004255555555555556	0.24440916712583582
0.004261111111111111	0.2475897834022466
0.004266666666666667	0.24934816569351304
0.004272222222222222	0.251934006312691
0.004277777777777778	0.26043745525317846
0.0042833333333333334	0.26846497870699826
0.004288888888888889	0.27862052729726966
0.0042944444444444445	0.3075907183564204
0.0043	0.3379743016409354
0.0043055555555555555	0.36977050029731495
0.004311111111111111	0.4029785029973349
0.004316666666666667	0.4375974639530992
0.004322222222222222	0.47362650293272046
0.004327777777777778	0.48705495402203103
0.004333333333333333	0.4966939165679661
0.0043388888888888895	0.5058555166139491
0.004344444444444445	0.5031896752645061
0.004350000000000001	0.4954392236408664
0.004355555555555556	0.48627043766302624
0.004361111111111112	0.49636592144946473
0.004366666666666667	0.5189820231401072
0.004372222222222223	0.5420619708548788
0.004377777777777778	0.5656052731758882
0.004383333333333334	0.589611427313117
0.004388888888888889	0.6140799191131635
0.004394444444444445	0.6244872634530239
0.0044	0.6098613558656681
0.004405555555555556	0.5938215493922089
0.004411111111111111	0.58156128448018
0.004416666666666667	0.5840517990977313
0.004422222222222222	0.5860671252534742
0.004427777777777778	0.5931509670048479
0.004433333333333333	0.6396160426224957
0.004438888888888889	0.6874751346641976
0.0044444444444444444	0.7367268238138356
0.00445	0.7873696567165089
0.0044555555555555555	0.8394021460066429
0.004461111111111111	0.8928227703367188
0.0044666666666666665	0.9031104454076451
0.004472222222222222	0.9066780881232336
0.004477777777777778	0.9097694836995657
0.004483333333333334	0.8922587751618817
0.0044888888888888895	0.8667509914477878
0.004494444444444445	0.8398399652624534
0.0045000000000000005	0.8468108148395458
0.004505555555555556	0.8750573753275025
0.004511111111111112	0.9037564773128506
0.004516666666666667	0.9329074187016106
0.004522222222222223	0.9625094862545956
0.004527777777777778	0.9925619556004498
0.004533333333333334	0.9998126346296152
0.004538888888888889	0.9674915151666013
0.004544444444444445	0.9337755925407831
0.00455	0.9067625301164655
0.004555555555555556	0.9032211560910308
0.004561111111111111	0.8992089470997606
0.004566666666666667	0.9031671696991775
0.004572222222222222	0.966773502593488
0.004577777777777778	1.0317438668038295
0.004583333333333333	1.098076211353314
0.004588888888888889	1.165768451921273
0.004594444444444444	1.2348184708842065
0.0046	1.3052241173573222
0.0046055555555555554	1.3122927209907103
0.004611111111111111	1.3097618919606806
0.0046166666666666665	1.3067595556803944
0.004622222222222222	1.2745372470196945
0.004627777777777778	1.2314662608512357
0.004633333333333334	1.1870178036169958
0.0046388888888888894	1.1908109666103472
0.004644444444444445	1.2244730125145695
0.0046500000000000005	1.2585728512753906
0.004655555555555556	1.293109575466113
0.0046611111111111115	1.328082266826559
0.004666666666666667	1.3634899962803215
0.004672222222222223	1.3675288279533004
0.004677777777777778	1.317758479849765
0.004683333333333334	1.266623039600997
0.004688888888888889	1.2250627653803803
0.004694444444444445	1.2155164547066362
0.0047	1.205507245901412
0.004705555555555556	1.2063097248848462
0.004711111111111111	1.2865732324559427
0.004716666666666667	1.3681604051331044
0.004722222222222222	1.4510685758878492
0.004727777777777778	1.5352950452966792
0.004733333333333333	1.620837081594559
0.004738888888888889	1.7076919207289665
0.004744444444444444	1.7114876565830301
0.00475	1.7028776169444535
0.004755555555555555	1.6938043983995024
0.004761111111111111	1.6471157208410567
0.004766666666666667	1.586809328429951
0.004772222222222223	1.5251617197450673
0.004777777777777778	1.5257483278939268
0.004783333333333334	1.5645696707193775
0.004788888888888889	1.6038107258926593
0.004794444444444445	1.643470387560409
0.0048000000000000004	1.6835475394299741
0.004805555555555556	1.724041054790731
0.0048111111111111115	1.7248373011597784
0.004816666666666667	1.6579965068169502
0.0048222222222222225	1.5898307205219457
0.004827777777777778	1.5340395332866315
0.004833333333333334	1.5185609391530186
0.004838888888888889	1.5026309066565766
0.004844444444444445	1.5002715346744144
0.00485	1.5965813631652497
0.004855555555555556	1.6941644166614769
0.004861111111111111	1.7930174323807166
0.004866666666666667	1.893137116340887
0.004872222222222222	1.9945201434257889
0.004877777777777778	2.097163157451293
0.004883333333333333	2.0976571376842474
0.004888888888888889	2.083033415037656
0.004894444444444444	2.0679583668997314
0.0049	2.0071586494711546
0.004905555555555555	1.930075818877654
0.004911111111111112	1.8516982342680528
0.004916666666666667	1.849073823130201
0.004922222222222223	1.8927590090170143
0.004927777777777778	1.9368426324784918
0.004933333333333334	1.9813233976508182
0.004938888888888889	2.02619999870453
0.004944444444444445	2.0714711198697318
0.00495	2.069018721019193
0.004955555555555556	1.9856161792415925
0.0049611111111111115	1.9009388296936696
0.004966666666666667	1.8313413340661724
0.0049722222222222225	1.8100482579202817
0.004977777777777778	1.7883186388987367
0.0049833333333333335	1.78281537219639
0.004988888888888889	1.8944385456586845
0.004994444444444445	2.007274814014612
0.005	2.12132034355964
0.005005555555555556	2.2365712708222927
0.005011111111111111	2.3530237026413587
0.005016666666666667	2.4706737162436747
0.005022222222222222	2.467862181367678
0.005027777777777778	2.447336071072462
0.005033333333333333	2.4263739235604525
0.005038888888888889	2.3519258888232475
0.005044444444444444	2.258653266932046
0.005050000000000001	2.164142207142299
0.005055555555555556	2.1583267500711543
0.005061111111111112	2.2065433083768946
0.005066666666666667	2.255133997133606
0.005072222222222223	2.304097340329328
0.005077777777777778	2.353431852535934
0.005083333333333334	2.403136038938064
0.005088888888888889	2.3974536591039937
0.005094444444444445	2.298124113594377
0.0051	2.1975796465531943
0.005105555555555556	2.114705521499339
0.005111111111111111	2.0877600165077514
0.005116666666666667	2.06039618648256
0.0051222222222222225	2.0517909082425967
0.005127777777777778	2.1778779069263874
0.0051333333333333335	2.3051086380074253
0.005138888888888889	2.4334787260358333
0.0051444444444444445	2.5629837674540834
0.00515	2.693619330685273
0.005155555555555556	2.8253809562218652
0.005161111111111111	2.8192853037149734
0.005166666666666667	2.7930130218644837
0.005172222222222222	2.766323309578246
0.005177777777777778	2.6787935520297164
0.005183333333333333	2.5700409998129543
0.005188888888888889	2.4601157510754152
0.005194444444444445	2.451153507210742
0.005200000000000001	2.5035344808127498
0.005205555555555556	2.5562624303833963
0.005211111111111112	2.6093357109959188
0.005216666666666667	2.662752668928534
0.005222222222222223	2.7165116416968673
0.005227777777777778	2.7076425272209104
0.005233333333333334	2.5931419357974295
0.005238888888888889	2.4774955553675757
0.005244444444444445	2.38197552301979
0.00525	2.3495826607456327
0.005255555555555556	2.3167928749860183
0.005261111111111111	2.305151076571854
0.005266666666666667	2.4447423022837462
0.005272222222222222	2.5853991934023544
0.005277777777777778	2.727116866032262
0.0052833333333333335	2.869890410043638
0.005288888888888889	3.0137148891708487
0.0052944444444444445	3.1585853411115403
0.0053	3.1492519625699797
0.0053055555555555555	3.117433457092745
0.005311111111111111	3.0852193048584655
0.005316666666666667	2.9852739788054685
0.005322222222222222	2.861869168852104
0.005327777777777778	2.7373663286843266
0.005333333333333334	2.725325506113503
0.0053388888888888895	2.7814722441741693
0.005344444444444445	2.8379361630245126
0.005350000000000001	2.894715461341851
0.005355555555555556	2.9518083296965685
0.005361111111111112	3.009212950587778
0.005366666666666667	2.997224600786418
0.005372222222222223	2.8684243820871287
0.005377777777777778	2.7385562270528925
0.005383333333333334	2.6311172525339157
0.005388888888888889	2.5935235622184396
0.005394444444444445	2.5555573707930477
0.0054	2.540967653320124
0.005405555555555556	2.6930007325449634
0.005411111111111111	2.846013299828774
0.005416666666666667	2.9999999999999996
0.005422222222222222	3.154955453725555
0.005427777777777778	3.3108742576190306
0.005433333333333333	3.467750984349384
0.005438888888888889	3.4552509124195105
0.0054444444444444445	3.418128341354743
0.00545	3.380634918322362
0.0054555555555555555	3.2690346680447995
0.005461111111111111	3.131916785472437
0.0054666666666666665	2.9937838956649707
0.005472222222222222	2.9787561323181975
0.0054777777777777785	3.038241324258564
0.005483333333333334	3.0980114878723057
0.0054888888888888895	3.1580646791499882
0.005494444444444445	3.218398946725013
0.0055000000000000005	3.2790123319122575
0.005505555555555556	3.263995985366249
0.005511111111111112	3.1218763868271693
0.005516666666666667	2.978774832264877
0.005522222222222223	2.860234591044225
0.005527777777777778	2.8177261833704215
0.005533333333333334	2.774872531920612
0.005538888888888889	2.75744593194841
0.005544444444444445	2.920763801153215
0.00555	3.0849675265736805
0.005555555555555556	3.250051322518213
0.005561111111111111	3.4160093813904298
0.005566666666666667	3.582835873806197
0.005572222222222222	3.750524948711035
0.005577777777777778	3.734953316487985
0.005583333333333333	3.69280920501671
0.005588888888888889	3.6503218587746518
0.005594444444444444	3.527916029563211
0.0056	3.378128624252264
0.0056055555555555555	3.227416959503466
0.005611111111111111	3.2095166257338303
0.0056166666666666665	3.271887553325071
0.005622222222222223	3.3345090746669097
0.005627777777777778	3.3973791178582067
0.005633333333333334	3.460495604446462
0.0056388888888888895	3.523856449469106
0.005644444444444445	3.5059263896427786
0.0056500000000000005	3.351569027222954
0.005655555555555556	3.196323162369905
0.0056611111111111116	3.0675838172598215
0.005666666666666667	3.0204842068773674
0.005672222222222223	2.9730692375664156
0.005677777777777778	2.952938382043193
0.005683333333333334	3.1262980936292863
0.005688888888888889	3.30044328768704
0.005694444444444445	3.4753677920374164
0.0057	3.651065415020064
0.005705555555555556	3.827529945618248
0.005711111111111111	4.004755153584145
0.005716666666666667	3.9862304705915146
0.005722222222222222	3.939385560849337
0.005727777777777778	3.892227645757065
0.005733333333333333	3.7599478198827025
0.005738888888888889	3.5986308644316987
0.005744444444444444	3.436487431512496
0.00575	3.4158507596685053
0.005755555555555555	3.4806327424910632
0.005761111111111112	3.5456290339716694
0.005766666666666667	3.610837450085923
0.005772222222222223	3.676255801113698
0.005777777777777778	3.7418818916827967
0.005783333333333334	3.721174577157863
0.005788888888888889	3.5557542035888625
0.005794444444444445	3.389545543216605
0.0058000000000000005	3.25158687836832
0.005805555555555556	3.200254521751747
0.0058111111111111115	3.1486390911260504
0.005816666666666667	3.1259571880176837
0.0058222222222222226	3.3080393699024375
0.005827777777777778	3.490800682518959
0.005833333333333334	3.674234614174768
0.005838888888888889	3.8583346362678226
0.005844444444444445	4.0430942034183746
0.00585	4.228506753601175
0.005855555555555556	4.207170003862075
0.005861111111111111	4.155980813897863
0.005866666666666667	4.10451123016396
0.005872222222222222	3.9633641369743207
0.005877777777777778	3.791745350820085
0.005883333333333333	3.6194041591598722
0.005888888888888889	3.596188206775022
0.005894444444444444	3.6628882148231874
0.0059	3.7297646154185493
0.005905555555555556	3.796815129035222
0.005911111111111112	3.864037471350515
0.005916666666666667	3.9314293532907185
0.005922222222222223	3.9081023792341623
0.005927777777777778	3.73287794344237
0.005933333333333334	3.5569714358158704
0.005938888888888889	3.410843399970598
0.005944444444444445	3.3556689673490836
0.00595	3.300245900001954
0.005955555555555556	3.275185572286802
0.0059611111111111115	3.464604469121848
0.005966666666666667	3.654590976353825
0.0059722222222222225	3.8451382923347324
0.005977777777777778	4.036239601207433
0.0059833333333333336	4.22788807304346
0.005988888888888889	4.420076863981114
0.005994444444444445	4.396090433044541
0.006	4.340946543502803
0.006005555555555556	4.2855570057376635
0.006011111111111111	4.136616859838867
0.006016666666666667	3.956002365570288
0.006022222222222222	3.7747750357000585
0.006027777777777778	3.7491564901901717
0.006033333333333333	3.817266896128133
0.006038888888888889	3.8855144360486547
0.006044444444444444	3.9538967522728936
0.006050000000000001	4.022411483260739
0.006055555555555556	4.091056263658151
0.006061111111111112	4.0652871624277545
0.006066666666666667	3.881592228172953
0.006072222222222223	3.6973266280305017
0.006077777777777778	3.544141343775545
0.006083333333333334	3.485544745896572
0.006088888888888889	3.426735844835884
0.006094444444444445	3.3994878167396987
0.0061	3.5948018363458667
0.006105555555555556	3.7905676261562737
0.006111111111111111	3.986778146332049
0.006116666666666667	4.18342634563375
0.0061222222222222225	4.380505161564104
0.006127777777777778	4.578007520510775
0.0061333333333333335	4.55155395959956
0.006138888888888889	4.492875048776498
0.0061444444444444446	4.433987104807633
0.00615	4.27838743064249
0.006155555555555556	4.090151813618964
0.006161111111111111	3.9014175949470826
0.006166666666666667	3.8735914289123916
0.006172222222222222	3.942593871424772
0.006177777777777778	4.011693145682668
0.006183333333333333	4.080886833797648
0.00618888888888889	4.150172514984889
0.006194444444444445	4.219547765611835
0.006200000000000001	4.19153265562777
0.006205555555555556	4.000765252277671
0.006211111111111112	3.809542932098964
0.006216666666666667	3.650466231943308
0.006222222222222223	3.588893424298328
0.006227777777777778	3.527146260770937
0.006233333333333334	3.4979179062403416
0.006238888888888889	3.697640590994597
0.006244444444444445	3.8976957675163626
0.00625	4.098076211353317
0.006255555555555556	4.298774689547903
0.006261111111111111	4.499783960783875
0.006266666666666667	4.7010967755328315
0.0062722222222222224	4.672377412218606
0.006277777777777778	4.6106100620568755
0.0062833333333333335	4.548671884695404
0.006288888888888889	4.387596889737961
0.0062944444444444445	4.193172736664809
0.0063	3.9983680105562085
0.006305555555555556	3.9685459979221345
0.006311111111111111	4.037915326756601
0.006316666666666667	4.1073404481514855
0.006322222222222222	4.176818902410362
0.006327777777777778	4.2463482279273235
0.006333333333333334	4.315925961236622
0.0063388888888888896	4.285878054401843
0.006344444444444445	4.08949003708445
0.006350000000000001	3.89276631418924
0.006355555555555556	3.729008867874206
0.006361111111111112	3.664928456708075
0.006366666666666667	3.6007129639123816
0.006372222222222223	3.5697267283739165
0.006377777777777778	3.772338068049426
0.006383333333333334	3.9751600905926003
0.006388888888888889	4.178185441920114
0.006394444444444445	4.38140676240347
0.0064	4.584816687018242
0.006405555555555556	4.788407845493238
0.006411111111111111	4.757641251472049
0.006416666666666667	4.693255548802529
0.006422222222222222	4.628738524977462
0.006427777777777778	4.463414087199088
0.0064333333333333334	4.264281083277713
0.006438888888888889	4.064888431324387
0.0064444444444444445	4.0332975356141
0.00645	4.102505808291877
0.0064555555555555555	4.1717284097299006
0.006461111111111111	4.240962857143535
0.006466666666666667	4.310206666840069
0.006472222222222223	4.379457354269041
0.0064777777777777785	4.347605333297993
0.006483333333333334	4.147091333407417
0.0064888888888888895	3.9463633941119696
0.006494444444444445	3.7791714946834634
0.006500000000000001	3.7130711706179675
0.006505555555555556	3.646876067228522
0.006511111111111112	3.6143677746446343
0.006516666666666667	3.818325774606396
0.006522222222222223	4.0223710451121395
0.006527777777777778	4.226496158416553
0.006533333333333334	4.430693684231412
0.006538888888888889	4.634956189876393
0.006544444444444445	4.839276240429734
0.00655	4.8066965680594596
0.006555555555555556	4.740182526956615
0.006561111111111111	4.673577670175706
0.006566666666666667	4.505262008373519
0.006572222222222222	4.302935676003556
0.006577777777777778	4.100472596683446
0.006583333333333333	4.067353243688404
0.006588888888888889	4.135873743465315
0.0065944444444444444	4.2043669991517865
0.0066	4.272830523770449
0.0066055555555555555	4.341261830444219
0.006611111111111111	4.40965843244681
0.006616666666666667	4.376244710451871
0.006622222222222223	4.173130760600943
0.0066277777777777784	3.96992626572614
0.006633333333333334	3.8005723444920427
0.0066388888888888895	3.7329551709057855
0.006644444444444445	3.6652842416290774
0.0066500000000000005	3.631501299735375
0.006655555555555556	3.8352537164504716
0.006661111111111112	4.0389693272043345
0.006666666666666667	4.242640687119286
0.006672222222222223	4.446260351796395
0.006677777777777778	4.649820877466518
0.006683333333333334	4.853314821141675
0.006688888888888889	4.819170021401195
0.006694444444444445	4.751033853880095
0.0067	4.68284806732056
0.006705555555555556	4.51282216531265
0.006711111111111111	4.308842330051414
0.006716666666666667	4.104849689648694
0.006722222222222222	4.0704539376432045
0.006727777777777778	4.1377651821421395
0.006733333333333333	4.205007817043924
0.006738888888888889	4.272179370105858
0.006744444444444444	4.339277370193126
0.00675	4.40629934732911
0.006755555555555556	4.371578222910407
0.006761111111111112	4.167410142901049
0.006766666666666667	3.9632756013511155
0.006772222222222223	3.793048543910712
0.006777777777777778	3.72442912832305
0.006783333333333334	3.655797389791701
0.0067888888888888894	3.6209969071746926
0.006794444444444445	3.82299306172285
0.0068000000000000005	4.024828613920145
0.006805555555555556	4.226496158416553
0.0068111111111111115	4.427988293358769
0.006816666666666667	4.629297620540515
0.006822222222222223	4.830416745553114
0.006827777777777778	4.794966680985649
0.006833333333333334	4.725726944422871
0.006838888888888889	4.656479163092133
0.006844444444444445	4.486037020657225
0.00685	4.281956092217448
0.006855555555555556	4.077986397899708
0.006861111111111111	4.042576019325253
0.006866666666666667	4.108165729331934
0.006872222222222222	4.173645986395216
0.006877777777777778	4.2390143518223296
0.006883333333333333	4.30426838902755
0.006888888888888889	4.369405663581947
0.006894444444444444	4.33364138546153
0.006900000000000001	4.129973017662634
0.006905555555555556	3.9264620165585704
0.006911111111111112	3.75665735360489
0.006916666666666667	3.687557931201983
0.006922222222222223	3.618487712387192
0.006927777777777778	3.5829345417326994
0.006933333333333334	3.7816371214091933
0.006938888888888889	3.980056524626062
0.006944444444444445	4.178185441920115
0.0069500000000000004	4.37601657031625
0.006955555555555556	4.573542613475869
0.0069611111111111115	4.770756281845519
0.006966666666666667	4.734270748847761
0.0069722222222222225	4.664454399446646
0.006977777777777778	4.594671640773582
0.006983333333333334	4.425110425531388
0.006988888888888889	4.222481583005929
0.006994444444444445	4.020087167307194
0.007	3.9839316565260976
0.007005555555555556	4.047300654743222
0.007011111111111111	4.110520189673703
0.007016666666666667	4.173587874734586
0.007022222222222222	4.236501326433164
0.007027777777777778	4.299258164415651
0.007033333333333333	4.262722920345043
0.007038888888888889	4.061104304013954
0.007044444444444445	3.8597656849574284
0.007050000000000001	3.6916757325064067
0.007055555555555556	3.6226221916161125
0.007061111111111112	3.5536391585887976
0.007066666666666667	3.5176038809930934
0.007072222222222223	3.7115006391866876
0.007077777777777778	3.9049938019557366
0.007083333333333334	4.098076211353352
0.007088888888888889	4.290740718862576
0.007094444444444445	4.482980185542138
0.0071	4.674787482171675
0.007105555555555556	4.637544157680305
0.0071111111111111115	4.567682540016058
0.007116666666666667	4.4978958929301545
0.0071222222222222225	4.330506068112527
0.007127777777777778	4.130871439343645
0.0071333333333333335	3.9315926459764743
0.007138888888888889	3.8949671682570735
0.007144444444444445	3.9556331783449634
0.00715	4.0161108523088105
0.007155555555555556	4.076397873838851
0.007161111111111111	4.136491930675179
0.007166666666666667	4.196390714655097
0.007172222222222222	4.159362559902257
0.007177777777777778	3.961328134449866
0.007183333333333334	3.763694205903518
0.00718888888888889	3.598598229988797
0.007194444444444445	3.5301161097529583
0.007200000000000001	3.461745265047553
0.007205555555555556	3.4255021307318354
0.007211111111111112	3.6131173960346126
0.007216666666666667	3.8002117185528044
0.007222222222222223	3.9867781463320844
0.007227777777777778	4.172809739718274
0.007233333333333334	4.358299571498986
0.007238888888888889	4.543240727044649
0.007244444444444445	4.50552305524718
0.00725	4.436147858413824
0.007255555555555556	4.366888441437734
0.007261111111111111	4.202943944684273
0.007266666666666667	4.007822869739586
0.0072722222222222225	3.8131763306493274
0.007277777777777778	3.7763596279921328
0.0072833333333333335	3.833860944982883
0.007288888888888889	3.8911364863638136
0.0072944444444444445	3.9481840237268697
0.0073	4.00500133364264
0.007305555555555556	4.061586197706025
0.007311111111111111	4.0243469388868345
0.007316666666666667	3.831403865867291
0.007322222222222222	3.6389787413620227
0.0073277777777777785	3.478133222047952
0.007333333333333334	3.4107437127521987
0.00733888888888889	3.343505399780356
0.007344444444444445	3.30733024088097
0.007350000000000001	3.487236147838781
0.007355555555555556	3.6665077293411117
0.007361111111111112	3.845138292334763
0.007366666666666667	4.023121158843308
0.007372222222222223	4.200449666103495
0.007377777777777778	4.377117166701057
0.007383333333333334	4.339212201854421
0.007388888888888889	4.270851412989748
0.007394444444444445	4.202646332106638
0.0074	4.043394880030034
0.007405555555555556	3.8542723481071937
0.007411111111111111	3.665739440987116
0.007416666666666667	3.6290117107298876
0.007422222222222222	3.682910714880962
0.007427777777777778	3.7365482222251396
0.0074333333333333335	3.7899221092156328
0.007438888888888889	3.8430302581751556
0.0074444444444444445	3.8958705573396126
0.00745	3.8587036076993635
0.0074555555555555555	3.672320300400559
0.007461111111111111	3.4865684513232864
0.007466666666666667	3.3311975201330735
0.007472222222222223	3.2654134966340336
0.0074777777777777785	3.1998194395570714
0.007483333333333334	3.1639875708764005
0.0074888888888888895	3.334814926907141
0.007494444444444445	3.5048994024112683
0.007500000000000001	3.6742346141747975
0.007505555555555556	3.8428141967225717
0.007511111111111112	4.010631802448103
0.007516666666666667	4.177681101743263
0.007522222222222223	4.139877323517586
0.007527777777777778	4.073051209502229
0.007533333333333334	4.006419546560973
0.007538888888888889	3.8530731388701844
0.007544444444444445	3.671388486632433
0.00755	3.490404060745003
0.007555555555555556	3.4540448230918055
0.007561111111111111	3.503931310436496
0.007566666666666667	3.553522569925829
0.007572222222222222	3.602816599035728
0.007577777777777778	3.651811401957845
0.007583333333333333	3.7005049896408866
0.007588888888888889	3.6636932121083596
0.0075944444444444445	3.485288160040156
0.0076	3.3076232701223853
0.0076055555555555555	3.1589093936579142
0.007611111111111112	3.0952315120959057
0.007616666666666667	3.031780921294955
0.007622222222222223	2.996565044989532
0.0076277777777777785	3.1570137507654294
0.007633333333333334	3.3166166747129164
0.0076388888888888895	3.475367792037444
0.007644444444444445	3.6332610982101237
0.0076500000000000005	3.7902906090903863
0.007655555555555556	3.9464503610483854
0.007661111111111112	3.909035479022511
0.007666666666666667	3.844252626934836
0.007672222222222223	3.7797014891237164
0.007677777777777778	3.6334271845743613
0.007683333333333334	3.460563141929416
0.007688888888888889	3.288504598037026
0.007694444444444445	3.2527905687407084
0.0077	3.2982848729880363
0.007705555555555556	3.3434524651937902
0.007711111111111111	3.388291479097021
0.007716666666666667	3.432800055947623
0.007722222222222222	3.4769763445449886
0.007727777777777778	3.440799898974766
0.007733333333333333	3.271730872307313
0.007738888888888889	3.1035050786383205
0.007744444444444444	2.9625800592953757
0.00775	2.901492946798851
0.007755555555555556	2.8406687195824127
0.007761111111111112	2.8063368497348495
0.007766666666666667	2.955185793723372
0.007772222222222223	3.1030924914921005
0.007777777777777778	3.2500513225182375
0.007783333333333334	3.3960566889172643
0.0077888888888888895	3.541103015557449
0.007794444444444445	3.68518475017405
0.0078000000000000005	3.6484435141919174
0.007805555555555556	3.586196960653269
0.0078111111111111116	3.52421762110807
0.007816666666666666	3.386128655480637
0.007822222222222223	3.223400822171138
0.007827777777777779	3.061577629684595
0.007833333333333335	3.026780614072858
0.00783888888888889	3.0675364960972806
0.007844444444444446	3.107936668369841
0.007850000000000001	3.1479794150960614
0.007855555555555557	3.1876630287302983
0.007861111111111112	3.2269858100113895
0.007866666666666668	3.1917200209981598
0.007872222222222223	3.0332737371110747
0.007877777777777779	2.8757673395581898
0.007883333333333334	2.743703701826842
0.00788888888888889	2.6856722682072967
0.007894444444444445	2.627937313671178
0.0079	2.5947507365411653
0.007905555555555556	2.7308670884011317
0.007911111111111112	2.8659519007125556
0.007916666666666667	3.0000000000000244
0.007922222222222223	3.1330062376266508
0.007927777777777778	3.2649654898996596
0.007933333333333334	3.3958726581754988
0.00793888888888889	3.3600846912278977
0.007944444444444445	3.300848170096201
0.00795	3.241912329015011
0.007955555555555556	3.1130596427182615
0.007961111111111112	2.9617064758135596
0.007966666666666667	2.8113502069392013
0.007972222222222223	2.7777350313117997
0.007977777777777778	2.8134423142420464
0.007983333333333334	2.8487675968761104
0.007988888888888889	2.8837093269442633
0.007994444444444445	2.9182659611007664
0.008	2.952435964956291
0.008005555555555556	2.918349226448574
0.008011111111111111	2.7717315572347165
0.008016666666666667	2.626143274588278
0.008022222222222222	2.5039461024938325
0.008027777777777778	2.449412002001449
0.008033333333333333	2.3952057180109794
0.008038888888888889	2.3634170034890714
0.008044444444444444	2.485764835593485
0.00805	2.6069996854594972
0.008055555555555555	2.7271168660322607
0.008061111111111111	2.846111717106786
0.008066666666666666	2.963979605423647
0.008072222222222222	3.0807159247642355
0.008077777777777777	3.0461535948890344
0.008083333333333333	2.99037793185809
0.008088888888888889	2.934934126577969
0.008094444444444444	2.8162983663580556
0.0081	2.677471754847754
0.008105555555555555	2.5397267115793056
0.008111111111111112	2.507549207720189
0.008116666666666668	2.537936137572521
0.008122222222222223	2.567917683837263
0.008127777777777779	2.59749246958313
0.008133333333333334	2.626659127410098
0.00813888888888889	2.6554162994783015
0.008144444444444445	2.622768032138225
0.008150000000000001	2.4890948265904806
0.008155555555555557	2.356532673590038
0.008161111111111112	2.245131961396835
0.008166666666666668	2.1945102314649514
0.008172222222222223	2.144245160571947
0.008177777777777779	2.114096239970216
0.008183333333333334	2.221744411441164
0.00818888888888889	2.3282066284506806
0.008194444444444445	2.433478726035853
0.0082	2.537556567890544
0.008205555555555556	2.640436046450588
0.008211111111111112	2.742113082978429
0.008216666666666667	2.70903943037522
0.008222222222222223	2.6571491119189607
0.008227777777777778	2.60561930327597
0.008233333333333334	2.4981033589023602
0.00823888888888889	2.372859857125898
0.008244444444444445	2.2487743624153556
0.00825	2.2182794205582193
0.008255555555555556	2.243114734448316
0.008261111111111111	2.2675243666733094
0.008266666666666667	2.291507126119633
0.008272222222222222	2.3150618317396923
0.008277777777777778	2.3381873125770736
0.008283333333333334	2.3072259894327107
0.008288888888888889	2.187514581359386
0.008294444444444445	2.0689874360324882
0.0083	1.969231010425879
0.008305555555555556	1.9229069129855119
0.008311111111111111	1.8769656027303427
0.008316666666666667	1.8486859275389869
0.008322222222222222	1.9408151707917898
0.008327777777777778	2.031694513189719
0.008333333333333333	2.1213203435596415
0.008338888888888889	2.209689080974066
0.008344444444444444	2.2967971748251235
0.00835	2.382641104897966
0.008355555555555555	2.3513078400335328
0.00836111111111111	2.303697782807641
0.008366666666666666	2.256474143760116
0.008372222222222222	2.1608962764894217
0.008377777777777777	2.050189063119365
0.008383333333333333	1.9407074825063793
0.008388888888888888	1.9121271875720596
0.008394444444444446	1.9312218737652576
0.008400000000000001	1.9498738199103303
0.008405555555555557	1.9680820297765316
0.008411111111111112	1.9858455176571939
0.008416666666666668	2.0031633083910476
0.008422222222222223	1.9741245638064333
0.008427777777777779	1.8692860293066913
0.008433333333333334	1.765695954797923
0.00843888888888889	1.6783430224113753
0.008444444444444445	1.6366691118153016
0.008450000000000001	1.5954012033091374
0.008455555555555556	1.5692059989321079
0.008461111111111112	1.6451151547964744
0.008466666666666667	1.7197199759127317
0.008472222222222223	1.793017432380734
0.008477777777777779	1.8650045259046641
0.008483333333333334	1.9356782898552234
0.00848888888888889	2.0050357893312314
0.008494444444444445	1.9756813772706865
0.0085	1.9327139225583836
0.008505555555555556	1.890155853513883
0.008511111111111112	1.8072434686275045
0.008516666666666667	1.7119150924044904
0.008522222222222223	1.617870646824278
0.008527777777777778	1.591422512114526
0.008533333333333334	1.6046312485191976
0.00853888888888889	1.6173835560118335
0.008544444444444445	1.6296786408264134
0.00855	1.641515720099012
0.008555555555555556	1.6528940218850787
0.008561111111111111	1.625998858240619
0.008566666666666667	1.5368310818652406
0.008572222222222222	1.4489664611910107
0.008577777777777778	1.3746818305851074
0.008583333333333333	1.3379752704563534
0.008588888888888889	1.3016948374011759
0.008594444444444444	1.277783465160848
0.0086	1.336894819125443
0.008605555555555556	1.3946573312237056
0.008611111111111111	1.4510685758878514
0.008616666666666667	1.506126160272576
0.008622222222222222	1.5598277243049883
0.008627777777777778	1.6121709407339457
0.008633333333333333	1.585018786277789
0.008638888888888889	1.5470209423539079
0.008644444444444444	1.5094523359151237
0.00865	1.4398364467259142
0.008655555555555555	1.3606124141538232
0.00866111111111111	1.282720838622867
0.008666666666666666	1.2586061504126052
0.008672222222222222	1.2658284105690636
0.008677777777777779	1.2725840266491895
0.008683333333333335	1.2788724133927332
0.00868888888888889	1.2846929967365945
0.008694444444444446	1.2900452138278753
0.008700000000000001	1.2654983195586127
0.008705555555555557	1.1926799219267896
0.008711111111111112	1.1212094579045382
0.008716666666666668	1.0605584799724874
0.008722222222222223	1.0290986293976696
0.008727777777777779	0.998081787795744
0.008733333333333334	0.9766362276729758
0.00873888888888889	1.0184999066417302
0.008744444444444445	1.0589805021269714
0.00875	1.0980762113533256
0.008755555555555556	1.1357852651369977
0.008761111111111112	1.172105927923085
0.008766666666666667	1.207036497822261
0.008772222222222223	1.1822932452607904
0.008777777777777778	1.1495541986613111
0.008783333333333334	1.1172609746077877
0.00878888888888889	1.0614714000677232
0.008794444444444445	0.9989546538711993
0.0088	0.9378087503114945
0.008805555555555556	0.9162110359388805
0.008811111111111112	0.9173918540864143
0.008816666666666667	0.9180993644365008
0.008822222222222223	0.9183331946888585
0.008827777777777778	0.9180929839501639
0.008833333333333334	0.9173783827428377
0.00883888888888889	0.895366574536009
0.008844444444444445	0.8394517476226704
0.00885	0.7849193736386518
0.008855555555555556	0.7383636389445781
0.008861111111111111	0.7123899263825401
0.008866666666666667	0.6868727331269381
0.008872222222222222	0.6680561987834218
0.008877777777777778	0.6923535948813961
0.008883333333333333	0.7152441919791221
0.008888888888888889	0.7367268238138376
0.008894444444444444	0.7568003583278208
0.0089	0.7754636976927595
0.008905555555555555	0.792715778333589
0.008911111111111111	0.7705697387592008
0.008916666666666666	0.7433386533971186
0.008922222222222222	0.7165665826630788
0.008927777777777778	0.6750279151210615
0.008933333333333333	0.6296942454873256
0.008938888888888889	0.5857593711458625
0.008944444444444444	0.5668430022583044
0.00895	0.5619733916578157
0.008955555555555555	0.556627411696908
0.008961111111111112	0.550804905868663
0.008966666666666668	0.5445057291961759
0.008972222222222223	0.5377297482369197
0.008977777777777779	0.5184205492440479
0.008983333333333334	0.4798348386443039
0.00898888888888889	0.44265557899207414
0.008994444444444446	0.41054940478812757
0.009000000000000001	0.39025950587482705
0.009005555555555557	0.3704361622139371
0.009011111111111112	0.3543918588377774
0.009016666666666668	0.3609380542094939
0.009022222222222223	0.36606444165407365
0.009027777777777779	0.369770500297317
0.009033333333333334	0.37205574382321904
0.00903888888888889	0.37291972048521593
0.009044444444444445	0.3723620131169079
0.00905	0.35298173126290194
0.009055555555555556	0.33146585214040686
0.009061111111111112	0.31041868634956715
0.009066666666666667	0.2834470601473295
0.009072222222222223	0.25564148367549133
0.009077777777777778	0.22925200947462354
0.009083333333333334	0.21316095106138674
0.00908888888888889	0.20227797238988474
0.009094444444444445	0.1909191882534666
0.0091	0.179084659129709
0.009105555555555556	0.16677445706145627
0.009111111111111111	0.15398866565681668
0.009116666666666667	0.13752903054147045
0.009122222222222223	0.11656609681166465
0.009127777777777778	0.09702290810665037
0.009133333333333334	0.07961064176474685
0.009138888888888889	0.06515897488228335
0.009144444444444445	0.051180348431017895
0.00915	0.038030382858715184
0.009155555555555556	0.02677555700470155
0.009161111111111111	0.014098719892277591
0.009166666666666667	1.2989340843532402E-15
0.009172222222222222	-0.015520439545277882
0.009177777777777778	-0.0324624009702989
0.009183333333333333	-0.05082565185790667
0.009188888888888889	-0.06729268034449229
0.009194444444444444	-0.0829296043956387
0.0092	-0.0980916836029892
0.009205555555555555	-0.11029099810413798
0.009211111111111111	-0.1203568641876531
0.009216666666666666	-0.1290000984148653
0.009222222222222222	-0.14214338368321194
0.009227777777777777	-0.1589569043866977
0.009233333333333333	-0.17624204549272654
0.009238888888888888	-0.19399852999949463
0.009244444444444444	-0.21222606939267136
0.009250000000000001	-0.23092436364983313
0.009255555555555557	-0.24440916712583122
0.009261111111111112	-0.2475897834022524
0.009266666666666668	-0.2493481656935162
0.009272222222222223	-0.2519340063126968
0.009277777777777779	-0.2604374552531801
0.009283333333333334	-0.26846497870700065
0.00928888888888889	-0.2786205272972734
0.009294444444444445	-0.3075907183564199
0.009300000000000001	-0.337974301640938
0.009305555555555556	-0.36977050029731445
0.009311111111111112	-0.40297850299734544
0.009316666666666668	-0.4375974639531136
0.009322222222222223	-0.47362650293273206
0.009327777777777779	-0.48705495402203286
0.009333333333333334	-0.4966939165679693
0.00933888888888889	-0.5058555166139478
0.009344444444444445	-0.5031896752645075
0.00935	-0.4954392236408639
0.009355555555555556	-0.4862704376630279
0.009361111111111112	-0.4963659214494686
0.009366666666666667	-0.5189820231401089
0.009372222222222223	-0.5420619708548783
0.009377777777777778	-0.5656052731758892
0.009383333333333334	-0.5896114273131164
0.00938888888888889	-0.6140799191131645
0.009394444444444445	-0.6244872634530233
0.0094	-0.6098613558656649
0.009405555555555556	-0.5938215493922112
0.009411111111111111	-0.581561284480182
0.009416666666666667	-0.5840517990977351
0.009422222222222222	-0.5860671252534727
0.009427777777777778	-0.5931509670048446
0.009433333333333334	-0.6396160426224953
0.009438888888888889	-0.6874751346642033
0.009444444444444445	-0.7367268238138351
0.00945	-0.7873696567165147
0.009455555555555556	-0.8394021460066423
0.009461111111111111	-0.8928227703367292
0.009466666666666667	-0.9031104454076487
0.009472222222222222	-0.9066780881232309
0.009477777777777778	-0.9097694836995673
0.009483333333333333	-0.8922587751618812
0.009488888888888889	-0.8667509914478018
0.009494444444444444	-0.8398399652624567
0.0095	-0.8468108148395367
0.009505555555555555	-0.875057375327496
0.00951111111111111	-0.90375647731285
0.009516666666666666	-0.9329074187016074
0.009522222222222222	-0.9625094862545951
0.009527777777777777	-0.9925619556004467
0.009533333333333335	-0.9998126346296056
0.00953888888888889	-0.9674915151665995
0.009544444444444446	-0.933775592540769
0.009550000000000001	-0.9067625301164682
0.009555555555555557	-0.9032211560910304
0.009561111111111112	-0.8992089470997603
0.009566666666666668	-0.9031671696991861
0.009572222222222223	-0.9667735025934877
0.009577777777777779	-1.0317438668038386
0.009583333333333334	-1.0980762113533398
0.00958888888888889	-1.1657684519212896
0.009594444444444445	-1.2348184708842291
0.009600000000000001	-1.3052241173573356
0.009605555555555556	-1.3122927209907072
0.009611111111111112	-1.3097618919606768
0.009616666666666667	-1.3067595556803904
0.009622222222222223	-1.274537247019694
0.009627777777777779	-1.2314662608512352
0.009633333333333334	-1.1870178036170094
0.00963888888888889	-1.1908109666103501
0.009644444444444445	-1.2244730125145655
0.00965	-1.25857285127539
0.009655555555555556	-1.293109575466116
0.009661111111111112	-1.3280822668265584
0.009666666666666667	-1.3634899962803249
0.009672222222222223	-1.3675288279533
0.009677777777777778	-1.3177584798497528
0.009683333333333334	-1.2666230396009999
0.00968888888888889	-1.2250627653803832
0.009694444444444445	-1.2155164547066395
0.0097	-1.2055072459014116
0.009705555555555556	-1.2063097248848338
0.009711111111111111	-1.286573232455942
0.009716666666666667	-1.3681604051331164
0.009722222222222222	-1.4510685758878488
0.009727777777777778	-1.535295045296691
0.009733333333333333	-1.6208370815945625
0.009738888888888889	-1.7076919207289827
0.009744444444444444	-1.7114876565830297
0.00975	-1.702877616944449
0.009755555555555556	-1.693804398399506
0.009761111111111111	-1.6471157208410563
0.009766666666666667	-1.5868093284299736
0.009772222222222222	-1.5251617197450769
0.009777777777777778	-1.5257483278939195
0.009783333333333333	-1.5645696707193726
0.009788888888888889	-1.6038107258926588
0.009794444444444444	-1.643470387560404
0.0098	-1.6835475394299737
0.009805555555555555	-1.724041054790726
0.00981111111111111	-1.724837301159778
0.009816666666666668	-1.6579965068169387
0.009822222222222224	-1.5898307205219195
0.009827777777777779	-1.534039533286631
0.009833333333333335	-1.518560939153013
0.00983888888888889	-1.5026309066565762
0.009844444444444446	-1.5002715346744289
0.009850000000000001	-1.5965813631652555
0.009855555555555557	-1.6941644166614984
0.009861111111111112	-1.7930174323807535
0.009866666666666668	-1.8931371163409052
0.009872222222222223	-1.9945201434258228
0.009877777777777779	-2.0971631574513085
0.009883333333333334	-2.0976571376842363
0.00988888888888889	-2.0830334150376557
0.009894444444444445	-2.0679583668997257
0.0099	-2.0071586494711537
0.009905555555555556	-1.9300758188776446
0.009911111111111112	-1.8516982342680723
0.009916666666666667	-1.8490738231302006
0.009922222222222223	-1.8927590090170192
0.009927777777777778	-1.9368426324784913
0.009933333333333334	-1.981323397650823
0.00993888888888889	-2.0261999987045294
0.009944444444444445	-2.071471119869737
0.00995	-2.069018721019192
0.009955555555555556	-1.985616179241578
0.009961111111111112	-1.9009388296936895
0.009966666666666667	-1.831341334066172
0.009972222222222223	-1.810048257920287
0.009977777777777778	-1.7883186388987362
0.009983333333333334	-1.7828153721963718
0.00998888888888889	-1.894438545658684
0.009994444444444445	-2.00727481401463
end
