t  ft
begin
0.0	-1.6353442421373916
5.55555E-6	-1.682230258751079
1.11111E-5	-1.6987413132263838
1.6666649999999997E-5	-1.781752635916292
2.22222E-5	-1.861272660305715
2.777775E-5	-1.8352724410439154
3.3333299999999995E-5	-1.8192191349765727
3.8888849999999996E-5	-1.802993729160817
4.44444E-5	-1.7618724427201449
4.999995E-5	-1.7477811405248276
5.55555E-5	-1.7084087875077167
6.111105E-5	-1.694330292194182
6.666659999999999E-5	-1.8745834662132324
7.222215E-5	-1.9508277788056212
7.777769999999999E-5	-2.0010320122198406
8.333325E-5	-2.0140398077461987
8.88888E-5	-2.026564391980095
9.444434999999999E-5	-2.0613580347622484
9.99999E-5	-2.0750084396809942
1.0555544999999999E-4	-2.049192822844586
1.11111E-4	-2.0335292029291865
1.1666655E-4	-1.9898252065405024
1.222221E-4	-1.9741603017529818
1.2777764999999998E-4	-1.9514173569870585
1.3333319999999998E-4	-1.9624709222977308
1.3888875E-4	-1.9733249706926228
1.444443E-4	-2.002564826925191
1.4999985E-4	-2.0115249169073994
1.5555539999999998E-4	-2.1840737661860263
1.6111094999999998E-4	-2.259754433677796
1.666665E-4	-2.250967348791432
1.7222205E-4	-2.2347120103446136
1.777776E-4	-2.188721480431626
1.8333314999999998E-4	-2.172190597320159
1.8888869999999998E-4	-2.1555582532716198
1.9444425E-4	-2.109214937288199
1.999998E-4	-2.0929246953362144
2.0555535E-4	-2.2413711282418216
2.1111089999999998E-4	-2.3152264528360122
2.1666644999999998E-4	-2.3691674410698242
2.22222E-4	-2.3789612290957085
2.2777755E-4	-2.404174708447812
2.333331E-4	-2.4127761165515285
2.3888864999999998E-4	-2.4211434815649318
2.444442E-4	-2.3925432324817657
2.4999975E-4	-2.3746443222688427
2.5555529999999997E-4	-2.324630016299613
2.6111084999999996E-4	-2.305560808243184
2.6666639999999996E-4	-2.2745918919610935
2.7222195E-4	-2.282781384847154
2.777775E-4	-2.3045123594333345
2.8333305E-4	-2.3118678699583035
2.888886E-4	-2.31887550308235
2.9444415E-4	-2.4674579580604865
2.999997E-4	-2.538286583290126
3.0555525E-4	-2.538679202606866
3.1111079999999997E-4	-2.5196086186558837
3.1666634999999996E-4	-2.465272773588403
3.2222189999999996E-4	-2.447933536643028
3.2777745E-4	-2.3989824719294783
3.33333E-4	-2.381433733503627
3.3888855E-4	-2.363894136858003
3.444441E-4	-2.4875607424946278
3.4999965E-4	-2.5559235730500687
3.555552E-4	-2.7195610663863476
3.6111075E-4	-2.7237702328181
3.6666629999999997E-4	-2.7336413278477836
3.7222184999999996E-4	-2.7364110713042784
3.7777739999999996E-4	-2.688329167579458
3.8333294999999995E-4	-2.6694284809383535
3.888885E-4	-2.6504619494053916
3.9444405E-4	-2.5973285271375315
3.999996E-4	-2.578203082284457
4.0555515E-4	-2.5332123278230734
4.111107E-4	-2.535697832189669
4.1666625E-4	-2.5416937690240005
4.2222179999999997E-4	-2.543431282508486
4.2777734999999996E-4	-2.5970925711074377
4.3333289999999996E-4	-2.663171302628189
4.3888844999999995E-4	-2.728284470914646
4.44444E-4	-2.8917552799828012
4.4999955E-4	-2.8706120879956556
4.555551E-4	-2.811856292570797
4.6111065E-4	-2.7909242703252257
4.666662E-4	-2.732298924264178
4.7222175E-4	-2.711311619195036
4.7777729999999997E-4	-2.7167057954708365
4.8333284999999996E-4	-2.776147057877727
4.888884E-4	-2.837412531261943
4.9444395E-4	-2.9957008104457614
4.999995E-4	-2.996529012358602
5.0555505E-4	-2.998193024151152
5.111105999999999E-4	-2.9987229712900803
5.1666615E-4	-2.947180724255181
5.222216999999999E-4	-2.9254415565914496
5.2777725E-4	-2.86510929073744
5.333327999999999E-4	-2.8437306017681583
5.3888835E-4	-2.8220207237268187
5.444439E-4	-2.7690946089653434
5.4999945E-4	-2.7695433189590077
5.55555E-4	-2.7708425000313333
5.611105499999999E-4	-2.771031239897813
5.666661E-4	-2.8066728636246743
5.722216499999999E-4	-2.867162084830926
5.777772E-4	-3.034244473221353
5.833327499999999E-4	-3.0932487586176136
5.888883E-4	-3.0704732458822876
5.9444385E-4	-3.007177843195185
5.999994E-4	-2.986222087865869
6.0555495E-4	-2.927831535384852
6.111105E-4	-2.907023832390007
6.1666605E-4	-2.8965922602830902
6.222215999999999E-4	-2.955300505942605
6.2777715E-4	-3.1175602064149084
6.333326999999999E-4	-3.17508717787384
6.3888825E-4	-3.1731954739003445
6.444437999999999E-4	-3.16668356613758
6.4999935E-4	-3.164209127150891
6.555549E-4	-3.1153571419344464
6.6111045E-4	-3.0937781807997533
6.66666E-4	-3.0338437775657305
6.722215499999999E-4	-3.0125048372649976
6.777771E-4	-2.952652052881441
6.833326499999999E-4	-2.9312584989956454
6.888882E-4	-2.9277420051714493
6.944437499999999E-4	-2.9170739553766665
6.999993E-4	-2.9129835918308316
7.055548499999999E-4	-3.0328201108967487
7.111104E-4	-3.0901375100115316
7.1666595E-4	-3.2492905190149988
7.222215E-4	-3.3053105012845796
7.2777705E-4	-3.2571870821524
7.333325999999999E-4	-3.2344260601880266
7.3888815E-4	-3.211781611325603
7.444436999999999E-4	-3.148285775317915
7.4999925E-4	-3.1255662848111783
7.555547999999999E-4	-3.092026448513445
7.6111035E-4	-3.144545274857147
7.666658999999999E-4	-3.2959775232999484
7.7222145E-4	-3.3501067699232667
7.77777E-4	-3.3536601823914
7.833325499999999E-4	-3.350805221623595
7.888881E-4	-3.348277571766912
7.944436499999999E-4	-3.2998783856633387
7.999992E-4	-3.2764903865788684
8.055547499999999E-4	-3.2111756037090724
8.111103E-4	-3.187834908348149
8.166658499999999E-4	-3.1220734121788865
8.222214E-4	-3.1003818744263603
8.277769499999999E-4	-3.0543880769694316
8.333325E-4	-3.051165204460529
8.3888805E-4	-3.0478179197417856
8.444435999999999E-4	-3.1505949884592868
8.4999915E-4	-3.2028669156853127
8.555546999999999E-4	-3.347864853077972
8.6111025E-4	-3.3992755864359316
8.666657999999999E-4	-3.360620475151292
8.7222135E-4	-3.3353695852206435
8.777768999999999E-4	-3.2710844468738767
8.8333245E-4	-3.2483306976319413
8.88888E-4	-3.2256415838428842
8.944435499999999E-4	-3.3084240058971064
8.999991E-4	-3.358508966287287
9.055546499999999E-4	-3.497345840858442
9.111102E-4	-3.5467399998687688
9.166657499999999E-4	-3.6517376413908336
9.222213E-4	-3.646984399734544
9.277768499999999E-4	-3.616376770403732
9.333324E-4	-3.591901943083539
9.388879499999999E-4	-3.5673246858148957
9.444435E-4	-3.4989071283807
9.4999905E-4	-3.4745687728510033
9.555545999999999E-4	-3.406388841558574
9.6111015E-4	-3.381870338297526
9.666656999999999E-4	-3.324399048129063
9.7222125E-4	-3.318667887948536
9.777768E-4	-3.343960458414728
9.833323499999999E-4	-3.3899895717304585
9.888879E-4	-3.4380897654002625
9.9444345E-4	-3.571364792224599
9.99999E-4	-3.618422095434052
0.0010055545499999998	-3.589396972302478
0.0010111101	-3.5634323153205174
0.00101666565	-3.4907198938837904
0.0010222211999999999	-3.4647266015042617
0.00102777675	-3.4488415956391134
0.0010333323	-3.4939875822015294
0.00103888785	-3.5370769196944583
0.0010444433999999999	-3.6624354061004527
0.00104999895	-3.7076181053780832
0.0010555545	-3.813874852255049
0.0010611100499999999	-3.8086384641450834
0.0010666655999999998	-3.7800861993708823
0.00107222115	-3.752596219489125
0.0010777767	-3.6755951894014443
0.0010833322499999999	-3.6481109908046805
0.0010888878	-3.6207427302086255
0.00109444335	-3.5413618070829216
0.0010999989	-3.5157653258955617
0.0011055544499999998	-3.452756644604894
0.00111111	-3.447918416641649
0.00111666555	-3.5548028527285696
0.0011222210999999999	-3.6003923328641148
0.00112777665	-3.7278890386844714
0.0011333322	-3.7733599855376303
0.00113888775	-3.8184855501039467
0.0011444432999999999	-3.7997611893643763
0.00114999885	-3.771899042941314
0.0011555544	-3.6980742537498643
0.00116110995	-3.6722729996485333
0.0011666654999999998	-3.6427373643145553
0.00117222105	-3.687640028189832
0.0011777766	-3.8108872864737093
0.0011833321499999999	-3.8544908508857016
0.0011888877	-3.898089858524801
0.00119444325	-4.010438218503408
0.0011999988	-4.008723715601185
0.0012055543499999999	-3.9476033127372787
0.0012111099	-3.9208135784727856
0.00121666545	-3.8464896912785673
0.001222221	-3.8200567226184536
0.0012277765499999998	-3.746389776427943
0.0012333321	-3.720109949138557
0.00123888765	-3.693991354793131
0.0012444431999999999	-3.6257735235212274
0.00124999875	-3.6237137142120446
0.0012555543	-3.7134270781187606
0.00126110985	-3.7541628997839758
0.0012666653999999999	-3.871677791422035
0.00127222095	-3.9137132611274836
0.0012777765	-3.97653049320655
0.00128333205	-3.9494703308210046
0.0012888875999999998	-3.9225961772281233
0.00129444315	-3.8479887148694294
0.0012999987	-3.821505797930116
0.0013055542499999999	-3.7744971539932273
0.0013111098	-3.8154232386784557
0.00131666535	-3.9293075271852875
0.0013222209	-3.971136525248181
0.0013277764499999998	-4.087894558899043
0.001333332	-4.129585706469745
0.00133888755	-4.171114629082449
0.0013444430999999999	-4.1494754833478025
0.0013499986499999998	-4.121880785804557
0.0013555542	-4.045232121941718
0.00136110975	-4.017958197559889
0.0013666652999999999	-3.9413183157009803
0.00137222085	-3.913406188752083
0.0013777764	-3.840230432726907
0.00138333195	-3.814195684675224
0.0013888874999999998	-3.7881573047539945
0.00139444305	-3.847546026317987
0.0013999986	-3.887913094532643
0.0014055541499999999	-3.9998773647025314
0.0014111096999999998	-4.039583691293119
0.00141666525	-4.109749037067618
0.0014222208	-4.0815783253731315
0.0014277763499999999	-4.002460532725506
0.0014333319	-3.9753885593713667
0.00143888745	-3.948290023627127
0.001444443	-3.8858977396574645
0.0014499985499999998	-3.9255277198636453
0.0014555541	-4.03570199908823
0.00146110965	-4.075063581518577
0.0014666651999999999	-4.185373355519981
0.0014722207499999998	-4.224754995873972
0.0014777763	-4.280595151607937
0.00148333185	-4.250705490091978
0.0014888873999999999	-4.222559794638685
0.00149444295	-4.1438079511807215
0.0014999985	-4.1155332041736035
0.00150555405	-4.036648637746312
0.0015111095999999998	-4.0085650462610145
0.00151666515	-3.930499875967774
0.0015222207	-3.9027265344090165
0.0015277762499999999	-3.939046232284503
0.0015333317999999998	-3.976869664170263
0.00153888735	-4.0131518935055785
0.0015444429	-4.11878856970153
0.0015499984499999999	-4.157190786859774
0.001555554	-4.237306516300465
0.00156110955	-4.207524354231545
0.0015666650999999999	-4.124618905192579
0.0015722206499999998	-4.095047484432237
0.0015777762	-4.0126058906257045
0.00158333175	-3.983250742914487
0.0015888872999999999	-4.020272713440687
0.0015944428499999998	-4.120743734679356
0.0015999984	-4.158541008361699
0.00160555395	-4.265019892566208
0.0016111094999999998	-4.303898483016072
0.00161666505	-4.305237969400714
0.0016222206	-4.275032042624788
0.0016277761499999999	-4.190293954869952
0.0016333316999999998	-4.160054459491507
0.00163888725	-4.1299091294136545
0.0016444428	-4.045651039997531
0.0016499983499999999	-4.0141904553521295
0.0016555538999999998	-3.9326771297016867
0.00166110945	-3.9043179005406587
0.001666665	-3.918693370034669
0.0016722205499999998	-3.957484023809673
0.0016777761	-4.067906447470809
0.00168333165	-4.107878895122208
0.0016888871999999999	-4.14816765063381
0.0016944427499999998	-4.2470972834171965
0.0016999983	-4.217043401917394
0.00170555385	-4.132270032800243
0.0017111093999999999	-4.10318932870239
0.0017166649499999998	-4.0229801517371895
0.0017222205	-3.994805620868183
0.00172777605	-4.094881007402111
0.0017333315999999998	-4.135802966715034
0.00173888715	-4.176947128093207
0.0017444427	-4.293110505014657
0.0017499982499999999	-4.334950697045102
0.0017555537999999998	-4.357699424779206
0.00176110935	-4.357026109973845
0.0017666649	-4.286742735450958
0.0017722204499999999	-4.257601478584068
0.001777776	-4.177100275402664
0.00178333155	-4.148481816892201
0.0017888870999999999	-4.120053331047463
0.0017944426499999998	-4.0409852672965405
0.0017999982	-4.012908922480666
0.00180555375	-3.9926666962314163
0.0018111092999999999	-3.9912099806063046
0.0018166648499999998	-4.08492601025813
0.0018222204	-4.1250884429000125
0.00182777595	-4.238490198290105
0.0018333314999999998	-4.27950900862866
0.00183888705	-4.250421830916997
0.0018444426	-4.169702932919651
0.0018499981499999999	-4.141075018277809
0.0018555536999999998	-4.061740030996046
0.00186110925	-4.03373809308446
0.0018666648	-4.1193327403237605
0.0018722203499999999	-4.160052811080824
0.0018777758999999998	-4.276482246060221
0.00188333145	-4.318475654105237
0.001888887	-4.360797200456775
0.0018944425499999998	-4.386968265844315
0.0018999981	-4.383032720918218
0.00190555365	-4.316378828378523
0.0019111091999999999	-4.287201946977019
0.0019166647499999998	-4.2074891074134895
0.0019222203	-4.1791191515172486
0.00192777585	-4.099775209179927
0.0019333313999999999	-4.0722403288796
0.0019388869499999998	-4.044759058961479
0.0019444425	-4.015809672697417
0.00194999805	-4.012583916408779
0.0019555536	-4.100880303900275
0.0019611091499999998	-4.142335539760358
0.0019666646999999997	-4.259153639391215
0.00197222025	-4.301539756256126
0.0019777758	-4.23459013506257
0.00198333135	-4.205592989553541
0.0019888869	-4.177405740921713
0.00199444245	-4.098887724998357
0.001999998	-4.070963824927675
0.0020055535499999997	-4.020811160266622
0.0020111090999999997	-4.06297579692437
0.00201666465	-4.182221427419658
0.0020222202	-4.225506647530543
0.00202777575	-4.2181814961600494
0.0020333313	-4.212028796222374
0.00203888685	-4.204727260029423
0.0020444423999999998	-4.141144317790003
0.0020499979499999997	-4.112401204861291
0.0020555535	-4.032303307741947
0.00206110905	-4.003707814108949
0.0020666646	-3.9244170686832915
0.00207222015	-3.896239730472897
0.0020777757	-3.8727126940506267
0.0020833312499999998	-3.8659081683184446
0.0020888867999999997	-3.859350504726972
0.00209444235	-3.9349854200245824
0.0020999979	-3.9776132758957363
0.00210555345	-4.097602398807077
0.002111109	-4.140769662804826
0.00211666455	-4.086262444908055
0.0021222200999999998	-4.056570566448782
0.0021277756499999997	-3.974263842229473
0.0021333311999999997	-3.9449953084216385
0.00213888675	-3.9158626211677467
0.0021444423	-3.848785763966738
0.00214999785	-3.8906272381451528
0.0021555534	-4.0139922445763485
0.00216110895	-4.059665501892386
0.0021666644999999997	-4.056377560213033
0.0021722200499999997	-4.047941991930164
0.0021777756	-4.008212948074746
0.00218333115	-3.9789368458141445
0.0021888867	-3.9498567714067527
0.00219444225	-3.8693325203558495
0.0021999978	-3.8409267219510563
0.0022055533499999998	-3.759368329612302
0.0022111088999999997	-3.731569973400201
0.00221666445	-3.701866506285192
0.00222222	-3.694443666183231
0.00222777555	-3.675488338058133
0.0022333311	-3.668826672965262
0.00223888665	-3.7155463665249924
0.0022444421999999998	-3.848150281568721
0.0022499977499999997	-3.896376891458553
0.0022555533	-3.862719061496031
0.00226110885	-3.833540450781757
0.0022666644	-3.7550306555568906
0.00227221995	-3.727411456291409
0.0022777755	-3.6518344133333187
0.00228333105	-3.625198062288317
0.0022888865999999997	-3.674347200016071
0.0022944421499999997	-3.8166273492938396
0.0022999977	-3.8687301968071868
0.00230555325	-3.883232507776916
0.0023111088	-3.875601211794639
0.00231666435	-3.8421404790667633
0.0023222199	-3.8146767855680244
0.0023277754499999997	-3.7394232387337216
0.0023333309999999997	-3.7128783926798037
0.00233888655	-3.6866989204418292
0.0023444421	-3.6151071181844343
0.00234999765	-3.5900736889153277
0.0023555532	-3.5609316727967864
0.00236110875	-3.5545917318195586
0.0023666642999999998	-3.536880153040903
0.0023722198499999997	-3.53066184301345
0.0023777754	-3.6587897799676306
0.00238333095	-3.7092159114714827
0.0023888865	-3.7606257049638843
0.00239444205	-3.7496338888077383
0.0023999976	-3.72387110198257
0.0024055531499999998	-3.6523269451379172
0.0024111086999999997	-3.6269897831093525
0.0024166642499999997	-3.556895405654761
0.0024222198	-3.532130749745462
0.00242777535	-3.6618316002375964
0.0024333309	-3.7136144172253482
0.00243888645	-3.7667212396964764
0.002444442	-3.795145856359133
0.0024499975499999997	-3.7889991203966495
0.0024555530999999997	-3.764821165909902
0.00246110865	-3.739615099744549
0.0024666642	-3.669782959644645
0.00247221975	-3.645050911030784
0.0024777753	-3.576343210843134
0.00248333085	-3.551888602874893
0.0024888863999999998	-3.5273023738449925
0.0024944419499999997	-3.4952175635445264
0.0024999975	-3.489498710037572
0.00250555305	-3.473889530179141
0.0025111086	-3.4685675224465875
0.00251666415	-3.6025430120120743
0.0025222197	-3.660024911306754
0.0025277752499999998	-3.6072338794973406
0.0025333307999999997	-3.5826469929964238
0.0025388863499999996	-3.558064299218435
0.0025444419	-3.489562613242021
0.00254999745	-3.465350468183534
0.002555553	-3.3981757743341663
0.00256110855	-3.374537368503157
0.0025666641	-3.505718174458138
0.0025722196499999997	-3.5652070305384513
0.0025777751999999997	-3.5634168796331736
0.00258333075	-3.5582094227384413
0.0025888863	-3.553529832874295
0.00259444185	-3.53995275168003
0.0025999974	-3.535941048037415
0.00260555295	-3.480394287382677
0.0026111084999999997	-3.4562499217882983
0.0026166640499999997	-3.3891088166827354
0.0026222196	-3.3652320030643548
0.00262777515	-3.3143609731556616
0.0026333307	-3.3100030348249403
0.00263888625	-3.305890348359021
0.0026444418	-3.2938763985383805
0.0026499973499999998	-3.28877370637476
0.0026555528999999997	-3.4223917238614106
0.0026611084499999996	-3.4861138825418165
0.002666664	-3.452950036863734
0.00267221955	-3.428640306910694
0.0026777751	-3.361032186094617
0.00268333065	-3.33695679959246
0.0026888861999999998	-3.313132811400523
0.0026944417499999997	-3.247276025243958
0.0026999972999999997	-3.2241352893401216
0.00270555285	-3.3535118514232996
0.0027111084	-3.419943886235445
0.00271666395	-3.436089529448949
0.0027222195	-3.4317984597110964
0.00272777505	-3.421086766342662
0.0027333305999999997	-3.4177765277579093
0.0027388861499999997	-3.4152391413331844
0.0027444417	-3.3658510304649476
0.00274999725	-3.3422960143648175
0.0027555528	-3.2766099537709565
0.00276110835	-3.2516647760493043
0.0027666639	-3.1985986887275404
0.0027722194499999997	-3.1962794842597226
0.0027777749999999997	-3.19316767816
0.0027833305499999996	-3.19266366116842
0.0027888861	-3.1937855303952927
0.00279444165	-3.2142146952409276
0.0027999972	-3.284094376740819
0.00280555275	-3.279567862677883
0.0028111082999999998	-3.2587113155623566
0.0028166638499999997	-3.1993968802514643
0.0028222193999999996	-3.1783039548723986
0.00282777495	-3.1204190223639117
0.0028333305	-3.1000614894361216
0.00283888605	-3.0801749444754827
0.0028444416	-3.043224446220053
0.0028499971499999998	-3.1146586556535674
0.0028555526999999997	-3.1665980571989434
0.0028611082499999997	-3.1713209253212833
0.0028666638	-3.1856882542305067
0.00287221935	-3.1910627046378637
0.0028777749	-3.1838928301923146
0.00288333045	-3.163715884803275
0.002888886	-3.143774304410124
0.0028944415499999997	-3.0889672985624745
0.0028999970999999997	-3.0697707283872604
0.00290555265	-3.026538273073479
0.0029111082	-3.031828999369003
0.00291666375	-3.047777627953542
0.0029222193	-3.05388806094238
0.00292777485	-3.0714151077550165
0.0029333303999999998	-3.076638644120584
0.0029388859499999997	-3.149626938178238
0.0029444414999999996	-3.168894989697852
0.00294999705	-3.149649113457432
0.0029555526	-3.097026469509758
0.00296110815	-3.078684155621562
0.0029666637	-3.028182697374432
0.0029722192499999998	-3.010367004747313
0.0029777747999999997	-2.961747556455239
0.0029833303499999997	-2.9450502325298813
0.0029888859	-2.9511925435215467
0.00299444145	-2.9693276390557855
0.002999997	-2.97659530600959
0.00300555255	-2.9982727002367016
0.0030111081	-3.0065113664093763
0.0030166636499999997	-3.015157225511503
0.0030222191999999997	-2.9977247484011764
0.00302777475	-2.9496366334483892
0.0030333303	-2.9325996293814622
0.00303888585	-2.916037500983003
0.0030444414	-2.8720121099141265
0.00304999695	-2.8809287744988996
0.0030555524999999997	-2.9074854155254175
0.0030611080499999997	-2.9176348066968525
0.0030666635999999996	-2.947379114695933
0.00307221915	-2.9584102423628305
0.0030777747	-2.915798913954184
0.00308333025	-2.8987645872862164
0.0030888858	-2.8818291760954495
0.0030944413499999998	-2.8349428657155022
0.0030999968999999997	-2.816851037632005
0.0031055524499999996	-2.7668857827088864
0.003111108	-2.7493929424256063
0.00311666355	-2.7013973673597933
0.0031222191	-2.684563633648695
0.00312777465	-2.7121356941317387
0.0031333301999999998	-2.7244898749939255
0.0031388857499999997	-2.737478362510021
0.0031444412999999997	-2.776153103610316
0.00314999685	-2.7901618375408375
0.0031555524	-2.8169146389192408
0.00316110795	-2.7998637500733996
0.0031666635	-2.752542419378095
0.00317221905	-2.7357907925195404
0.0031777745999999997	-2.6896632136160874
0.0031833301499999997	-2.67339448445109
0.0031888856999999996	-2.688542131955868
0.00319444125	-2.732813243177666
0.0031999968	-2.749474392168807
0.00320555235	-2.7948065011301835
0.0032111079	-2.8109302053927636
0.0032166634499999998	-2.661834531107099
0.0032222189999999997	-2.6451115718847014
0.0032277745499999996	-2.599170617022225
0.0032333301	-2.582914076947406
0.00323888565	-2.5668530094020796
0.0032444412	-2.5225006705265156
0.00324999675	-2.5068923217214394
0.0032555522999999998	-2.4634680554317048
0.0032611078499999997	-2.447186514959506
0.0032666633999999996	-2.3078127605757235
0.00327221895	-2.3248873711843787
0.0032777745	-2.374397598456567
0.00328333005	-2.3926760843034653
0.0032888856	-2.4119033491260327
0.00329444115	-2.4617225595947367
0.0032999966999999997	-2.446424027750434
0.0033055522499999997	-2.404303600412355
0.0033111077999999996	-2.3895420697176557
0.00331666335	-2.3463782828678954
0.0033222189	-2.330857421904192
0.00332777445	-2.383873387676533
0.00333333	-2.406111794763152
0.0033388855499999997	-2.429136653674985
0.0033444410999999997	-2.4954401018077257
0.0033499966499999996	-2.5200328754890307
0.0033555522	-2.3870000747849187
0.00336110775	-2.3725480792650706
0.0033666633	-2.332659981879964
0.00337221885	-2.3180519928874186
0.0033777743999999998	-2.276239184994878
0.0033833299499999997	-2.2615214168924926
0.0033888854999999996	-2.2474652682475043
0.00339444105	-2.19648757097239
0.0033999966	-2.1205396297188894
0.00340555215	-1.9500838580549038
0.0034111077	-1.975445790298428
0.0034166632499999998	-2.0495128763984294
0.0034222187999999997	-2.0766933845568647
0.0034277743499999997	-2.1537532864812325
0.0034333298999999996	-2.1808244863729738
0.00343888545	-2.1670432116522647
0.003444441	-2.1289503932706295
0.00344999655	-2.115733397059063
0.0034555521	-2.0797016662391172
0.0034611076499999997	-2.0671688501347525
0.0034666631999999997	-2.1308995084724276
0.0034722187499999996	-2.16031102813095
0.0034777743	-2.2456014021575728
0.00348332985	-2.2771690012684918
0.0034888854	-2.198517576887819
0.00349444095	-1.9928662924431726
0.0034999964999999997	-1.9794618941616062
0.0035055520499999997	-1.9433020191963313
0.0035111075999999996	-1.9307373738583906
0.00351666315	-1.8970900806713213
0.0035222187	-1.8853945804514893
0.00352777425	-1.8537452128258007
0.0035333298	-1.8425430096560877
0.0035388853499999998	-1.7694176196137645
0.0035444408999999997	-1.5801182500123376
0.0035499964499999996	-1.6095372931224372
0.003555552	-1.6935836336506747
0.00356110755	-1.7244363323978735
0.0035666631	-1.812969039342909
0.00357221865	-1.8454450323912415
0.0035777741999999998	-1.8233171481231576
0.0035833297499999997	-1.8125121909926083
0.0035888852999999997	-1.8018444481182934
0.0035944408499999996	-1.7735604796437805
0.0035999964	-1.7616110793063846
0.00360555195	-1.8258369437340898
0.0036111075	-1.8592096798087365
0.00361666305	-1.9566947944966493
0.0036222185999999997	-1.992501653216853
0.0036277741499999997	-1.8035215687036001
0.0036333296999999996	-1.7297451519481266
0.00363888525	-1.7194152984613849
0.0036444408	-1.691403632087894
0.00364999635	-1.6822129261791647
0.0036555519	-1.6521026351704546
0.0036611074499999998	-1.641121117449638
0.0036666629999999997	-1.6110029725583004
0.0036722185499999996	-1.6002846819625618
0.0036777741	-1.4066163125136146
0.00368332965	-1.3335780642927197
0.0036888852	-1.2623553224746284
0.00369444075	-1.2793021422818727
0.0036999962999999998	-1.3169713758045798
0.0037055518499999997	-1.4044335207023997
0.0037111073999999997	-1.394150087078917
0.0037166629499999996	-1.366066080381509
0.0037222185	-1.3562111270842205
0.00372777405	-1.3291320019674495
0.0037333296	-1.3195678164346858
0.00373888515	-1.3101989970698698
0.0037444406999999997	-1.3814198845543153
0.0037499962499999997	-1.4216932954897934
0.0037555517999999996	-1.5365408240985903
0.00376110735	-1.5778773808468811
0.0037666629	-1.4196130991755853
0.00377221845	-1.3471422376609985
0.003777774	-1.1974891271019992
0.0037833295499999997	-1.188305802788298
0.0037888850999999997	-1.1793626102148231
0.0037944406499999996	-1.1546967093275147
0.0037999962	-1.1460784215653357
0.00380555175	-1.1226416588159156
0.0038111073	-1.1143551827447924
0.00381666285	-0.9456864298756512
0.0038222183999999998	-0.8766429109099391
0.0038277739499999997	-0.7743829421964158
0.0038333294999999996	-0.8170756086896173
0.0038388850499999996	-0.8606851387200981
0.0038444406	-0.9740059092258991
0.00384999615	-0.96618812121873
0.0038555517	-0.9446856316298813
0.0038611072499999998	-0.9372083536551278
0.0038666627999999997	-0.9160165946558395
0.0038722183499999997	-0.9075615082817904
0.0038777738999999996	-0.9276245310101422
0.00388332945	-0.9735871359765156
0.003888885	-1.0205204127219052
0.00389444055	-1.1541576253543218
0.0038999961	-1.2030789490981062
0.0039055516499999997	-1.0833610647699883
0.0039111072	-1.0162301089639607
0.00391666275	-0.8665070965888086
0.0039222182999999996	-0.8603305225508547
0.00392777385	-0.8410085256091058
0.0039333293999999994	-0.8336747711199256
0.00393888495	-0.8265315300595002
0.0039444405	-0.8073114002033804
0.00394999605	-0.8008818940847905
0.0039555516	-0.6538057640099377
0.00396110715	-0.5895278568673129
0.0039666627	-0.4816365582294086
0.0039722182499999995	-0.5321344015530006
0.0039777738	-0.6806931559726628
0.00398332935	-0.7347291829617006
0.0039888849	-0.7285995286102829
0.00399444045	-0.7118075692013339
0.003999996	-0.7062746050569907
0.00400555155	-0.6917293732330486
0.0040111070999999995	-0.6869224164940391
0.00401666265	-0.7100420941071247
0.004022218199999999	-0.7636128782815265
0.00402777375	-0.9211552466069316
0.0040333293	-0.9784497851056801
0.00403888485	-0.9148531367395641
0.0040444404	-0.7348686372973305
0.0040499959499999995	-0.671939480141129
0.0040555515	-0.5215000162876167
0.004061107049999999	-0.5176285186183012
0.0040666626	-0.5081385393650657
0.00407221815	-0.5050549899035356
0.0040777737	-0.4971306802752339
0.00408332925	-0.4944640458270328
0.0040888847999999995	-0.49189688062220677
0.00409444035	-0.37268125850323797
0.004099995899999999	-0.31141429528537085
0.00410555145	-0.18756480937402106
0.004111107	-0.24293623658972202
0.00411666255	-0.4004503513431481
0.0041222181	-0.45758345576391535
0.0041277736499999995	-0.4637958980962681
0.0041333292	-0.4619339133757608
0.004138884749999999	-0.46026027078501003
0.0041444403	-0.45609258785470314
0.00414999585	-0.45551527928305735
0.0041555514	-0.44815261806698664
0.00416110695	-0.4453046669224901
0.0041666624999999995	-0.5862058213725081
0.00417221805	-0.6464314078991604
0.004177773599999999	-0.5081752691170733
0.00418332915	-0.4507789459615662
0.0041888847	-0.3939072791636519
0.00419444025	-0.247668335994275
0.0041999958	-0.24710191468744117
0.0042055513499999995	-0.2465620277092881
0.0042111069	-0.24455028888326175
0.004216662449999999	-0.2397029489297102
0.004222218	-0.23818235710878682
0.00422777355	-0.09362935997894256
0.0042333291	-0.038425113256780156
0.00423888465	0.015243759661002599
0.0042444401999999996	0.16338627231937122
0.00424999575	0.21597408429609688
0.0042555512999999994	0.1043560731150876
0.00426110685	0.038494682862847955
0.004266662399999999	0.012552683221866675
0.00427221795	0.012684172305595327
0.0042777735	0.012538570561333255
0.00428332905	0.012353181343727268
0.0042888846	0.01199965236355676
0.0042944401499999995	0.010452121942503485
0.0042999957	0.009562386120674471
0.004305551249999999	-0.13934171373526247
0.0043111068	-0.20756988059738338
0.00431666235	-0.11094360191819917
0.0043222179	-0.058637764344867976
0.00432777345	0.08527350742557539
0.0043333289999999995	0.13617957851030602
0.00433888455	0.13497133455901955
0.004344440099999999	0.1307638267015231
0.00434999565	0.12899107717252684
0.0043555512	0.12336034901594584
0.00436110675	0.12121651769190177
0.0043666623	0.2366518706860142
0.0043722178499999995	0.2847092999275898
0.0043777734	0.42001642695274877
0.004383328949999999	0.46792173290888295
0.0043888845	0.5151109887144105
0.00439444005	0.4085691582238576
0.0043999956	0.33536555808825474
0.00440555115	0.2837315224447566
0.0044111066999999995	0.2801410503834926
0.00441666225	0.26950125692017435
0.004422217799999999	0.2655167899058783
0.00442777335	0.2558079726760502
0.0044333289	0.2534599108941444
0.00443888445	0.25090276970354636
0.00444444	0.1243583701426701
0.0044499955499999995	0.17077513062824615
0.0044555511	0.2979485743249068
0.004461106649999999	0.342443838715754
0.0044666622	0.46421247461010834
0.00447221775	0.5065969510432634
0.0044777733	0.49946083170087174
0.00448332885	0.49335687653215676
0.0044888843999999995	0.48866478975700667
0.00449443995	0.4747716917238189
0.004499995499999999	0.46963213194344816
0.00450555105	0.5539923098462378
0.0045111066	0.5933812008024709
0.00451666215	0.7015131175342745
0.0045222177	0.7396036251569555
0.0045277732499999996	0.7547234181759599
0.0045333288	0.6795615199398339
0.0045388843499999994	0.6717260903646723
0.0045444399	0.653882076664831
0.004549995449999999	0.6478242462653593
0.004555551	0.6302775179278997
0.00456110655	0.6237273767866042
0.0045666621	0.6046042338518938
0.00457221765	0.5974985819563968
0.0045777731999999995	0.5221724166575443
0.00458332875	0.44639947057083135
0.004588884299999999	0.4823340767681868
0.00459443985	0.580157012320866
0.0045999954	0.6175546260987745
0.00460555095	0.7203940670195591
0.0046111065	0.7563621972399711
0.0046166620499999995	0.7529608165574088
0.0046222176	0.7451991524668106
0.004627773149999999	0.7226296936766505
0.0046333287	0.7143679067907368
0.00463888425	0.706015776797379
0.0046444398	0.7649064706122171
0.00464999535	0.7962862018938137
0.0046555508999999995	0.890909756936914
0.00466110645	0.9249669151987655
0.004666661999999999	1.0183474690878642
0.00467221755	1.051100402485491
0.0046777731	1.0327903484471475
0.00468332865	1.0232403613993257
0.0046888842	1.0134928379141832
0.0046944397499999995	0.9858888105193241
0.0046999953	0.9758315721356777
0.004705550849999999	0.9463599979056238
0.0047111064	0.9385830496814866
0.00471666195	0.915828516713109
0.0047222175	0.9074090592249939
0.00472777305	0.9851279013440586
0.0047333285999999995	1.0151176252462826
0.00473888415	1.0444033335954632
0.004744439699999999	1.1248299884485318
0.00474999525	1.1528440596280995
0.0047555508	1.1449683377350548
0.00476110635	1.1326551721606393
0.0047666619	1.1058434852596224
0.0047722174499999995	1.0965529776032057
0.004777773	1.0995646912293002
0.004783328549999999	1.127093948716217
0.0047888841	1.1541631527826157
0.004794439649999999	1.2286981156120518
0.0047999952	1.2544668273307567
0.00480555075	1.3242339905308933
0.0048111062999999996	1.3484631024549463
0.00481666185	1.3274681662499321
0.0048222173999999994	1.3165287758571738
0.00482777295	1.2853437196901327
0.004833328499999999	1.2740544078884373
0.00483888405	1.2626280913165044
0.0048444396	1.2304205843297196
0.00484999515	1.2188148864694253
0.0048555507	1.2260116996682393
0.0048611062499999995	1.31487230385479
0.0048666618	1.4014115710948236
0.004872217349999999	1.4216367407072354
0.0048777729	1.4824552473638821
0.00488332845	1.5039755722821015
0.004888884	1.5248564570575474
0.00489443955	1.5155232442310291
0.0048999950999999995	1.5021923238455797
0.00490555065	1.4645296862144996
0.004911106199999999	1.4509177393738961
0.00491666175	1.4316022359771743
0.0049222173	1.4497035840119423
0.00492777285	1.499192043320446
0.0049333284	1.5185530719191536
0.0049388839499999995	1.5375514400681822
0.0049444395	1.60243543358386
0.004949995049999999	1.6838762792548356
0.0049555506	1.7004353567970265
0.00496110615	1.6856580942758534
0.0049666617	1.643963883616061
0.00497221725	1.6289528934116027
0.0049777727999999995	1.5862170052793625
0.00498332835	1.5703974315285936
0.004988883899999999	1.5575378457752582
0.00499443945	1.5400195656482967
0.004999995	1.6206594736704352
0.00500555055	1.705372065664949
0.0050111061	1.72159834286294
0.0050166616499999995	1.7661532336047403
0.0050222172	1.781682903613219
0.005027772749999999	1.7994874795114744
0.0050333283	1.7840133890171441
0.00503888385	1.76811785550865
0.0050444394	1.728055127576571
0.00504999495	1.7142727752236404
0.0050555504999999995	1.687000621703197
0.00506110605	1.7017954493543208
0.005066661599999999	1.7416080379216266
0.00507221715	1.7553153971421984
0.005077772699999999	1.7922260140423292
0.00508332825	1.805041598103467
0.0050888838	1.8814037461832
0.0050944393499999996	2.0751706251935675
0.0050999949	2.059852692627594
0.0051055504499999994	2.017449692720504
0.005111106	2.002309173452512
0.005116661549999999	1.9596202392298503
0.0051222171	1.9442359449571922
0.00512777265	1.9010420906680787
0.0051333282	1.885594599599706
0.00513888375	1.9603652017301907
0.0051444392999999995	2.1551894606889626
0.00514999485	2.1644922157183033
0.005155550399999999	2.1962551135990918
0.00516110595	2.2076250284929784
0.0051666615	2.2227687976991652
0.00517221705	2.2069799338919744
0.0051777726	2.1620284680634776
0.0051833281499999995	2.1458863907859667
0.0051888837	2.1296684254250366
0.005194439249999999	2.0890447869538566
0.0051999948	2.0979442202175305
0.00520555035	2.120571423060174
0.0052111059	2.1309215867375344
0.00521666145	2.158555274209665
0.0052222169999999995	2.168110910445187
0.00522777255	2.3608253372671553
0.005233328099999999	2.433605045694995
0.00523888365	2.4161637964434033
0.0052444392	2.3671416117904527
0.00524999475	2.349585704158225
0.0052555503	2.299890477242959
0.0052611058499999995	2.2809536606410297
0.0052666614	2.2360084119995793
0.005272216949999999	2.2203804944734618
0.0052777725	2.4027359671013366
0.00528332805	2.47336229996292
0.0052888836	2.4808100536736437
0.00529443915	2.5002035633340514
0.0052999946999999995	2.5065618566851207
0.00530555025	2.5137092404774326
0.005311105799999999	2.495024585735682
0.00531666135	2.4417749781166647
0.005322216899999999	2.4247782607881136
0.00532777245	2.376891939335641
0.005333328	2.3597059046977322
0.0053388835499999995	2.3423749022315334
0.0053444391	2.3383410948566365
0.005349994649999999	2.343056899050715
0.0053555502	2.3807237439988334
0.005361105749999999	2.4485537228593777
0.0053666613	2.6362003919026002
0.00537221685	2.7019101945181028
0.0053777723999999996	2.666417992088451
0.00538332795	2.6478988201672435
0.005388883499999999	2.629284633330342
0.00539443905	2.5769577486780055
0.005399994599999999	2.5581881119192422
0.00540555015	2.538912923731176
0.0054111057	2.6039048469257597
0.00541666125	2.782081891656714
0.0054222168	2.8443654063947688
0.0054277723499999994	2.8613304769578836
0.0054333279	2.864360476104628
0.005438883449999999	2.866903224551565
0.005444439	2.8687144613276696
0.00544999455	2.8481415692756222
0.0054555501	2.7903608694984117
0.00546110565	2.7696843842952825
0.0054666611999999995	2.711813187579827
0.00547221675	2.691071927371492
0.005477772299999999	2.64805522160261
0.00548332785	2.6462508675159424
0.0054888834	2.6470012685531543
0.00549443895	2.6607297742911697
0.0054999945	2.7221803031318434
0.0055055500499999995	2.892723527979647
0.0055111056	2.9530962010591124
0.005516661149999999	2.9255535186705854
0.0055222167	2.904166903089141
0.00552777225	2.8449051237253906
0.0055333278	2.82375461711239
0.00553888335	2.802323508780242
0.0055444388999999995	2.762058890018536
0.00554999445	2.8226008922777037
0.005555549999999999	2.990445721281671
0.00556110555	3.050155639491119
0.005566661099999999	3.180362613541373
0.00557221665	3.180211895195252
0.0055777722	3.1781579871736865
0.0055833277499999995	3.1770337361719316
0.0055888833	3.1548380191380763
0.005594438849999999	3.0924925311832507
0.0055999944	3.0716827526367854
0.005605549949999999	3.013667065160774
0.0056111055	2.993021976290873
0.00561666105	2.946762477542243
0.0056222165999999995	2.945047718772039
0.00562777215	2.9404558240287044
0.005633327699999999	2.9385110789636135
0.00563888325	2.9958221181745484
0.005644438799999999	3.155438196526184
0.00564999435	3.2119426635742476
0.0056555499	3.197964962288739
0.0056611054499999995	3.176274829179199
0.005666661	3.1161388577193976
0.005672216549999999	3.09470336402053
0.0056777721	3.0349055457934027
0.005683327649999999	3.0136482617385387
0.0056888832	3.0684069798285547
0.00569443875	3.220669048404035
0.0056999942999999996	3.2747466662718376
0.00570554985	3.4017218532743385
0.0057111053999999994	3.399677824387144
0.00571666095	3.3937600661390905
0.005722216499999999	3.3917055406538226
0.00572777205	3.3330664652760262
0.0057333276	3.310566865529322
0.00573888315	3.287951258196623
0.0057444387	3.2247911868988717
0.0057499942499999995	3.2022227405069175
0.0057555498	3.1461993342685464
0.005761105349999999	3.141050643218033
0.0057666609	3.1321492640430026
0.00577221645	3.1292120432085824
0.005777772	3.268299398255864
0.00578332755	3.3221884658141456
0.0057888830999999995	3.3757724697699723
0.00579443865	3.371894764376021
0.005799994199999999	3.34859297648483
0.00580554975	3.2836671261441466
0.0058111053	3.260457931560612
0.00581666085	3.1950541694333108
0.0058222164	3.173585850512747
0.0058277719499999995	3.306514425129984
0.0058333275	3.3590502602917094
0.005838883049999999	3.551694554110758
0.0058444386	3.6416677294920947
0.005849994149999999	3.6332319944911715
0.0058555497	3.623762658069523
0.00586110525	3.580948592876262
0.0058666607999999995	3.5373246370065705
0.00587221635	3.493026811230482
0.005877771899999999	3.4518706870255835
0.00588332745	3.4114859222391343
0.005888882999999999	3.3712583081957868
0.00589443855	3.3302639446141558
0.0058999941	3.3204029924008944
0.0059055496499999995	3.3104973604098293
0.0059111052	3.396189681138369
0.005916660749999999	3.4825544484542577
0.0059222163	3.5669052744932
0.005927771849999999	3.6510167712761468
0.0059333274	3.736410974458105
0.00593888295	3.695747263532244
0.0059444384999999995	3.6478344453836096
0.00594999405	3.607111998780993
0.005955549599999999	3.5589967784807173
0.00596110515	3.5184276547824047
0.005966660699999999	3.603311962037077
0.00597221625	3.6784428233592146
0.0059777718	3.765620846654409
0.0059833273499999996	3.837065653338432
0.0059888829	3.8295754008582374
0.0059944384499999994	3.819218121153295
0.005999994	3.7758416325336137
0.006005549549999999	3.724501555209645
0.0060111051	3.6809713701380526
0.00601666065	3.629563431072814
0.0060222162	3.585935793478443
0.00602777175	3.5344769600750023
0.0060333272999999995	3.4908662107342003
0.00603888285	3.4764745875578686
0.006044438399999999	3.466721638636178
0.00604999395	3.5386534351889005
0.0060555495	3.6228952734853426
0.00606110505	3.693654673425723
0.0060666606	3.7774423845423177
0.0060722161499999995	3.848504620860864
0.0060777717	3.796482618739202
0.006083327249999999	3.75062255079438
0.0060888828	3.704863850175918
0.006094438349999999	3.647900016681255
0.0060999939	3.604996668726411
0.00610554945	3.682062224652751
0.0061111049999999995	3.7534944603386875
0.00611666055	3.8377440159413645
0.006122216099999999	3.9089953192170457
0.00612777165	3.9870613392564747
0.006133327199999999	3.980604782320361
0.00613888275	3.9348805603572394
0.0061444383	3.880656940169108
0.0061499938499999995	3.83357472594727
0.0061555494	3.7817885644145632
0.006161104949999999	3.7382557283876845
0.0061666605	3.687354225296865
0.006172216049999999	3.644547267391893
0.0061777716	3.596969997778311
0.00618332715	3.5924537391201716
0.0061888826999999995	3.6621038074662593
0.00619443825	3.74448208230734
0.006199993799999999	3.814226256590665
0.00620554935	3.8962887408668125
0.006211104899999999	3.9667800408140645
0.00621666045	3.9191734854866347
0.006222216	3.8752071940798443
0.0062277715499999995	3.823458386234841
0.0062333271	3.7796592660099844
0.006238882649999999	3.7358765574988073
0.0062444382	3.8071462975909616
0.006249993749999999	3.8746737636279978
0.0062555493	3.953940922195042
0.00626110485	4.019479380506135
0.0062666603999999996	4.095570463553334
0.00627221595	4.093182485879068
0.0062777714999999994	4.040954658257388
0.00628332705	3.9958953479171386
0.006288882599999999	3.951050680473537
0.00629443815	3.8985142079826884
0.0062999937	3.8539681471696454
0.00630554925	3.801538511736672
0.0063111048	3.757210634193093
0.0063166603499999995	3.7104894269759696
0.0063222159	3.776318402270964
0.006327771449999999	3.8541632110545505
0.006333327	3.920541223820734
0.006338882549999999	3.9871721445817703
0.0063444381	4.065374699846326
0.00634999365	4.131349308783556
0.0063555491999999995	4.0836108514635105
0.00636110475	4.037517967071533
0.006366660299999999	3.983182904419809
0.00637221585	3.9359790350343165
0.006377771399999999	3.8928109860097866
0.00638332695	3.9593444514913996
0.0063888825	4.025273501258563
0.0063944380499999995	4.102822935609456
0.0063999936	4.168026641002698
0.006405549149999999	4.240074689394133
0.0064111047	4.192819296694729
0.006416660249999999	4.136716086248181
0.0064222158	4.089114714810752
0.00642777135	4.031903080429496
0.0064333268999999995	3.985892914576483
0.00643888245	3.9398025780772876
0.006444437999999999	3.8855750246421183
0.00644999355	3.8400171892821793
0.006455549099999999	3.7902716959565037
0.00646110465	3.851393532046672
0.0064666602	3.9245723073624172
0.0064722157499999995	3.9864897384883307
0.0064777713	4.059278250695951
0.006483326849999999	4.119781834570392
0.0064888824	4.184055536211168
0.006494437949999999	4.136785207848167
0.0064999935	4.089055672380833
0.00650554905	4.033049519885819
0.0065111045999999995	3.9857103733259196
0.00651666015	3.936574224914568
0.006522215699999999	3.9985565639634295
0.00652777125	4.071172533405282
0.006533326799999999	4.132559646952163
0.00653888235	4.192278238874266
0.0065444379	4.265361817987234
0.0065499934499999996	4.272674502983971
0.006555549	4.217468916831836
0.006561104549999999	4.167558397987266
0.0065666601	4.108595049847157
0.006572215649999999	4.058588383787037
0.0065777712	3.9999252152354714
0.00658332675	3.9504066909167124
0.0065888823	3.901068623898492
0.00659443785	3.8408549649554753
0.0065999933999999994	3.8465844139284675
0.00660554895	3.912628264536808
0.006611104499999999	3.971476026458072
0.00661666005	4.041529402782801
0.006622215599999999	4.1017745181502665
0.00662777115	4.1642949377369955
0.0066333267	4.112816222882589
0.0066388822499999995	4.062074574903604
0.0066444378	4.002466159704975
0.006649993349999999	3.9496364440785934
0.0066555489	3.8973480671314653
0.006661104449999999	4.036296555023337
0.00666666	4.101081400744808
0.00667221555	4.178600635845842
0.0066777710999999995	4.244542480529269
0.00668332665	4.24723714593513
0.006688882199999999	4.192558122519515
0.00669443775	4.142598693510254
0.006699993299999999	4.082375912929621
0.00670554885	4.0340384467945265
0.0067111044	3.978211137454679
0.0067166599499999995	3.930829275169542
0.0067222155	3.87941791432187
0.006727771049999999	3.881318011460478
0.0067333266	3.8830059186951464
0.006738882149999999	3.9526548156331134
0.0067444377	4.016898076435992
0.00674999325	4.092904195283766
0.0067555487999999995	4.158313042972526
0.00676110435	4.229151412007343
0.006766659899999999	4.180025751353717
0.00677221545	4.123103825937993
0.006777770999999999	4.075273499493968
0.00678332655	4.027760086876778
0.0067888821	3.9744098355936988
0.0067944376499999995	4.03954228849573
0.0067999932	4.1165857385827955
0.006805548749999999	4.1820687564271894
0.0068111043	4.255245542370272
0.006816659849999999	4.252819666306122
0.0068222154	4.2466257666623015
0.00682777095	4.198362430202193
0.0068333264999999995	4.169463111109602
0.00683888205	4.089070010338939
0.006844437599999999	4.060454619337363
0.00684999315	3.980689584445932
0.006855548699999999	3.95241524560642
0.00686110425	3.8893079749032453
0.006866659799999999	3.887222190707523
0.0068722153499999996	3.9148138931384766
0.0068777709	3.9536562106781132
0.0068833264499999994	3.9929996820972353
0.006888882	4.103333563308888
0.006894437549999999	4.1431696528825155
0.0068999931	4.228224598000003
0.006905548649999999	4.198947216696436
0.0069111042	4.117980458607499
0.00691665975	4.089222818091606
0.0069222152999999995	4.0091341582489735
0.00692777085	3.9811813922763504
0.006933326399999999	4.0217813923971635
0.00693888195	4.135783574177178
0.006944437499999999	4.17708568284589
0.00694999305	4.2752109391459125
0.0069555486	4.27162136302811
0.0069611041499999995	4.245361627172484
0.0069666597	4.21591443598656
0.006972215249999999	4.133554812575838
0.0069777708	4.104049679268604
0.006983326349999999	4.075378027514403
0.0069888819	3.995509782967953
0.00699443745	3.9671152117408117
0.0069999929999999995	3.897360305873084
0.00700554855	3.892724189417915
0.007011104099999999	3.8806483012892192
0.00701665965	3.8766073765780416
0.007022215199999999	3.9802602020510323
0.00702777075	4.02081652410074
0.0070333263	4.061134475905713
0.0070388818499999995	4.0347319367974
0.0070444374	4.005552989616842
0.007049992949999999	3.9245306961389637
0.0070555485	3.8957391779783443
0.007061104049999999	3.815322351386154
0.0070666596	3.7867667620680123
0.00707221515	3.8882974728368165
0.0070777706999999995	3.9297228443083734
0.00708332625	3.9716699685781545
0.007088881799999999	4.077697560620465
0.00709443735	4.071385286355253
0.007099992899999999	4.053582967876712
0.00710554845	4.047017358444847
0.007111104	3.9718970565504392
0.0071166595499999995	3.9416430822915385
0.0071222151	3.8577861404675677
0.007127770649999999	3.8279487797184744
0.0071333262	3.7982299920897797
0.007138881749999999	3.719524809520554
0.0071444373	3.7096438554064566
0.007149992849999999	3.687160785693653
0.0071555483999999996	3.679704924059761
0.00716110395	3.7785290607069566
0.0071666594999999994	3.8217237854996124
0.00717221505	3.886498179501511
0.007177770599999999	3.8567938783357647
0.00718332615	3.827161953458956
0.007188881699999999	3.7448164577832412
0.00719443725	3.7159813608862287
0.0071999928	3.6330513569952663
0.0072055483499999995	3.605110962073236
0.0072111039	3.7039857310534816
0.007216659449999999	3.75055105775478
0.007222215	3.883059079837485
0.007227770549999999	3.9309771438562606
0.0072333261	3.923886004953568
0.00723888165	3.9041452969628256
0.0072444371999999995	3.8973665947490765
0.00724999275	3.8298563491151314
0.007255548299999999	3.8002499644812486
0.00726110385	3.7211638865225036
0.007266659399999999	3.693490971600963
0.00727221495	3.617513112967193
0.0072777705	3.5907263103772387
0.0072833260499999995	3.584849765275443
0.0072888816	3.5690523615160803
0.007294437149999999	3.5637058990262753
0.0072999927	3.6673138423740568
0.007305548249999999	3.716605892224655
0.0073111038	3.8091927301418194
0.00731665935	3.7816480202063634
0.0073222148999999995	3.706139809615471
0.00732777045	3.679463329266833
0.007333325999999999	3.653090411550362
0.00733888155	3.5800279929544936
0.007344437099999999	3.5542747571741415
0.00734999265	3.6484748562753397
0.0073555482	3.6986237014467878
0.0073611037499999995	3.8063996325267664
0.0073666593	3.8003637919250317
0.007372214849999999	3.783143467716426
0.0073777704	3.7773742973620523
0.007383325949999999	3.771609931254634
0.0073888815	3.71378849213104
0.007394437049999999	3.6875112146858022
0.0073999925999999995	3.614824620925305
0.00740554815	3.589040547571239
0.007411103699999999	3.517354074500261
0.00741665925	3.4919031668859044
0.007422214799999999	3.470577749377807
0.00742777035	3.464250883972962
0.007433325899999999	3.45819695466455
0.0074388814499999996	3.557028336841169
0.007444437	3.609398690872708
0.0074499925499999994	3.7268257543848775
0.0074555481	3.7009497904141533
0.007461103649999999	3.629724429714092
0.0074666592	3.6045179668340332
0.007472214749999999	3.5347528279762854
0.0074777703	3.509992025902212
0.00748332585	3.485000098353514
0.0074888813999999995	3.4316151842095226
0.00749443695	3.4867168577310648
0.007499992499999999	3.6184869586111628
0.00750554805	3.613466482257872
0.007511103599999999	3.5996858876887434
0.00751665915	3.594901459168186
0.0075222147	3.565288476113985
0.0075277702499999995	3.5402345837594438
0.0075333258	3.515168243025941
0.007538881349999999	3.4452493582212695
0.0075444369	3.4206863558599907
0.007549992449999999	3.360685828289132
0.007555548	3.355988424012952
0.00756110355	3.3435809692518617
0.0075666590999999995	3.3393111517989023
0.00757221465	3.32832558550882
0.007577770199999999	3.32465827331242
0.00758332575	3.384239313883284
0.007588881299999999	3.534534674530874
0.00759443685	3.5094508664151665
0.0075999924	3.4397387887091773
0.0076055479499999995	3.4150003993497244
0.0076111035	3.34662186221494
0.007616659049999999	3.3223407237904614
0.0076222146	3.254727733662871
0.007627770149999999	3.2307567514262003
0.0076333257	3.292428418245434
0.007638881249999999	3.4525700903213465
0.0076444367999999995	3.447512049626972
0.00764999235	3.4353025799927255
0.007655547899999999	3.4310334623574565
0.00766110345	3.4083175836493935
0.007666658999999999	3.3839191458152076
0.00767221455	3.315908469176258
0.007677770099999999	3.2917168062737354
0.0076833256499999995	3.2676290557643144
0.0076888812	3.20513964706225
0.007694436749999999	3.202202479343712
0.0076999923	3.192628118408425
0.007705547849999999	3.190288201648286
0.0077111034	3.187432521133867
0.007716658949999999	3.187789149849712
0.0077222144999999996	3.3533314065802577
0.00772777005	3.4195707227672405
0.007733325599999999	3.3952586163446403
0.00773888115	3.3281041574142862
0.007744436699999999	3.304459191267697
0.00774999225	3.2382077100660185
0.007755547799999999	3.213349853708502
0.00776110335	3.148730937963581
0.0077666589	3.126392641248267
0.0077722144499999994	3.2422324935040003
0.00777777	3.241838931507999
0.007783325549999999	3.2431333616701146
0.0077888811	3.2512548627196436
0.007794436649999999	3.255267114071486
0.0077999922	3.258011939263419
0.00780554775	3.237150313403302
0.0078111032999999995	3.177176973779253
0.00781665885	3.155721520079072
0.0078222144	3.0970721542443127
0.007827769949999999	3.0764452561742677
0.0078333255	3.0807561472935436
0.00783888105	3.093832970894921
0.007844436599999999	3.0991845790353105
0.00784999215	3.1153961797956393
0.0078555477	3.1217673959171117
0.00786110325	3.241911128537488
0.007866658799999999	3.2215311763383263
0.00787221435	3.1630879495440474
0.0078777699	3.142475590439144
0.007883325449999999	3.122201399262834
0.007888881	3.0663938646121247
0.00789443655	3.0470142977248886
0.0078999921	2.9938255548945274
0.007905547649999999	2.9752133885678322
0.0079111032	3.1027247145312526
0.00791665875	3.108973021911471
0.0079222143	3.126701808877636
0.00792776985	3.1318770449779705
0.0079333254	3.137744380732838
0.00793888095	3.150716269134612
0.007944436499999999	3.131456620758091
0.00794999205	3.078751805109406
0.0079555476	3.0602558523369137
0.00796110315	3.009270328840746
0.0079666587	2.991308166045407
0.00797221425	3.0097534020202628
0.0079777698	3.0190096368955395
0.007983325349999999	3.0263798356846108
0.0079888809	3.0482575009987785
0.00799443645	3.056874488151681
0.007999992	3.0719465097357457
0.00800554755	3.0534761119466647
0.0080111031	3.003301542032835
0.00801665865	2.9856866626112506
0.008022214199999999	2.9375249405829407
0.00802776975	2.920504039957717
0.0080333253	2.903943795415856
0.00803888085	2.8543733373358373
0.008044436399999999	2.836448122820907
0.00804999195	2.797963178568753
0.0080555475	2.808056320778408
0.008061103049999999	2.8373390169188144
0.0080666586	2.8482259735237694
0.00807221415	2.88022097967582
0.0080777697	2.8920684876762297
0.008083325249999999	2.8750641833312613
0.0080888808	2.828092991245986
0.00809443635	2.810024883845277
0.008099991899999999	2.7604017743455924
0.00810554745	2.743038106910739
0.008111103	2.766233166807294
0.00811665855	2.7793451870042225
0.008122214099999999	2.8178551311488884
0.00812776965	2.8322040054087028
0.0081333252	2.8475762400261146
0.008138880749999999	2.8851100105283556
0.0081444363	2.867921709766247
0.00814999185	2.8192570923044156
0.0081555474	2.8020360157956214
0.008161102949999999	2.754525957778715
0.0081666585	2.7376852672825374
0.00817221405	2.6911895795006897
0.008177769599999999	2.674776988234883
0.00818332515	2.658551895152128
0.0081888807	2.507468604017837
0.00819443625	2.524565639987616
0.008199991799999999	2.5710969580886878
0.00820554735	2.5878263409645506
0.0082111029	2.635803240624569
0.008216658449999999	2.653468859696341
0.008222214	2.6143019719392435
0.00822776955	2.5979361967745302
0.0082333251	2.5817616080490837
0.008238880649999999	2.5368746291110975
0.0082444362	2.5210935617944785
0.00824999175	2.5530955574703054
0.008255547299999999	2.571814822252539
0.00826110285	2.6243828588201152
0.0082666584	2.643619415721348
0.00827221395	2.621847479485897
0.008277769499999999	2.543239059962433
0.00828332505	2.5272504981198813
0.0082888806	2.483259191940211
0.008294436149999999	2.46777143554746
0.0082999917	2.4250663588253687
0.00830554725	2.410046428601088
0.0083111028	2.3664155827355295
0.008316658349999999	2.350540719768339
0.0083222139	2.256849880491565
0.00832776945	2.178691695058637
0.008333324999999999	2.201297972845574
0.00833888055	2.2664778611888527
0.0083444361	2.290662637296024
0.00834999165	2.360117517895352
0.008355547199999999	2.3858261081841317
0.00836110275	2.3613298912931087
0.0083666583	2.3466079663494703
0.008372213849999999	2.304273460259905
0.0083777694	2.289447864973152
0.00838332495	2.275261674007324
0.0083888805	2.315284470599266
0.008394436049999999	2.342090731696993
0.0083999916	2.4193061572334273
0.00840554715	2.447907550119583
0.008411102699999999	2.4663734146398775
0.00841665825	2.3897751188635112
0.0084222138	2.226518960981266
0.00842776935	2.2118619141765152
0.008433324899999999	2.1976039991044916
0.00843888045	2.158627568657329
0.008444436	2.1451245420348646
0.008449991549999999	2.1081203229387815
0.0084555471	2.0952010848873237
0.00846110265	2.022088073947953
0.0084666582	1.946344869507612
0.008472213749999999	1.8198408665695955
0.0084777693	1.8500077491606484
0.00848332485	1.878504643997727
0.008488880399999999	1.9599355668856862
0.00849443595	1.990150052005114
0.0084999915	1.979545734766927
0.00850554705	1.966674179112331
0.008511102599999999	1.9318209559054245
0.00851665815	1.9198587529088003
0.0085222137	1.9215340703418073
0.00852776925	1.9529895369844883
0.008533324799999999	1.9867743365611896
0.00853888035	2.0769660627342024
0.0085444359	2.109421499272935
0.008549991449999999	2.1576163098708943
0.008555547	2.0802451788104293
0.00856110255	1.9044093000637465
0.0085666581	1.89224217999192
0.008572213649999999	1.859532674314132
0.0085777692	1.8482323951328636
0.00858332475	1.8371408193709118
0.008588880299999999	1.8081831681299938
0.00859443585	1.7960810684268207
0.0085999914	1.7381188370984624
0.00860554695	1.6638902010736987
0.008611102499999999	1.5222684613938717
0.00861665805	1.5564944039146673
0.0086222136	1.654506595667945
0.008627769149999999	1.6900965783564443
0.0086333247	1.7268684018655214
0.00863888025	1.736278623741651
0.0086444358	1.7270291119797423
0.008649991349999999	1.6968390941745222
0.0086555469	1.685829270295751
0.00866110245	1.6557188123863975
0.008666657999999999	1.645229753076836
0.00867221355	1.7404541825497561
0.0086777691	1.7786143663963445
0.00868332465	1.8176517179777707
0.008688880199999999	1.701499744854087
0.00869443575	1.6281589985251905
0.0086999913	1.4497654105144693
0.008705546849999999	1.4393595641439525
0.0087111024	1.4109245546535436
0.00871665795	1.4009329427094381
0.0087222135	1.3737553537289884
0.008727769049999999	1.3642244418963985
0.0087333246	1.3547793412747549
0.00873888015	1.205405714017335
0.008744435699999999	1.135271944292213
0.00874999125	0.9863195426481753
0.0087555468	1.0259921836671686
0.00876110235	1.137743598663005
0.008766657899999999	1.1781845997095948
0.00877221345	1.252950602779597
0.008777769	1.2439511942127472
0.008783324549999999	1.23505758165476
0.0087888801	1.2106795143151885
0.00879443565	1.202193816387755
0.0087999912	1.1788590396509984
0.008805546749999999	1.1708162070742691
0.0088111023	1.2722718104924808
0.00881665785	1.3161681698748267
0.008822213399999999	1.350420562237097
0.00882776895	1.280385561106962
0.0088333245	1.2113944724740158
0.00883888005	1.0318401681031453
0.008844435599999999	1.0238030552464776
0.00884999115	1.0020553427314678
0.0088555467	0.9945444125191577
0.008861102249999999	0.9736890249742991
0.0088666578	0.9654456638650625
0.00887221335	0.8949731250294696
0.0088777689	0.8273360703887389
0.008883324449999999	0.7600365045541702
0.00888888	0.5738284465954392
0.00889443555	0.5081302042223992
0.008899991099999999	0.5735276535382573
0.00890554665	0.6222508789450704
0.0089111022	0.7277641653311232
0.00891665775	0.7219477079216456
0.008922213299999999	0.7029714310500174
0.00892776885	0.6957720441740941
0.0089333244	0.6887597881960111
0.008938879949999999	0.6702852670742323
0.0089444355	0.6642880019815276
0.00894999105	0.7751432860949892
0.0089555466	0.8285741964161417
0.008961102149999999	0.9088281850918958
0.0089666577	0.8435408632910165
0.00897221325	0.6629874221204776
0.008977768799999999	0.598630562387934
0.00898332435	0.592454642776125
0.0089888799	0.5764607055430069
0.00899443545	0.5712386389805062
0.008999990999999999	0.5582079261823397
0.00900554655	0.5540839766964304
0.0090111021	0.5092856201059993
0.009016657649999999	0.4485111768506681
0.0090222132	0.2793311352676034
0.00902776875	0.2191009902503023
0.0090333243	0.16001737113266373
0.009038879849999999	0.21721002863309782
0.0090444354	0.2702995770569267
0.00904999095	0.39756102582916586
0.009055546499999999	0.3940828032083748
0.009061102049999999	0.385003317337013
0.0090666576	0.3820403011705987
0.00907221315	0.37454370649040947
0.009077768699999999	0.3720086128871338
0.00908332425	0.36971235340340486
0.0090888798	0.4816660659727019
0.00909443535	0.5367416666339804
0.009099990899999999	0.647613776327551
0.00910554645	0.5861014802897033
0.009111102	0.41849091633889507
0.009116657549999999	0.359476383108042
0.0091222131	0.34245406195391775
0.00912776865	0.3407667248953742
0.0091333242	0.3393198854154026
0.009138879749999999	0.3357731760110933
0.0091444353	0.335332519061923
0.00914999085	0.3062105153523745
0.009155546399999999	0.24741486375268923
0.00916110195	0.08554820247123074
0.0091666575	0.028440625270445375
0.00917221305	-0.03543639604184383
0.009177768599999999	0.026078620402950458
0.00918332415	0.08816181139736559
0.0091888797	0.13737644781435834
0.009194435249999999	0.13723601415330736
0.0091999908	0.13761082300919114
0.00920554635	0.1358875597633306
0.0092111019	0.13167501740490312
0.009216657449999999	0.13042678725124132
0.009222213	0.17952512150502714
0.00922776855	0.24336856129522202
0.009233324099999999	0.308041927806947
0.00923887965	0.2514434681297127
0.0092444352	0.19769696328367622
0.00924999075	0.04881044424005602
0.009255546299999999	-0.003999174689148869
0.00926110185	-0.12113410727400004
0.0092666574	-0.12121131883942066
0.009272212949999999	-0.12025327615898324
0.0092777685	-0.11975009127901177
0.00928332405	-0.11902750616306268
0.0092888796	-0.1269540505757878
0.009294435149999999	-0.1777801696984247
0.0092999907	-0.3190924452225159
0.00930554625	-0.3694863034597584
0.009311101799999999	-0.43777937064772426
0.00931665735	-0.36923965957510213
0.0093222129	-0.22800974463827123
0.00932776845	-0.22641625824257902
0.009333323999999999	-0.2247397165489866
0.00933887955	-0.2194070923755727
0.0093444351	-0.2172419312328928
0.009349990649999999	-0.210713330864513
0.0093555462	-0.2081654154499566
0.00936110175	-0.15804742161317845
0.0093666573	-0.08432842747013515
0.009372212849999999	0.022224363105436816
0.0093777684	-0.027348685727647298
0.00938332395	-0.07636621865171951
0.009388879499999999	-0.21249490037660368
0.00939443505	-0.2605364083990945
0.0093999906	-0.37197233811671226
0.00940554615	-0.36826690272946383
0.009411101699999999	-0.3569754690262828
0.00941665725	-0.3526988996537208
0.0094222128	-0.3420840907061043
0.009427768349999999	-0.3394311382569923
0.0094333239	-0.3859811561464238
0.00943887945	-0.5147901194276798
0.009444435	-0.5595317549274913
0.009449990549999999	-0.6794828705141511
0.0094555461	-0.7203137689570571
0.00946110165	-0.5992951286843718
0.009466657199999999	-0.5931213238808348
0.00947221275	-0.5747473636739342
0.0094777683	-0.5681727371224186
0.00948332385	-0.5631574889434495
0.009488879399999999	-0.5485453682701078
0.00949443495	-0.543096339181783
0.0094999905	-0.527097491164912
0.009505546049999999	-0.5210526573270114
0.0095111016	-0.4082120095913907
0.00951665715	-0.44774944148037094
0.0095222127	-0.5542926108069397
0.009527768249999999	-0.5918129338853323
0.0095333238	-0.6289636858982689
0.00953887935	-0.7270048611991053
0.009544434899999999	-0.7209094170775103
0.00954999045	-0.7030070346359976
0.009555546	-0.6962196448897533
0.00956110155	-0.6763700879129716
0.009566657099999999	-0.6690994320534714
0.00957221265	-0.7609226807137864
0.0095777682	-0.7965120718440848
0.009583323749999999	-0.8315141107023049
0.009588879299999999	-0.92687403075523
0.00959443485	-0.9632699500586817
0.0095999904	-0.8459580323753085
0.009605545949999999	-0.8385088406555037
0.0096111015	-0.8169498762068771
0.00961665705	-0.8089001412252353
0.009622212599999999	-0.7854302801970251
0.009627768149999999	-0.7768941859195889
0.0096333237	-0.7682288363125718
0.00963887925	-0.7432101662351979
0.009644434799999999	-0.7330279798124396
0.00964999035	-0.8036142288355581
0.0096555459	-0.8377727606575294
0.00966110145	-0.9314762569917383
0.009666656999999999	-0.9643826350496253
0.00967221255	-1.0544304544490055
0.0096777681	-1.0861813170740726
0.009683323649999999	-1.0762025620462212
0.0096888792	-1.0477213962055214
0.00969443475	-1.0373616640901082
0.0096999903	-1.0070869979803156
0.009705545849999999	-0.9990109188770768
0.0097111014	-1.0708186154204424
0.00971665695	-1.1016102259688425
0.009722212499999999	-1.1852766305766929
0.00972776805	-1.2146304454094534
0.0097333236	-1.2434195858619748
0.00973887915	-1.2432991282402488
0.009744434699999999	-1.231820628651816
0.00974999025	-1.1991678881406227
0.0097555458	-1.1864901851466993
0.009761101349999999	-1.1585084131007422
0.0097666569	-1.1487934741147405
0.00977221245	-1.1207700168009316
0.009777768	-1.110551088308972
0.009783323549999999	-1.1002437494971846
0.0097888791	-1.1456277271458486
0.00979443465	-1.1717026962952293
0.009799990199999999	-1.241072273929888
0.00980554575	-1.265673896320826
0.0098111013	-1.33334473751116
0.00981665685	-1.3581184221596285
0.009822212399999999	-1.3334981808884812
0.00982776795	-1.3219281492266832
0.0098333235	-1.3101158326720563
0.009838879049999999	-1.276725008070158
0.0098444346	-1.2646291856934886
0.00984999015	-1.3068422148591656
0.0098555457	-1.3289492613540648
0.009861101249999999	-1.3889131257729774
0.0098666568	-1.4096399315902677
0.00987221235	-1.5231787187714627
0.009877767899999999	-1.609744513615821
0.00988332345	-1.5961999423984128
0.009888879	-1.5582229837391184
0.00989443455	-1.544486566606714
0.009899990099999999	-1.505616726742829
0.00990554565	-1.4915731761066806
0.0099111012	-1.4519515663602818
0.009916656749999999	-1.4377614932310985
0.0099222123	-1.4741328307916552
0.00992776785	-1.5573089817473158
0.0099333234	-1.576367110921652
0.009938878949999999	-1.6283698114883365
0.0099444345	-1.646581864486132
0.00994999005	-1.6960779856237616
0.009955545599999999	-1.7131279262540464
0.00996110115	-1.6835273120692693
0.0099666567	-1.6681328193333007
0.00997221225	-1.6241631849905707
0.009977767799999999	-1.6077738240346064
0.00998332335	-1.5945184828891534
0.0099888789	-1.6182544875163203
0.009994434449999999	-1.6353442421373952
end