t  ft
begin
0.0	-0.5152443960115584
5.55555E-6	-0.5192037234422459
1.11111E-5	-0.5237036028257475
1.6666649999999997E-5	-0.5274789836048979
2.22222E-5	-0.522824452233511
2.777775E-5	-0.5240907169663089
3.3333299999999995E-5	-0.5285650769215303
3.8888849999999996E-5	-0.5350845691122493
4.44444E-5	-0.5298156854400363
4.999995E-5	-0.5317055536261451
5.55555E-5	-0.5363071991273097
6.111105E-5	-0.5429126979270711
6.666659999999999E-5	-0.5375653651511327
7.222215E-5	-0.5367167193546631
7.777769999999999E-5	-0.5413471113202496
8.333325E-5	-0.5480948006297343
8.88888E-5	-0.5449495187659481
9.444434999999999E-5	-0.5442067429633919
9.99999E-5	-0.5490833954440579
1.0555544999999999E-4	-0.5562812112705192
1.11111E-4	-0.5533117949648338
1.1666655E-4	-0.5505597063264308
1.222221E-4	-0.5580590797304287
1.2777764999999998E-4	-0.5633193268971628
1.3333319999999998E-4	-0.5600899754329377
1.3888875E-4	-0.557490026060808
1.444443E-4	-0.5653594282736017
1.4999985E-4	-0.5711094654609976
1.5555539999999998E-4	-0.5711079610373092
1.6111094999999998E-4	-0.5662621952208223
1.666665E-4	-0.5749632237006255
1.7222205E-4	-0.5786305469130695
1.777776E-4	-0.5788917901804469
1.8333314999999998E-4	-0.5743079311154708
1.8888869999999998E-4	-0.5838591557116252
1.9444425E-4	-0.5907789860035269
1.999998E-4	-0.5949026379913149
2.0555535E-4	-0.5905645481491779
2.1111089999999998E-4	-0.597997695783567
2.1666644999999998E-4	-0.6024803711644435
2.22222E-4	-0.607159067246432
2.2777755E-4	-0.6030229247530798
2.333331E-4	-0.6082463832598578
2.3888864999999998E-4	-0.6163192442432788
2.444442E-4	-0.6218969547354855
2.4999975E-4	-0.6179712330533466
2.5555529999999997E-4	-0.6240086032688692
2.6111084999999996E-4	-0.6294104779989123
2.6666639999999996E-4	-0.6389053222958841
2.7222195E-4	-0.6351958571883162
2.777775E-4	-0.6389248366770902
2.8333305E-4	-0.6482874035552673
2.888886E-4	-0.6584479297007456
2.9444415E-4	-0.6548230993628503
2.999997E-4	-0.658989370267426
3.0555525E-4	-0.6650973022164266
3.1111079999999997E-4	-0.678681853188146
3.1666634999999996E-4	-0.6752924947858486
3.2222189999999996E-4	-0.6758249153014073
3.2777745E-4	-0.6858515793746934
3.33333E-4	-0.6997154083340974
3.3888855E-4	-0.6961895714728122
3.444441E-4	-0.6964436245947234
3.4999965E-4	-0.7063516989824956
3.555552E-4	-0.7164186692865192
3.6111075E-4	-0.7128751370180764
3.6666629999999997E-4	-0.7094512378517512
3.7222184999999996E-4	-0.7193392045932737
3.7777739999999996E-4	-0.7294946464436743
3.8333294999999995E-4	-0.7289177395948376
3.888885E-4	-0.724942071348459
3.9444405E-4	-0.7384050841701322
3.999996E-4	-0.7447614621892076
4.0555515E-4	-0.7441001608878418
4.111107E-4	-0.7396779820048477
4.1666625E-4	-0.7496286198043941
4.2222179999999997E-4	-0.7557948173454893
4.2777734999999996E-4	-0.7582284061011284
4.3333289999999996E-4	-0.7533772626874192
4.3888844999999995E-4	-0.7631119585183778
4.44444E-4	-0.7691714015084004
4.4999955E-4	-0.7713010525199007
4.555551E-4	-0.7662157707842496
4.6111065E-4	-0.772047904912398
4.666662E-4	-0.7779605022883097
4.7222175E-4	-0.7798395428676675
4.7777729999999997E-4	-0.7746280848401895
4.8333284999999996E-4	-0.7803382216030514
4.888884E-4	-0.7861619006820673
4.9444395E-4	-0.7915404177288073
4.999995E-4	-0.786134433024613
5.0555505E-4	-0.7880247560174286
5.111105999999999E-4	-0.7938058135981617
5.1666615E-4	-0.7990658869505853
5.222216999999999E-4	-0.7935048597471205
5.2777725E-4	-0.7952902516518233
5.333327999999999E-4	-0.7974125523630495
5.3888835E-4	-0.8063894426898615
5.444439E-4	-0.80080556834942
5.4999945E-4	-0.7989086699383745
5.55555E-4	-0.8046691836963404
5.611105499999999E-4	-0.8136846682605822
5.666661E-4	-0.8080764314269918
5.722216499999999E-4	-0.8061705923722924
5.777772E-4	-0.8117127564379375
5.833327499999999E-4	-0.8173490862023612
5.888883E-4	-0.8117038695737516
5.9444385E-4	-0.8062497041693831
5.999994E-4	-0.8155923106651934
6.0555495E-4	-0.8250718642448517
6.111105E-4	-0.8194473077235946
6.1666605E-4	-0.8140084202090048
6.222215999999999E-4	-0.8197017583041559
6.2777715E-4	-0.8255609824535827
6.333326999999999E-4	-0.8199468011380542
6.3888825E-4	-0.8145799493495425
6.444437999999999E-4	-0.8240695854354103
6.4999935E-4	-0.8300071259396062
6.555549E-4	-0.828346292496915
6.6111045E-4	-0.8231038132560713
6.66666E-4	-0.8291373296997135
6.722215499999999E-4	-0.8314237901660911
6.777771E-4	-0.8299913578513431
6.833326499999999E-4	-0.8249033095272147
6.888882E-4	-0.8311193973335357
6.944437499999999E-4	-0.8334639774741144
6.999993E-4	-0.8322961954477616
7.055548499999999E-4	-0.8273550863788005
7.111104E-4	-0.8304122366686809
7.1666595E-4	-0.8327120415393378
7.222215E-4	-0.8356393252753448
7.2777705E-4	-0.8311166029662332
7.333325999999999E-4	-0.834681222774952
7.3888815E-4	-0.837140881311786
7.444436999999999E-4	-0.8405645452067089
7.4999925E-4	-0.8361429442447065
7.555547999999999E-4	-0.8363774513026794
7.6111035E-4	-0.8389841222560492
7.666658999999999E-4	-0.8467729916650841
7.7222145E-4	-0.8431957902243685
7.77777E-4	-0.8440655106057634
7.833325499999999E-4	-0.846877318202729
7.888881E-4	-0.8552116764370371
7.944436499999999E-4	-0.8513926813748164
7.999992E-4	-0.8490822811527337
8.055547499999999E-4	-0.8564198217805443
8.111103E-4	-0.8609466965891106
8.166658499999999E-4	-0.8581973804834053
8.222214E-4	-0.8564014886230036
8.277769499999999E-4	-0.8639347252688104
8.333325E-4	-0.872438219496422
8.3888805E-4	-0.8700392346386001
8.444435999999999E-4	-0.8686519992180981
8.4999915E-4	-0.8729817360627775
8.555546999999999E-4	-0.8773219586837098
8.6111025E-4	-0.8760299053711704
8.666657999999999E-4	-0.8740606285694383
8.7222135E-4	-0.883156662769339
8.777768999999999E-4	-0.8914547912402166
8.8333245E-4	-0.8905878933217886
8.88888E-4	-0.8888651389100339
8.944435499999999E-4	-0.894652097591113
8.999991E-4	-0.8985177846482147
9.055546499999999E-4	-0.8980458849739207
9.111102E-4	-0.8965669640013346
9.166657499999999E-4	-0.9072878973586137
9.222213E-4	-0.9111263131862926
9.277768499999999E-4	-0.91068366596939
9.333324E-4	-0.909221901919452
9.388879499999999E-4	-0.9162758425088905
9.444435E-4	-0.9155827437264452
9.4999905E-4	-0.9187045207206735
9.555545999999999E-4	-0.916255954833895
9.6111015E-4	-0.9234645719511496
9.666656999999999E-4	-0.9228122263860509
9.7222125E-4	-0.9259142570582203
9.777768E-4	-0.9244614208501597
9.833323499999999E-4	-0.927796630405962
9.888879E-4	-0.9270623923346445
9.9444345E-4	-0.9338998171768955
9.99999E-4	-0.9313622331577479
0.0010055545499999998	-0.9346689179694633
0.0010111101	-0.9339359105965881
0.00101666565	-0.9407448968253264
0.0010222211999999999	-0.9392437999556669
0.00102777675	-0.9388136023110142
0.0010333323	-0.9425400143108547
0.00103888785	-0.9447912007683004
0.0010444433999999999	-0.9421651404203917
0.00104999895	-0.9417067098644026
0.0010555545	-0.9417416110642928
0.0010611100499999999	-0.9477682099003393
0.0010666655999999998	-0.946223210269028
0.00107222115	-0.9457883210155094
0.0010777767	-0.9506420941447332
0.0010833322499999999	-0.951912814144268
0.0010888878	-0.9503942633913652
0.00109444335	-0.9499711015456488
0.0010999989	-0.9510712387803347
0.0011055544499999998	-0.956086871176756
0.00111111	-0.9556630465325917
0.00111666555	-0.9543199500176237
0.0011222210999999999	-0.9554875723318872
0.00112777665	-0.9557417691874801
0.0011333322	-0.955491499771616
0.00113888775	-0.9543109061077445
0.0011444432999999999	-0.9566769185919681
0.00114999885	-0.9569223863825517
0.0011555544	-0.956816979127709
0.00116110995	-0.9556057629470746
0.0011666654999999998	-0.9580715732475122
0.00117222105	-0.9572193191013437
0.0011777766	-0.95727279408935
0.0011833321499999999	-0.9561931409426006
0.0011888877	-0.9599667843619714
0.00119444325	-0.9591330774171303
0.0011999988	-0.9592884783793987
0.0012055543499999999	-0.9583276911487736
0.0012111099	-0.962300181181316
0.00121666545	-0.9565031951185264
0.001222221	-0.9606308722142886
0.0012277765499999998	-0.9598660923855827
0.0012333321	-0.9603914466028104
0.00123888765	-0.9546437595310943
0.0012444431999999999	-0.9590167275611866
0.00124999875	-0.9584044953962003
0.0012555543	-0.9594596551844141
0.00126110985	-0.9583240923029605
0.0012666653999999999	-0.9579524902222336
0.00127222095	-0.9576104298519459
0.0012777765	-0.9588493051673109
0.00128333205	-0.9544375162423456
0.0012888875999999998	-0.9580941128694176
0.00129444315	-0.9581858248924595
0.0012999987	-0.9598794740832176
0.0013055542499999999	-0.9606037383205279
0.0013111098	-0.9594714510872376
0.00131666535	-0.959938757170656
0.0013222209	-0.9622072071761032
0.0013277764499999998	-0.9596050168240866
0.001333332	-0.962325555676777
0.00133888755	-0.963152770712603
0.0013444430999999999	-0.9659681347530915
0.0013499986499999998	-0.9635854285400198
0.0013555542	-0.9613136990255999
0.00136110975	-0.9643566016215835
0.0013666652999999999	-0.9657721160543218
0.00137222085	-0.9653819417160343
0.0013777764	-0.9633369449650818
0.00138333195	-0.9669939064183412
0.0013888874999999998	-0.9689072483116749
0.00139444305	-0.9688386012686145
0.0013999986	-0.9650518278019368
0.0014055541499999999	-0.9692191471925725
0.0014111096999999998	-0.9716004966852221
0.00141666525	-0.9740566452603947
0.0014222208	-0.9649418499826729
0.0014277763499999999	-0.969836975139815
0.0014333319	-0.9728552797600503
0.00143888745	-0.9758187975931054
0.001444443	-0.9700669090580907
0.0014499985499999998	-0.9754053057635391
0.0014555541	-0.9787491087257377
0.00146110965	-0.9788849173439265
0.0014666651999999999	-0.9728289601452813
0.0014722207499999998	-0.9734741946205213
0.0014777763	-0.9771050868836001
0.00148333185	-0.9830366656333316
0.0014888873999999999	-0.9768998922895293
0.00149444295	-0.9777408430630173
0.0014999985	-0.9815858365455237
0.00150555405	-0.9877349197399731
0.0015111095999999998	-0.9787500849104048
0.00151666515	-0.9773075485009913
0.0015222207	-0.9814151225640416
0.0015277762499999999	-0.9878681813899896
0.0015333317999999998	-0.9814123266402783
0.00153888735	-0.9801433833193258
0.0015444429	-0.9844120311844172
0.0015499984499999999	-0.9910832589849958
0.001555554	-0.9847969458015245
0.00156110955	-0.9812536846024221
0.0015666650999999999	-0.9857402583170137
0.0015722206499999998	-0.9926300478976552
0.0015777762	-0.983597913713863
0.00158333175	-0.980287995703247
0.0015888872999999999	-0.9873845322293968
0.0015944428499999998	-0.9920096879058465
0.0015999984	-0.9884855176563181
0.00160555395	-0.9826149475036049
0.0016111094999999998	-0.9898263974331709
0.00161666505	-0.9946306341462648
0.0016222206	-0.9884388217272109
0.0016277761499999999	-0.9827187703663023
0.0016333316999999998	-0.9901550579764175
0.00163888725	-0.9925239394970288
0.0016444428	-0.9918968906206256
0.0016499983499999999	-0.9807341777207668
0.0016555538999999998	-0.9884076404260722
0.00166110945	-0.9932644022825325
0.001666665	-0.9899932774251105
0.0016722205499999998	-0.9817553341186296
0.0016777761	-0.989639038940542
0.00168333165	-0.9946584635144923
0.0016888871999999999	-0.9915348457105784
0.0016944427499999998	-0.9833382278842836
0.0016999983	-0.985865810107407
0.00170555385	-0.9909372973356754
0.0017111093999999999	-0.993165651793009
0.0017166649499999998	-0.9851125928596962
0.0017222205	-0.9878368970081102
0.00172777605	-0.9930704092230187
0.0017333315999999998	-0.9954797392506363
0.00173888715	-0.9874973353612719
0.0017444427	-0.9849977328858704
0.0017499982499999999	-0.9902867008718096
0.0017555537999999998	-0.9981927977440125
0.00176110935	-0.9874826236417605
0.0017666649	-0.9850530107993092
0.0017722204499999999	-0.990509756768028
0.001777776	-0.9986806357675762
0.00178333155	-0.9880772536129521
0.0017888870999999999	-0.9830700423247624
0.0017944426499999998	-0.9886754371892915
0.0017999982	-0.9969284264510447
0.00180555375	-0.9837104017129071
0.0018111092999999999	-0.978748004360828
0.0018166648499999998	-0.984417426861609
0.0018222204	-0.9932372698434377
0.00182777595	-0.9852386073437964
0.0018333314999999998	-0.9775754044094811
0.00183888705	-0.9834540457711685
0.0018444426	-0.9895925517080981
0.0018499981499999999	-0.9791502916416819
0.0018555536999999998	-0.9715740630583766
0.00186110925	-0.9805218018784979
0.0018666648	-0.9868228768024162
0.0018722203499999999	-0.9819525383139548
0.0018777758999999998	-0.9689901543006672
0.00188333145	-0.9781633331607611
0.001888887	-0.9816631578034913
0.0018944425499999998	-0.9744570294789618
0.0018999981	-0.9636895525184619
0.00190555365	-0.9679095873678284
0.0019111091999999999	-0.9745437371087148
0.0019166647499999998	-0.9676187891825555
0.0019222203	-0.9570284986120846
0.00192777585	-0.9616363826713948
0.0019333313999999999	-0.9655220236497638
0.0019388869499999998	-0.964385235504699
0.0019444425	-0.9539664233278473
0.00194999805	-0.9534825659390785
0.0019555536	-0.9607468601645831
0.0019611091499999998	-0.9599215168712486
0.0019666646999999997	-0.9497189684632602
0.00197222025	-0.9496963999834851
0.0019777758	-0.9541148561831928
0.00198333135	-0.9593781011802749
0.0019888869	-0.9496010132423665
0.00199444245	-0.9448291344241857
0.001999998	-0.9528878614772225
0.0020055535499999997	-0.9586311121601759
0.0020111090999999997	-0.9490651821241916
0.00201666465	-0.9447158859363439
0.0020222202	-0.9496692062271416
0.00202777575	-0.9558280640632506
0.0020333313	-0.9446065901427881
0.00203888685	-0.9354982059461233
0.0020444423999999998	-0.9407126979695379
0.0020499979499999997	-0.9525100742973437
0.0020555535	-0.9418326574613258
0.00206110905	-0.9350216667532649
0.0020666646	-0.943732155326179
0.00207222015	-0.9525386764756683
0.0020777757	-0.9405318332869838
0.0020833312499999998	-0.9289667649957339
0.0020888867999999997	-0.9379725522649192
0.00209444235	-0.9471357080925066
0.0020999979	-0.9408907043060583
0.00210555345	-0.9313449140591997
0.002111109	-0.944178524353693
0.00211666455	-0.9499434302326945
0.0021222200999999998	-0.9426416676764366
0.0021277756499999997	-0.9335200877073682
0.0021333311999999997	-0.9415465944192063
0.00213888675	-0.9474057065575181
0.0021444423	-0.940448874518337
0.00214999785	-0.9328233068565767
0.0021555534	-0.9413231652974982
0.00216110895	-0.9470959800767703
0.0021666644999999997	-0.9453608384473451
0.0021722200499999997	-0.9367388996396661
0.0021777756	-0.940567665893182
0.00218333115	-0.9465029647258885
0.0021888867	-0.9450190465564173
0.00219444225	-0.9364967677264586
0.0021999978	-0.9404066982776534
0.0022055533499999998	-0.9426193074731658
0.0022111088999999997	-0.9461753541114187
0.00221666445	-0.9378348429616111
0.00222222	-0.9370915950220777
0.00222777555	-0.943128891401879
0.0022333311	-0.946878635227924
0.00223888665	-0.9386848577073663
0.0022444421999999998	-0.9379786597760226
0.0022499977499999997	-0.9402369391543948
0.0022555533	-0.9440238577148332
0.00226110885	-0.9358684177185751
0.0022666644	-0.9304636809781419
0.00227221995	-0.936552241785959
0.0022777755	-0.945312084239215
0.00228333105	-0.9372599887975579
0.0022888865999999997	-0.9272501925148119
0.0022944421499999997	-0.9334500196713301
0.0022999977	-0.9385504958847302
0.00230555325	-0.9295277398510169
0.0023111088	-0.9206266919191475
0.00231666435	-0.9305463713670987
0.0023222199	-0.9405126029583746
0.0023277754499999997	-0.9315764277115103
0.0023333309999999997	-0.9224554945832916
0.00233888655	-0.9279878816957685
0.0023444421	-0.9342415361791608
0.00234999765	-0.9243933385715217
0.0023555532	-0.9152409162234121
0.00236110875	-0.9207160627734134
0.0023666642999999998	-0.9269197971681264
0.0023722198499999997	-0.9170158087125908
0.0023777754	-0.9089539650311197
0.00238333095	-0.9134648545837954
0.0023888865	-0.9162925573393751
0.00239444205	-0.9108811653368365
0.0023999976	-0.901822972645358
0.0024055531499999998	-0.9063334022840247
0.0024111086999999997	-0.9091212054692059
0.0024166642499999997	-0.9036211261154294
0.0024222198	-0.8955299210594275
0.00242777535	-0.89519425708894
0.0024333309	-0.8980179219982396
0.00243888645	-0.8971933372385725
0.002444442	-0.8879732812220106
0.0024499975499999997	-0.8876315108444983
0.0024555530999999997	-0.8904822070273001
0.00246110865	-0.889646449648566
0.0024666642	-0.8814501303356806
0.00247221975	-0.876230561694201
0.0024777753	-0.8790170249403693
0.00248333085	-0.8781752070270142
0.0024888863999999998	-0.8689379565199278
0.0024944419499999997	-0.8638135437693697
0.0024999975	-0.866705316278763
0.00250555305	-0.8707744845300566
0.0025111086	-0.8629232085978309
0.00251666415	-0.853424004085203
0.0025222197	-0.8561309919523518
0.0025277752499999998	-0.856869710286235
0.0025333307999999997	-0.8483102949618496
0.0025388863499999996	-0.8392612888590063
0.0025444419	-0.8456882475373376
0.00254999745	-0.851280416764942
0.002555553	-0.8429706657799771
0.00256110855	-0.8343462510355828
0.0025666641	-0.8364635818608464
0.0025722196499999997	-0.8386668286281067
0.0025777751999999997	-0.8302729877633191
0.00258333075	-0.8228558570547144
0.0025888863	-0.8287048634092886
0.00259444185	-0.830957984481889
0.0025999974	-0.8228742897204432
0.00260555295	-0.8158833874773451
0.0026111084999999997	-0.8176422937601322
0.0026166640499999997	-0.8208315097834381
0.0026222196	-0.8134077376482609
0.00262777515	-0.807590840885525
0.0026333307	-0.809745852095631
0.00263888625	-0.8130873293013714
0.0026444418	-0.8064971832841806
0.0026499973499999998	-0.8007904049468865
0.0026555528999999997	-0.8029564088636033
0.0026611084499999996	-0.8026084544497277
0.002666664	-0.8007183332797101
0.00267221955	-0.7958338762743784
0.0026777751	-0.7945024065200016
0.00268333065	-0.7943069913437549
0.0026888861999999998	-0.7930640465409777
0.0026944417499999997	-0.7884247065597499
0.0026999972999999997	-0.7878222547025213
0.00270555285	-0.7873894587481195
0.0027111084	-0.786503673646217
0.00271666395	-0.7822838319469456
0.0027222195	-0.7781427223289485
0.00272777505	-0.7778559836447945
0.0027333305999999997	-0.7812438388169526
0.0027388861499999997	-0.7773114840928773
0.0027444417	-0.773653218369621
0.00274999725	-0.7772234767815507
0.0027555528	-0.7771464137083393
0.00276110835	-0.7734265260999508
0.0027666639	-0.7696297764997173
0.0027722194499999997	-0.7697222077509681
0.0027777749999999997	-0.7734573774501232
0.0027833305499999996	-0.7699576004457392
0.0027888861	-0.7664769475297347
0.00279444165	-0.766671641760869
0.0027999972	-0.7668066876165369
0.00280555275	-0.7634795756100143
0.0028111082999999998	-0.7602047765408337
0.0028166638499999997	-0.7604714412148319
0.0028222193999999996	-0.7606314210655164
0.00282777495	-0.7574418352524573
0.0028333305	-0.754154605482944
0.00283888605	-0.7545548489360799
0.0028444416	-0.7547487981952806
0.0028499971499999998	-0.7518142860710632
0.0028555526999999997	-0.7487266631399269
0.0028611082499999997	-0.7493338106571487
0.0028666638	-0.74958352419371
0.00287221935	-0.7466347362117123
0.0028777749	-0.7435179529419563
0.00288333045	-0.7440751402711315
0.002888886	-0.7441848318484857
0.0028944415499999997	-0.7412479962236355
0.0028999970999999997	-0.7381231306414047
0.00290555265	-0.735082094471495
0.0029111082	-0.7352260911412213
0.00291666375	-0.7322626398624152
0.0029222193	-0.7289921541510604
0.00292777485	-0.7294352005712667
0.0029333303999999998	-0.7258543282739304
0.0029388859499999997	-0.7226845294966983
0.0029444414999999996	-0.7193444046104823
0.00294999705	-0.7160186158068683
0.0029555526	-0.7128087226277131
0.00296110815	-0.7127103421525712
0.0029666637	-0.7091550808315644
0.0029722192499999998	-0.7055948639122354
0.0029777747999999997	-0.705653877404903
0.0029833303499999997	-0.7018746001940138
0.0029888859	-0.697869057660715
0.00299444145	-0.6938090994536965
0.002999997	-0.6902515305961435
0.00300555255	-0.6899517156384984
0.0030111081	-0.6855809499414384
0.0030166636499999997	-0.6811925072299059
0.0030222191999999997	-0.6776283037918085
0.00302777475	-0.6735275434891527
0.0030333303	-0.6690778658887667
0.00303888585	-0.6643916713299407
0.0030444414	-0.6604245911359632
0.00304999695	-0.6561780196149007
0.0030555524999999997	-0.6513830399383815
0.0030611080499999997	-0.6463111154875328
0.0030666635999999996	-0.6423152137413021
0.00307221915	-0.6383719833067724
0.0030777747	-0.6331076076991976
0.00308333025	-0.6283045247931699
0.0030888858	-0.623884471236229
0.0030944413499999998	-0.6166645748779677
0.0030999968999999997	-0.6113592554826451
0.0031055524499999996	-0.6068907882073499
0.003111108	-0.6028602448592447
0.00311666355	-0.5996425693466252
0.0031222191	-0.5948977209848016
0.00312777465	-0.5907609586229489
0.0031333301999999998	-0.5835505009979433
0.0031388857499999997	-0.5774243139764743
0.0031444412999999997	-0.5733039212755597
0.00314999685	-0.5697643837781048
0.0031555524	-0.566271879282098
0.00316110795	-0.5603041833987567
0.0031666635	-0.5567531592579804
0.00317221905	-0.5536914179564747
0.0031777745999999997	-0.5474542790845106
0.0031833301499999997	-0.5450644740643079
0.0031888856999999996	-0.5393276725336317
0.00319444125	-0.5369052237811154
0.0031999968	-0.534304505950357
0.00320555235	-0.5291629807933601
0.0032111079	-0.5241082459159941
0.0032166634499999998	-0.5223065491484045
0.0032222189999999997	-0.5207424931152337
0.0032277745499999996	-0.5160406868743832
0.0032333301	-0.5117205029003732
0.00323888565	-0.5105245339053506
0.0032444412	-0.5096525274758885
0.00324999675	-0.5027566932055165
0.0032555522999999998	-0.4992884041156623
0.0032611078499999997	-0.4987697311913149
0.0032666633999999996	-0.49866055129905834
0.00327221895	-0.4946344604358985
0.0032777745	-0.4911029482117307
0.00328333005	-0.49096913980742085
0.0032888856	-0.49139622813019834
0.00329444115	-0.4853748114564139
0.0032999966999999997	-0.4822879832742982
0.0033055522499999997	-0.48258660511751733
0.0033111077999999996	-0.48298947397261627
0.00331666335	-0.47998760078996683
0.0033222189	-0.4742585531028551
0.00332777445	-0.47524510295809436
0.00333333	-0.4757951476396305
0.0033388855499999997	-0.470858037109045
0.0033444410999999997	-0.46762818181660776
0.0033499966499999996	-0.4688435920929897
0.0033555522	-0.4695515601328299
0.00336110775	-0.464786719267151
0.0033666633	-0.45888664309776017
0.00337221885	-0.4601778209936972
0.0033777743999999998	-0.46092199022487357
0.0033833299499999997	-0.45674411191682124
0.0033888854999999996	-0.4531100642079123
0.00339444105	-0.45444229209713694
0.0033999966	-0.45528580768344523
0.00340555215	-0.45131666290871714
0.0034111077	-0.44761326511834565
0.0034166632499999998	-0.4465438747122345
0.0034222187999999997	-0.44732057520998514
0.0034277743499999997	-0.4459155549540868
0.0034333298999999996	-0.44007914035189755
0.00343888545	-0.43884913298330264
0.003444441	-0.4394802090787128
0.00344999655	-0.4378945039632302
0.0034555521	-0.4342084558306733
0.0034611076499999997	-0.4301591131191861
0.0034666631999999997	-0.4306576111005158
0.0034722187499999996	-0.428777098491482
0.0034777743	-0.42287487594733664
0.00348332985	-0.41857082652510313
0.0034888854	-0.41871370790142387
0.00349444095	-0.4190759220943103
0.0034999964999999997	-0.41325627015879873
0.0035055520499999997	-0.4079635691448902
0.0035111075999999996	-0.40747031348390106
0.00351666315	-0.40735338000329946
0.0035222187	-0.39898499167580687
0.00352777425	-0.3907916029537012
0.0035333298	-0.3899788002702104
0.0035388853499999998	-0.3890436964648558
0.0035444408999999997	-0.3829077881049818
0.0035499964499999996	-0.3743118485165017
0.003555552	-0.3731247561382041
0.00356110755	-0.37178695433368003
0.0035666631	-0.3628673619008527
0.00357221865	-0.35386518954034546
0.0035777741999999998	-0.3520457216124031
0.0035833297499999997	-0.35014729838003966
0.0035888852999999997	-0.3408664264170923
0.0035944408499999996	-0.3318138636022887
0.0035999964	-0.3294778217456946
0.00360555195	-0.3274506546190331
0.0036111075	-0.31748946146766177
0.00361666305	-0.3111173634430929
0.0036222185999999997	-0.30604337119241115
0.0036277741499999997	-0.30339119369418266
0.0036333296999999996	-0.29336834447235194
0.00363888525	-0.2871772742490422
0.0036444408	-0.28213423825782313
0.00364999635	-0.28023378062601345
0.0036555519	-0.27293059320678575
0.0036611074499999998	-0.26740672464606113
0.0036666629999999997	-0.2605329942532976
0.0036722185499999996	-0.2583756293871052
0.0036777741	-0.25155779693484
0.00368332965	-0.24646365887284927
0.0036888852	-0.24031147024820307
0.00369444075	-0.2388355882542196
0.0036999962999999998	-0.23271664970160627
0.0037055518499999997	-0.2258355235867234
0.0037111073999999997	-0.21844055959096753
0.0037166629499999996	-0.2172687477143448
0.0037222185	-0.21366755290166045
0.00372777405	-0.20952954409581653
0.0037333296	-0.20297111220283293
0.00373888515	-0.20217410045028172
0.0037444406999999997	-0.19897878206320893
0.0037499962499999997	-0.19338202002350402
0.0037555517999999996	-0.18607084550436861
0.00376110735	-0.1856287665180688
0.0037666629	-0.18489014833999934
0.00377221845	-0.18008324145037033
0.003777774	-0.17524302999389454
0.0037833295499999997	-0.17501309590505218
0.0037888850999999997	-0.17475132627313322
0.0037944406499999996	-0.169203619695184
0.0037999962	-0.16372487659041446
0.00380555175	-0.1638098838787937
0.0038111073	-0.16380221171813616
0.00381666285	-0.15872318624470028
0.0038222183999999998	-0.15498813119102917
0.0038277739499999997	-0.15540505291691906
0.0038333294999999996	-0.15570573019945846
0.0038388850499999996	-0.15109170591634175
0.0038444406	-0.14769369489773726
0.00384999615	-0.1472194155617892
0.0038555517	-0.1477267772829169
0.0038611072499999998	-0.14350391254984954
0.0038666627999999997	-0.14029303817483327
0.0038722183499999997	-0.13990660141700476
0.0038777738999999996	-0.14031710864186564
0.00388332945	-0.1374793469958572
0.003888885	-0.13449099320991462
0.00389444055	-0.1330690354099942
0.0038999961	-0.13367315462101678
0.0039055516499999997	-0.13102220525794603
0.0039111072	-0.1281473562484939
0.00391666275	-0.12560347304836125
0.0039222182999999996	-0.12608537965996588
0.00392777385	-0.12340064349739721
0.0039333293999999994	-0.12055145817674932
0.00393888495	-0.1180207335366173
0.0039444405	-0.11860970734953553
0.00394999605	-0.1170778974672601
0.0039555516	-0.11438115099024543
0.00396110715	-0.11089810285777361
0.0039666627	-0.11147285988231913
0.0039722182499999995	-0.10993029834547793
0.0039777738	-0.10724573038483756
0.00398332935	-0.10372283007200056
0.0039888849	-0.10424196067359032
0.00399444045	-0.10361156350748577
0.003999996	-0.1008793720602694
0.00400555155	-0.09617484710134659
0.0040111070999999995	-0.09659378333067624
0.00401666265	-0.09583130177400574
0.004022218199999999	-0.09195552612829992
0.00402777375	-0.08701176904260312
0.0040333293	-0.08726910092269309
0.00403888485	-0.08626521831838709
0.0040444404	-0.08219714352368107
0.0040499959499999995	-0.07800333547440605
0.0040555515	-0.07687734169209375
0.004061107049999999	-0.07685247665587899
0.0040666626	-0.07127277949250374
0.00407221815	-0.06666950137482704
0.0040777737	-0.06514611099258955
0.00408332925	-0.06480070932035559
0.0040888847999999995	-0.05860229348237566
0.00409444035	-0.05497960693783021
0.004099995899999999	-0.051560480352779395
0.00410555145	-0.05127181937844943
0.004111107	-0.045223219415015656
0.00411666255	-0.039823864116139064
0.0041222181	-0.035836192976601476
0.0041277736499999995	-0.03540948221189685
0.0041333292	-0.028830911239824022
0.004138884749999999	-0.02460877758462877
0.0041444403	-0.018839596054792275
0.00414999585	-0.018266830916787456
0.0041555514	-0.011105055412439897
0.00416110695	-0.004896494078129649
0.0041666624999999995	0.0014066881190963614
0.00417221805	0.009531208933692754
0.004177773599999999	0.011870668584306647
0.00418332915	0.014639612637118188
0.0041888847	0.022661740690269896
0.00419444025	0.029026223656314937
0.0041999958	0.03225959315740118
0.0042055513499999995	0.034148635158348296
0.0042111069	0.0422147821030251
0.004216662449999999	0.04871878616313595
0.004222218	0.05291706741119862
0.00422777355	0.05393448071180601
0.0042333291	0.06168543746806564
0.00423888465	0.06607336980631381
0.0042444401999999996	0.07135844213015428
0.00424999575	0.07238028528879291
0.0042555512999999994	0.08024811365569182
0.00426110685	0.08607094544605282
0.004266662399999999	0.09188465601592372
0.00427221795	0.09170371079992172
0.0042777735	0.09835693533568447
0.00428332905	0.10201744902606137
0.0042888846	0.10743698976215754
0.0042944401499999995	0.10714762357787726
0.0042999957	0.11329922404141557
0.004305551249999999	0.11787994141716523
0.0043111068	0.1231953414259774
0.00431666235	0.12270552907876998
0.0043222179	0.12764428339251713
0.00432777345	0.1302740013994318
0.0043333289999999995	0.1352060764508234
0.00433888455	0.13459531393385135
0.004344440099999999	0.1389966121544108
0.00434999565	0.14243927044577748
0.0043555512	0.1469604723520647
0.00436110675	0.1471633138919701
0.0043666623	0.15019424773025325
0.0043722178499999995	0.15326914145422374
0.0043777734	0.15732990773840702
0.004383328949999999	0.15756734899030958
0.0043888845	0.16023656140377598
0.00439444005	0.1628167875486713
0.0043999956	0.16641030486719094
0.00440555115	0.16751181593869888
0.0044111066999999995	0.16885913982502232
0.00441666225	0.17115555035584123
0.004422217799999999	0.1744617562978472
0.00442777335	0.1755423795604213
0.0044333289	0.17685170847245033
0.00443888445	0.1800048065259024
0.00444444	0.18221706940946128
0.0044499955499999995	0.1831889190847858
0.0044555511	0.1833550236684808
0.004461106649999999	0.1863914420844981
0.0044666622	0.18857623871609672
0.00447221775	0.1905798533263391
0.0044777733	0.1907040144172056
0.00448332885	0.19385713379243724
0.0044888843999999995	0.19593216641802666
0.00449443995	0.19795613717651298
0.004499995499999999	0.1970071637802697
0.00450555105	0.20010561105330107
0.0045111066	0.202097293860296
0.00451666215	0.2051461340275602
0.0045222177	0.2041568626436745
0.0045277732499999996	0.2072308819399395
0.0045333288	0.20927773997545102
0.0045388843499999994	0.21251695649518157
0.0045444399	0.21032480303784262
0.004549995449999999	0.21377355651213228
0.004555551	0.21603845533859936
0.00456110655	0.21942659763770986
0.0045666621	0.2172083713099528
0.00457221765	0.22093905817191925
0.0045777731999999995	0.22346170872435214
0.00458332875	0.2272724956277448
0.004588884299999999	0.22612663113473844
0.00459443985	0.22904908758668827
0.0045999954	0.23192109929909666
0.00460555095	0.23622222201412799
0.0046111065	0.23510238562864372
0.0046166620499999995	0.23851768632629639
0.0046222176	0.24348794632914342
0.004627773149999999	0.24863868576196269
0.0046333287	0.24903176141973316
0.00463888425	0.2515469531376663
0.0046444398	0.2557383518199866
0.00464999535	0.26196930243449534
0.0046555508999999995	0.2628487055996402
0.00466110645	0.2658118946852455
0.004666661999999999	0.2705979711187791
0.00467221755	0.27754958894215154
0.0046777731	0.27870215664707776
0.00468332865	0.28034566271929745
0.0046888842	0.2877618240512737
0.0046944397499999995	0.2936387860102984
0.0046999953	0.29711718062955556
0.004705550849999999	0.2990531848126302
0.0047111064	0.30735029176352724
0.00471666195	0.3141270465125676
0.0047222175	0.31817478348866657
0.00472777305	0.31809269575167853
0.0047333285999999995	0.32733007336507475
0.00473888415	0.3343925276522283
0.004744439699999999	0.34125364518814155
0.00474999525	0.34131376581699596
0.0047555508	0.3513691374226024
0.00476110635	0.3590595908796028
0.0047666619	0.36631393851938965
0.0047722174499999995	0.36361865792992965
0.004777773	0.373767256247947
0.004783328549999999	0.3812484939758813
0.0047888841	0.388893146475531
0.004794439649999999	0.3858492590789962
0.0047999952	0.3938319762766232
0.00480555075	0.40112635572829614
0.0048111062999999996	0.4107004890785777
0.00481666185	0.4075124366830663
0.0048222173999999994	0.41508229649991585
0.00482777295	0.42213249089105637
0.004833328499999999	0.43138453721537606
0.00483888405	0.4281896708036308
0.0048444396	0.43279748656131967
0.00484999515	0.4393619973482607
0.0048555507	0.4483577759687754
0.0048611062499999995	0.44716703623904913
0.0048666618	0.45137170549033256
0.004872217349999999	0.4576486042076093
0.0048777729	0.4661740906358556
0.00488332845	0.4645784949117129
0.004888884	0.46578600275505494
0.00489443955	0.4715008745850222
0.0048999950999999995	0.47951473115794163
0.00490555065	0.47740509374598383
0.004911106199999999	0.478182995981657
0.00491666175	0.48539254232243406
0.0049222173	0.49068290066754505
0.00492777285	0.49077136059558996
0.0049333284	0.48869640671817066
0.0049388839499999995	0.4955961451786649
0.0049444395	0.5006341137829415
0.004949995049999999	0.4999867228153698
0.0049555506	0.4980548158875957
0.00496110615	0.5046304481457049
0.0049666617	0.5094133060098497
0.00497221725	0.511101185099186
0.0049777727999999995	0.5063343961049092
0.00498332835	0.5129214186379996
0.004988883899999999	0.5173921390144108
0.00499443945	0.5184002574687078
0.004999995	0.5140908973720704
0.00500555055	0.520621989559782
0.0050111061	0.5250637977855954
0.0050166616499999995	0.5260368560688509
0.0050222172	0.5214053203617428
0.005027772749999999	0.5255075469976964
0.0050333283	0.5299312834971978
0.00503888385	0.5335724913539848
0.0050444394	0.5289207211746964
0.00504999495	0.5331601401544487
0.0050555504999999995	0.537700643823228
0.00506110605	0.5413781406577933
0.005066661599999999	0.5366579962962673
0.00507221715	0.5381829257887069
0.005077772699999999	0.5427745591725303
0.00508332825	0.5493451741948587
0.0050888838	0.5440342566721739
0.0050944393499999996	0.5457239454339086
0.0050999949	0.550594478091911
0.0051055504499999994	0.5576199392993977
0.005111106	0.5524374333363065
0.005116661549999999	0.5521935862885845
0.0051222171	0.5573900091772203
0.00512777265	0.5647488633027073
0.0051333282	0.5592062983524568
0.00513888375	0.5591987889620547
0.0051444392999999995	0.5646847537276214
0.00514999485	0.5729114515629826
0.005155550399999999	0.5702210448762964
0.00516110595	0.568133890668707
0.0051666615	0.5740570295569203
0.00517221705	0.5805582840268759
0.0051777726	0.5779943972632543
0.0051833281499999995	0.5763466359265749
0.0051888837	0.5856057740694826
0.005194439249999999	0.5929534467666325
0.0051999948	0.5939951216932793
0.00520555035	0.5898390731917452
0.0052111059	0.5998999637231973
0.00521666145	0.6047804430049535
0.0052222169999999995	0.6063064140351708
0.00522777255	0.6021665950311832
0.005233328099999999	0.6105981705419739
0.00523888365	0.6187990069267162
0.0052444392	0.6211739143355408
0.00524999475	0.6172588297582927
0.0052555503	0.6265191740502426
0.0052611058499999995	0.6321041486127054
0.0052666614	0.6383399578515263
0.005272216949999999	0.6346383964726977
0.0052777725	0.6416131365517147
0.00528332805	0.6511423822340705
0.0052888836	0.657959088858825
0.00529443915	0.6543362796659943
0.0052999946999999995	0.6618061687938298
0.00530555025	0.6680892202437263
0.005311105799999999	0.6781314758755022
0.00531666135	0.6743425633077289
0.005322216899999999	0.6787251233126866
0.00532777245	0.6888851441496782
0.005333328	0.6991304388961683
0.0053388835499999995	0.6952135309720322
0.0053444391	0.6993238797947987
0.005349994649999999	0.7056405801162827
0.0053555502	0.7157318609975226
0.005361105749999999	0.7118667751070392
0.0053666613	0.7123282043086849
0.00537221685	0.7186165993217123
0.0053777723999999996	0.7320144807422099
0.00538332795	0.7278704881473629
0.005388883499999999	0.7277848927639416
0.00539443905	0.7373272006824305
0.005399994599999999	0.7471889410764321
0.00540555015	0.743024299645883
0.0054111057	0.7391461251411091
0.00541666125	0.7485367324152317
0.0054222168	0.7585725667365855
0.0054277723499999994	0.7571348691482575
0.0054333279	0.7527660861836186
0.005438883449999999	0.7656658455018528
0.005444439	0.7719180777155162
0.00544999455	0.7702019851685507
0.0054555501	0.7651684503057212
0.00546110565	0.7745608267623555
0.0054666611999999995	0.7806659127890095
0.00547221675	0.7786946258882259
0.005477772299999999	0.7735320276815423
0.00548332785	0.7831367585681919
0.0054888834	0.788848447007387
0.00549443895	0.7903476811992234
0.0054999945	0.7849864141205519
0.0055055500499999995	0.7908115760727584
0.0055111056	0.7964838428306859
0.005516661149999999	0.7978289112813018
0.0055222167	0.7923183608318933
0.00552777225	0.7980713680265495
0.0055333278	0.8000991233383777
0.00553888335	0.8051438925410825
0.0055444388999999995	0.7996201167577973
0.00554999445	0.8017068053267672
0.005555549999999999	0.8073699543040378
0.00556110555	0.8124363498414463
0.005566661099999999	0.806893165257393
0.00557221665	0.8089704271416538
0.0055777722	0.810964580038892
0.0055833277499999995	0.8161174515371521
0.0055888833	0.8105967041256679
0.005594438849999999	0.8091026536018473
0.0055999944	0.8148431130459174
0.005605549949999999	0.8238413819146471
0.0056111055	0.8183340742540173
0.00561666105	0.8131366091590565
0.0056222165999999995	0.8185928967210834
0.00562777215	0.8243409888529147
0.005633327699999999	0.8188261337334808
0.00563888325	0.8137191053468088
0.005644438799999999	0.8229346175694706
0.00564999435	0.8325997370411399
0.0056555499	0.8272199916382333
0.0056611054499999995	0.8219700931564776
0.005666661	0.8280007850105584
0.005672216549999999	0.8340597145700841
0.0056777721	0.8289293682421369
0.005683327649999999	0.8238143556280686
0.0056888832	0.8299694405981889
0.00569443875	0.8361484292440277
0.0056999942999999996	0.8312867353878561
0.00570554985	0.826343134435903
0.0057111053999999994	0.8329847390959477
0.00571666095	0.8357975133790144
0.005722216499999999	0.8347154732102132
0.00572777205	0.8302094245925744
0.0057333276	0.8373368282125035
0.00573888315	0.8403288163939281
0.0057444387	0.8397493621284913
0.0057499942499999995	0.8353246660618545
0.0057555498	0.8395113071119575
0.005761105349999999	0.8423055472033174
0.0057666609	0.8461038648361292
0.00577221645	0.8425244012267834
0.005777772	0.84731708317097
0.00578332755	0.8503197423621754
0.0057888830999999995	0.8546509939728016
0.00579443865	0.8508421010151361
0.005799994199999999	0.8524686185217356
0.00580554975	0.855611463816947
0.0058111053	0.8604970551227767
0.00581666085	0.8577706515694563
0.0058222164	0.8598595641302756
0.0058277719499999995	0.8631330020836949
0.0058333275	0.87206920954871
0.005838883049999999	0.8697372248778459
0.0058444386	0.8687385000362772
0.005849994149999999	0.8717914603193498
0.0058555497	0.8770391121584807
0.00586110525	0.8749039444441603
0.0058666607999999995	0.8742136360692317
0.00587221635	0.881959382481538
0.005877771899999999	0.8912530925588724
0.00588332745	0.8894361151324955
0.005888882999999999	0.8887333164514307
0.00589443855	0.8934420819485746
0.0058999941	0.8984059757891922
0.0059055496499999995	0.8978642584707801
0.0059111052	0.8964840944220174
0.005916660749999999	0.906034141311086
0.0059222163	0.9110300595746906
0.005927771849999999	0.910497415626112
0.0059333274	0.9091427911280884
0.00593888295	0.9150184738468723
0.0059444384999999995	0.9190072095766958
0.00594999405	0.918537720582596
0.005955549599999999	0.9162055869598597
0.00596110515	0.9222161153254165
0.005966660699999999	0.926261075425124
0.00597221625	0.9258297591082214
0.0059777718	0.9243762340426739
0.0059833273499999996	0.9313436608957417
0.0059888829	0.9308787823377687
0.0059944384499999994	0.9338124444741774
0.005999994	0.9312706941633725
0.006005549549999999	0.9382150051332783
0.0060111051	0.9377536792308169
0.00601666065	0.9406486410199755
0.0060222162	0.9391531798890327
0.00602777175	0.9427904015182462
0.0060333272999999995	0.9418190474189332
0.00603888285	0.944678585299552
0.006044438399999999	0.9420695704450224
0.00604999395	0.9419295950726353
0.0060555495	0.9410306665328944
0.00606110505	0.9476626982520243
0.0060666606	0.9461333737748956
0.0060722161499999995	0.9460158501900379
0.0060777717	0.949444708948856
0.006083327249999999	0.9518226482936167
0.0060888828	0.9503060805428609
0.006094438349999999	0.9498806883010268
0.0060999939	0.9498641792383379
0.00610554945	0.9560063955118727
0.0061111049999999995	0.954558769871201
0.00611666055	0.9542561825534142
0.006122216099999999	0.9542845190055106
0.00612777165	0.9556918619702106
0.006133327199999999	0.9543958613594097
0.00613888275	0.9542892874278218
0.0061444383	0.9554563312253358
0.0061499938499999995	0.9568950190050777
0.0061555494	0.9566850292829909
0.006161104949999999	0.9556004917118779
0.0061666605	0.9568548897496155
0.006172216049999999	0.9572214603286843
0.0061777716	0.9571725866707738
0.00618332715	0.9562174044862808
0.0061888826999999995	0.9587381465000546
0.00619443825	0.9591463281150389
0.006199993799999999	0.9593404245301698
0.00620554935	0.9583986919949429
0.006211104899999999	0.9610600208066556
0.00621666045	0.9602887806195536
0.006222216	0.9607335663374823
0.0062277715499999995	0.9599868606259832
0.0062333271	0.9591675331116049
0.006238882649999999	0.9584673016855481
0.0062444382	0.9591680777168222
0.006249993749999999	0.9585730253400278
0.0062555493	0.962936844815374
0.00626110485	0.9571707567101181
0.0062666603999999996	0.958165161393404
0.00627221595	0.957858127020063
0.0062777714999999994	0.9589848550809105
0.00628332705	0.9536151889265848
0.006288882599999999	0.958419543410861
0.00629443815	0.9585585516290253
0.0062999937	0.9606222910952729
0.00630554925	0.9593313682113622
0.0063111048	0.9598918142681743
0.0063166603499999995	0.9604249307098618
0.0063222159	0.9626944004100858
0.006327771449999999	0.9583439718741635
0.006333327	0.9628479773811442
0.006338882549999999	0.9637499798824095
0.0063444381	0.9665683379618547
0.00634999365	0.9623224660898633
0.0063555491999999995	0.9619523550426339
0.00636110475	0.9632129740153367
0.006366660299999999	0.9664579526710709
0.00637221585	0.9641025631226591
0.006377771399999999	0.964086145534113
0.00638332695	0.9658759746559127
0.0063888825	0.9697115698738663
0.0063944380499999995	0.9675680866321847
0.0063999936	0.9659091757293414
0.006405549149999999	0.9699879935600737
0.0064111047	0.9725460024072111
0.006416660249999999	0.9727741866927861
0.0064222158	0.9659724942984902
0.00642777135	0.9707548251676951
0.0064333268999999995	0.9739482955936598
0.00643888245	0.9745472387424853
0.006444437999999999	0.971197194173533
0.00644999355	0.9765940115312047
0.006455549099999999	0.9799334760565085
0.00646110465	0.9776240303881507
0.0064666602	0.9688828601993402
0.0064722157499999995	0.9747473786167979
0.0064777713	0.9783536651881302
0.006483326849999999	0.9817520013084097
0.0064888824	0.9729759311944526
0.006494437949999999	0.9790716405139961
0.0064999935	0.9828817531473589
0.00650554905	0.983344888659378
0.0065111045999999995	0.9772316987794278
0.00651666015	0.9787105844742792
0.006522215699999999	0.9827698157764266
0.00652777125	0.9888199873546386
0.006533326799999999	0.9798967074201378
0.00653888235	0.9815916454300312
0.0065444379	0.9858118323174809
0.0065499934499999996	0.9920853659677741
0.006555549	0.9836049760101249
0.006561104549999999	0.9827588603028931
0.0065666601	0.9871940615769061
0.006572215649999999	0.9936805720456356
0.0065777712	0.9824280857060772
0.00658332675	0.9818515747445636
0.0065888823	0.9864547252894836
0.00659443785	0.9935594330817658
0.0065999933999999994	0.987300338109689
0.00660554895	0.9841932485821325
0.006611104499999999	0.9889090294337084
0.00661666005	0.9962271770744858
0.006622215599999999	0.987270624392623
0.00662777115	0.984346434902877
0.0066333267	0.9889842922686733
0.0066388822499999995	0.9941642586474713
0.0066444378	0.9907168187475633
0.006649993349999999	0.9823889286156767
0.0066555489	0.9897109728222526
0.006661104449999999	0.9949255395533237
0.00666666	0.9888393316044762
0.00667221555	0.9834553436522394
0.0066777710999999995	0.99098077533293
0.00668332665	0.9963533234738922
0.006688882199999999	0.9903893801422629
0.00669443775	0.9796223390759033
0.006699993299999999	0.9875002891884113
0.00670554885	0.9926518422326395
0.0067111044	0.9894505224560918
0.0067166599499999995	0.9814266940430935
0.0067222155	0.9895144300674092
0.006727771049999999	0.9948248870874783
0.0067333266	0.991807087162743
0.006738882149999999	0.9833892689609705
0.0067444377	0.9867122895071844
0.00674999325	0.9920543036587451
0.0067555487999999995	0.9942245497230718
0.00676110435	0.9833842572048842
0.006766659899999999	0.9867888862375428
0.00677221545	0.9923359786858232
0.006777770999999999	0.9947606848543998
0.00678332655	0.9866447257330904
0.0067888821	0.984852314715369
0.0067944376499999995	0.9905405895304773
0.0067999932	0.9930136098960295
0.006805548749999999	0.9822698268625721
0.0068111043	0.9805454396509945
0.006816659849999999	0.9863166710761676
0.0068222154	0.9944772287956651
0.00682777095	0.9840295422690869
0.0068333264999999995	0.979430322631723
0.00683888205	0.9825007064023455
0.006844437599999999	0.9908887307837664
0.00684999315	0.9779398203370997
0.006855548699999999	0.9734629604814158
0.00686110425	0.9795549927014378
0.006866659799999999	0.9887271972588041
0.0068722153499999996	0.9807410514499431
0.0068777709	0.9709340740623623
0.0068833264499999994	0.976945724231746
0.006888882	0.98361363765378
0.006894437549999999	0.9732632719582366
0.0068999931	0.9605245223504075
0.006905548649999999	0.9697115740011717
0.0069111042	0.9765581141730775
0.00691665975	0.9664237579321433
0.0069222152999999995	0.9539465596484062
0.00692777085	0.9635191642778952
0.006933326399999999	0.9676018407023357
0.00693888195	0.9608091070421013
0.006944437499999999	0.9503870135197993
0.00694999305	0.9557102006744425
0.0069555486	0.9628843213082463
0.0069611041499999995	0.9564430251405625
0.0069666597	0.9462585583137147
0.006972215249999999	0.9520146124822501
0.0069777708	0.9563633619556418
0.006983326349999999	0.9558926104634422
0.0069888819	0.9462833211397002
0.00699443745	0.9472625747889535
0.0069999929999999995	0.9552361073618759
0.00700554855	0.9552643387909967
0.007011104099999999	0.9458563877236286
0.00701665965	0.9472298009589798
0.007022215199999999	0.9520995961470823
0.00702777075	0.9525850563787698
0.0070333263	0.9415237727240026
0.0070388818499999995	0.9380915164370925
0.0070444374	0.9432129572516034
0.007049992949999999	0.9493776957491464
0.0070555485	0.9405657692016854
0.007061104049999999	0.9376932894788845
0.0070666596	0.9430345708416525
0.00707221515	0.9495306884305066
0.0070777706999999995	0.9392734143515461
0.00708332625	0.9317149053507433
0.007088881799999999	0.9372838834078034
0.00709443735	0.9494530911099525
0.007099992899999999	0.9398269423650073
0.00710554845	0.9341584804763574
0.007111104	0.9431088659381149
0.0071166595499999995	0.9523112514934357
0.0071222151	0.9416061473880809
0.007127770649999999	0.9313659560097144
0.0071333262	0.9404720670323128
0.007138881749999999	0.9498112153553263
0.0071444373	0.9394031040166518
0.007149992849999999	0.9307331765478363
0.0071555483999999996	0.9436944487050627
0.00716110395	0.9499834012071182
0.0071666594999999994	0.9431301851909598
0.00717221505	0.9343070091026376
0.007177770599999999	0.9429823924005991
0.00718332615	0.9494345258775128
0.007188881699999999	0.9428296694203696
0.00719443725	0.9341013238068999
0.0071999928	0.9428221670882215
0.0072055483499999995	0.9455583055588577
0.0072111039	0.9439020940050292
0.007216659449999999	0.9355057819836731
0.007222215	0.9399410547622672
0.007227770549999999	0.9460951681173708
0.0072333261	0.944661191853584
0.00723888165	0.9363883684520328
0.0072444371999999995	0.9408221765236084
0.00724999275	0.9432061788935224
0.007255548299999999	0.9418240548946533
0.00726110385	0.9335874945326642
0.007266659399999999	0.9333335170788971
0.00727221495	0.9395479653872072
0.0072777705	0.9431421967139334
0.0072833260499999995	0.935026575195969
0.0072888816	0.9301602770583202
0.007294437149999999	0.9327313871361277
0.0072999927	0.9364147168329274
0.007305548249999999	0.9283665569627206
0.0073111038	0.9235315429755631
0.00731665935	0.9297991051576765
0.0073222148999999995	0.9383868060273517
0.00732777045	0.930421017493467
0.007333325999999999	0.9209005611704406
0.00733888155	0.9269274051932506
0.007344437099999999	0.9321372191416625
0.00734999265	0.9232284284192672
0.0073555482	0.9136779184501924
0.0073611037499999995	0.919645386047436
0.0073666593	0.92480892518762
0.007372214849999999	0.9159564199010171
0.0073777704	0.9068830466555489
0.007383325949999999	0.9124040961836576
0.0073888815	0.9186586046569838
0.007394437049999999	0.908807012191463
0.0073999925999999995	0.8997491716199227
0.00740554815	0.9052674252649229
0.007411103699999999	0.9114683161514019
0.00741665925	0.9015288020244347
0.007422214799999999	0.8934361942319081
0.00742777035	0.897873779736126
0.007433325899999999	0.9008893584516642
0.0074388814499999996	0.8949789541864096
0.007444437	0.8858719480520446
0.0074499925499999994	0.8903076037413109
0.0074555481	0.8933525311523303
0.007461103649999999	0.887419609860293
0.0074666592	0.8793302481520346
0.007472214749999999	0.8792201768991603
0.0074777703	0.881885515192274
0.00748332585	0.8759593671155189
0.0074888813999999995	0.8668223151148263
0.00749443695	0.8668175229191558
0.007499992499999999	0.8695907672213674
0.00750554805	0.8686226712575223
0.007511103599999999	0.8608750725516109
0.00751665915	0.8564655594329701
0.0075222147	0.8555655564067342
0.0075277702499999995	0.854797831904379
0.0075333258	0.8463746551281139
0.007538881349999999	0.8422914263549076
0.0075444369	0.8451505281398418
0.007549992449999999	0.8492857073863462
0.007555548	0.8411004895822194
0.00756110355	0.8328992859184293
0.0075666590999999995	0.8355451536281727
0.00757221465	0.8368331032795912
0.007577770199999999	0.8292890663970275
0.00758332575	0.8214463259475293
0.007588881299999999	0.8277744353425182
0.00759443685	0.8291824007922474
0.0075999924	0.8218934840826063
0.0076055479499999995	0.8142256838214854
0.0076111035	0.8167444028934795
0.007616659049999999	0.819170356781182
0.0076222146	0.8125488443462954
0.007627770149999999	0.8061004779108021
0.0076333257	0.8088786385816898
0.007638881249999999	0.8116164816509607
0.0076444367999999995	0.805241187965425
0.00764999235	0.7994667028413541
0.007655547899999999	0.8020850507257559
0.00766110345	0.8054096652387186
0.007666658999999999	0.7995684928192365
0.00767221455	0.7946707240378768
0.007677770099999999	0.793661688443572
0.0076833256499999995	0.7971602933844982
0.0076888812	0.7920233978418981
0.007694436749999999	0.7873841678721516
0.0076999923	0.7905060496134498
0.007705547849999999	0.7902548861682726
0.0077111034	0.7855513811796164
0.007716658949999999	0.7813195229949854
0.0077222144999999996	0.7808393456828533
0.00772777005	0.7810936934238282
0.007733325599999999	0.7803900760774762
0.00773888115	0.7764555718060916
0.007744436699999999	0.7767980065251058
0.00774999225	0.7767367987889221
0.007755547799999999	0.7763673838295011
0.00776110335	0.7726029320021423
0.0077666589	0.7692936957484529
0.0077722144499999994	0.7692352025959501
0.00777777	0.7727170655534439
0.007783325549999999	0.7692015739207329
0.0077888811	0.7661868753917568
0.007794436649999999	0.7658780683803007
0.0077999922	0.7661065111093348
0.00780554775	0.7627671158764892
0.0078111032999999995	0.7595211126614918
0.00781665885	0.7596761132733161
0.0078222144	0.7599518916159527
0.007827769949999999	0.7566678962669834
0.0078333255	0.7535150236785574
0.00783888105	0.7537804920795548
0.007844436599999999	0.7541208994298192
0.00784999215	0.7510617775844904
0.0078555477	0.7481204835206581
0.00786110325	0.7485728694200039
0.007866658799999999	0.7489583168093589
0.00787221435	0.7459805782600428
0.0078777699	0.7429026962250327
0.007883325449999999	0.7433085793556281
0.007888881	0.7435550690867949
0.00789443655	0.7405915281379567
0.0078999921	0.7374988716868223
0.007905547649999999	0.7343310849000246
0.0079111032	0.7345841493775364
0.00791665875	0.7315813513509378
0.0079222143	0.7283283195230328
0.00792776985	0.7286649372323681
0.0079333254	0.7251834562960385
0.00793888095	0.721981713004312
0.007944436499999999	0.7186497213444091
0.00794999205	0.7152804610424472
0.0079555476	0.7154413464766931
0.00796110315	0.7119404049622715
0.0079666587	0.7084210742385624
0.00797221425	0.7084237515385815
0.0079777698	0.7049217572918776
0.007983325349999999	0.7009920991417742
0.0079888809	0.6970170995777668
0.00799443645	0.6929231701921836
0.007999992	0.6899499690726978
0.00800554755	0.68903557516778
0.0080111031	0.6846618770208301
0.00801665865	0.6802269672591764
0.008022214199999999	0.6769398519491753
0.00802776975	0.6725156298287787
0.0080333253	0.6680870354794538
0.00803888085	0.6633232506956332
0.008044436399999999	0.6597406320716588
0.00804999195	0.6550698387289957
0.0080555475	0.6503073525476954
0.008061103049999999	0.6451819789747784
0.0080666586	0.6416594072282057
0.00807221415	0.6372304931787278
0.0080777697	0.6324541952463936
0.008083325249999999	0.6271362846690816
0.0080888808	0.6232467673730294
0.00809443635	0.6155161527330387
0.008099991899999999	0.6107260059413924
0.00810554745	0.6058447975386853
0.008111103	0.6022623877617126
0.00811665855	0.5986179826833177
0.008122214099999999	0.59398189168385
0.00812776965	0.5898047118847239
0.0081333252	0.5829906242146602
0.008138880749999999	0.5765666300803926
0.0081444363	0.5725024951712585
0.00814999185	0.5689630674367171
0.0081555474	0.5657171656979563
0.008161102949999999	0.5595261577090201
0.0081666585	0.5560637862323473
0.00817221405	0.5529963222630355
0.008177769599999999	0.5469662719109057
0.00818332515	0.5413775418631321
0.0081888807	0.5387991984602264
0.00819443625	0.5363825230089743
0.008199991799999999	0.5309868192121838
0.00820554735	0.525645586219432
0.0082111029	0.5237304438414268
0.008216658449999999	0.5220067299223512
0.008222214	0.5176995034403993
0.00822776955	0.5153291854575505
0.0082333251	0.5114938529072561
0.008238880649999999	0.5103568153837
0.0082444362	0.5065337646851465
0.00824999175	0.5021079174360313
0.008255547299999999	0.4992942207236387
0.00826110285	0.49873177666878027
0.0082666584	0.49832450924185956
0.00827221395	0.4942093546618863
0.008277769499999999	0.4911535011925183
0.00828332505	0.49104849825211716
0.0082888806	0.4911802899507633
0.008294436149999999	0.4849891098402029
0.0082999917	0.48245013047362184
0.00830554725	0.4822577032371207
0.0083111028	0.4831649558102285
0.008316658349999999	0.4795987325930324
0.0083222139	0.4744648346938358
0.00832776945	0.47492299687275796
0.008333324999999999	0.4760299726876461
0.00833888055	0.47050485147408927
0.0083444361	0.4678868621278606
0.00834999165	0.4685533684073374
0.008355547199999999	0.4698161533373721
0.00836110275	0.4644594581856483
0.0083666583	0.4591631110919646
0.008372213849999999	0.46041420522039556
0.0083777694	0.461185226083926
0.00838332495	0.4564235232319101
0.0083888805	0.45339537189123785
0.008394436049999999	0.45469557584816783
0.0083999916	0.4555767478527058
0.00840554715	0.45101994654458255
0.008411102699999999	0.445442915685713
0.00841665825	0.44683173204641025
0.0084222138	0.4475882053318666
0.00842776935	0.4434912494589259
0.008433324899999999	0.4378999156990611
0.00843888045	0.43909860784474536
0.008444436	0.4397105130233152
0.008449991549999999	0.4354564578128811
0.0084555471	0.4316863975725453
0.00846110265	0.430366820746469
0.0084666582	0.4308129550437072
0.008472213749999999	0.4261102770001467
0.0084777693	0.42031552151740903
0.00848332485	0.4187086680237774
0.008488880399999999	0.4187960932344948
0.00849443595	0.4163499392852489
0.0084999915	0.41271060415004296
0.00850554705	0.40797440894371306
0.008511102599999999	0.4074610961817429
0.00851665815	0.4045153895783845
0.0085222137	0.39842645837827506
0.00852776925	0.39067385888989026
0.008533324799999999	0.38978595970523133
0.00853888035	0.3886127843379454
0.0085444359	0.38234706397718493
0.008549991449999999	0.37406717374445414
0.008555547	0.37286137905382144
0.00856110255	0.37125177853772123
0.0085666581	0.36260399498166285
0.008572213649999999	0.35347789503572713
0.0085777692	0.35180165881766007
0.00858332475	0.3494541181274314
0.008588880299999999	0.34063179598115906
0.00859443585	0.33134190605190234
0.0085999914	0.3292658177955759
0.00860554695	0.3268436957851041
0.008611102499999999	0.3173202718512415
0.00861665805	0.308177950625748
0.0086222136	0.30545171462529763
0.008627769149999999	0.3027000132975325
0.0086333247	0.29323571444313434
0.00863888025	0.28430962079382777
0.0086444358	0.2816208164765618
0.008649991349999999	0.27962681541449685
0.0086555469	0.27046123988670817
0.00866110245	0.26453467712831036
0.008666657999999999	0.259996136912582
0.00867221355	0.257809868944944
0.0086777691	0.2492649805868494
0.00868332465	0.24380320350020393
0.008688880199999999	0.2398695966044172
0.00869443575	0.23837150233737445
0.0086999913	0.23032172231185175
0.008705546849999999	0.22339018034523916
0.0087111024	0.21808063519496745
0.00871665795	0.21689851479288547
0.0087222135	0.2114974269502816
0.008727769049999999	0.2073018861841327
0.0087333246	0.202699753003186
0.00873888015	0.20186041164496682
0.008744435699999999	0.1969887407531558
0.00874999125	0.19136196740489272
0.0087555468	0.18593144961366875
0.00876110235	0.1854775584529229
0.008766657899999999	0.18316249310626195
0.00877221345	0.17992306993422452
0.008777769	0.17517780960151694
0.008783324549999999	0.17499960300403233
0.0087888801	0.17324419796385596
0.00879443565	0.1690908004874243
0.0087999912	0.1637499759422679
0.008805546749999999	0.16380808754825638
0.0088111023	0.16242552889039882
0.00881665785	0.1587362424714853
0.008822213399999999	0.15508053423036078
0.00882776895	0.1554326621370238
0.0088333245	0.1556416308965737
0.00883888005	0.15113955884838018
0.008844435599999999	0.1466894417316656
0.00884999115	0.14727062528678328
0.0088555467	0.14770813860144286
0.008861102249999999	0.14355005417787825
0.0088666578	0.1393370840470895
0.00887221335	0.1399563616576566
0.0088777689	0.14046123065375685
0.008883324449999999	0.13647186917059004
0.00888888	0.13345694811978817
0.00889443555	0.13323302709732593
0.008899991099999999	0.13383359610067977
0.00890554665	0.13005028271738878
0.0089111022	0.12712454858544944
0.00891665775	0.12575523602863858
0.008922213299999999	0.1262213767618703
0.00892776885	0.12234193831446817
0.0089333244	0.11954141824565692
0.008938879949999999	0.1181742926569905
0.0089444355	0.11874767248051826
0.00894999105	0.11605757469581986
0.0089555466	0.11341380595370253
0.008961102149999999	0.11104882459581916
0.0089666577	0.11159085991290973
0.00897221325	0.10891346643474134
0.008977768799999999	0.10626975145905672
0.00898332435	0.10384669080594672
0.0089888799	0.10432898064017972
0.00899443545	0.10257511951149664
0.008999990999999999	0.09988256490539073
0.00900554655	0.0962502785514938
0.0090111021	0.09669106136759867
0.009016657649999999	0.094768747771621
0.0090222132	0.09090775890343174
0.00902776875	0.08702673731695007
0.0090333243	0.08735823877598257
0.009038879849999999	0.08512831239131599
0.0090444354	0.08216351091369908
0.00904999095	0.07691535664589089
0.009055546499999999	0.07698809814991431
0.009061102049999999	0.0756482851055369
0.0090666576	0.07124591351345795
0.00907221315	0.06549069846751578
0.009077768699999999	0.06525866312741768
0.00908332425	0.06346393483934971
0.0090888798	0.05874289937702708
0.00909443535	0.053575083667604106
0.009099990899999999	0.05169902759155519
0.00910554645	0.050830177744753846
0.009111102	0.043940919477929406
0.009116657549999999	0.03828710041884048
0.0091222131	0.035992385053424496
0.00912776865	0.03485910675157957
0.0091333242	0.027446308018126538
0.009138879749999999	0.022906644325211573
0.0091444353	0.018387207241978922
0.00914999085	0.01759793089730411
0.009155546399999999	0.009403318275306207
0.00916110195	0.003145175617413323
0.0091666575	-0.0031035029291866046
0.00917221305	-0.011085312342985335
0.009177768599999999	-0.01168694631024548
0.00918332415	-0.01628126331010854
0.0091888797	-0.02267223642801774
0.009194435249999999	-0.03053116790878026
0.0091999908	-0.0320629707265247
0.00920554635	-0.03579996455308563
0.0092111019	-0.042202661519745895
0.009216657449999999	-0.05031912459372614
0.009222213	-0.052686344854675445
0.00922776855	-0.05552646437960057
0.009233324099999999	-0.06141724091378367
0.00923887965	-0.06762899124902884
0.0092444352	-0.07106610399553158
0.00924999075	-0.07396418043335254
0.009255546299999999	-0.08162715730039546
0.00926110185	-0.0875508134682456
0.0092666574	-0.0915989840286037
0.009272212949999999	-0.0925539934224216
0.0092777685	-0.09962225265400364
0.00928332405	-0.10337863125581664
0.0092888796	-0.10712553884377138
0.009294435149999999	-0.10798065152087914
0.0092999907	-0.1146154363525678
0.00930554625	-0.11899371815529763
0.009311101799999999	-0.1238400888482988
0.00931665735	-0.1234645833898842
0.0093222129	-0.12877690503432657
0.00932776845	-0.13135873572491605
0.009333323999999999	-0.1358200554084096
0.00933887955	-0.13532024819018895
0.0093444351	-0.13999069730995664
0.009349990649999999	-0.1433634881150879
0.0093555462	-0.14766877984573573
0.00936110175	-0.14690023000669045
0.0093666573	-0.15109968404963656
0.009372212849999999	-0.15409164405949752
0.0093777684	-0.15813485046253772
0.00938332395	-0.15728963981806865
0.009388879499999999	-0.16102054136766797
0.00939443505	-0.16355709121793063
0.0093999906	-0.16712377172849516
0.00940554615	-0.16711688018730425
0.009411101699999999	-0.16956480494823406
0.00941665725	-0.1718329281593812
0.0094222128	-0.17515349893475068
0.009427768349999999	-0.17513882805911876
0.0094333239	-0.17753438622528492
0.00943887945	-0.17967183821901464
0.009444435	-0.18286586900300952
0.009449990549999999	-0.18277148299646928
0.0094555461	-0.18400153944294068
0.00946110165	-0.18604578182652667
0.009466657199999999	-0.18922091940022445
0.00947221275	-0.19013856813983573
0.0094777683	-0.19135765322189818
0.00948332385	-0.19439280085072466
0.009488879399999999	-0.19658103835622584
0.00949443495	-0.19751014228855418
0.0094999905	-0.19765681016173506
0.009505546049999999	-0.20062541671126843
0.0095111016	-0.20272700808657848
0.00951665715	-0.20467925145220203
0.0095222127	-0.20479385936106448
0.009527768249999999	-0.20783224349752943
0.0095333238	-0.2099403055808426
0.00953887935	-0.21204652640979355
0.009544434899999999	-0.2111242080470271
0.00954999045	-0.21444975854963955
0.009555546	-0.21675771934529145
0.00956110155	-0.218945784420569
0.009566657099999999	-0.21805220851558138
0.00957221265	-0.22167947078502942
0.0095777682	-0.22424210664764674
0.009583323749999999	-0.22801180472427532
0.009588879299999999	-0.22581068944337968
0.00959443485	-0.22987548156388574
0.0095999904	-0.23280136815335442
0.009605545949999999	-0.23701136611660695
0.0096111015	-0.23479795273288215
0.00961665705	-0.23949392950045573
0.009622212599999999	-0.24454869883151673
0.009627768149999999	-0.24967060164220328
0.0096333237	-0.24853939656546378
0.00963887925	-0.2527020181459905
0.009644434799999999	-0.25703440126823923
0.00964999035	-0.26322597993247604
0.0096555459	-0.2623495243832249
0.00966110145	-0.2671204062935476
0.009666656999999999	-0.2720214244624228
0.00967221255	-0.2789846640990597
0.0096777681	-0.27818667776213224
0.009683323649999999	-0.2818412434740103
0.0096888792	-0.2874710130496085
0.00969443475	-0.29521023201539826
0.0096999903	-0.2965858519808457
0.009705545849999999	-0.30072965609598673
0.0097111014	-0.3070742931623042
0.00971665695	-0.3159076853509627
0.009722212499999999	-0.31762361182660853
0.00972776805	-0.319915705153558
0.0097333236	-0.3289736249924895
0.00973887915	-0.33629909729092455
0.009744434699999999	-0.34067448752332996
0.00974999025	-0.34332231809303715
0.0097555458	-0.35316451381033936
0.009761101349999999	-0.36110769368400514
0.0097666569	-0.36569899861472727
0.00977221245	-0.36568490880898497
0.009777768	-0.3758561110974281
0.009783323549999999	-0.38328684648807443
0.0097888791	-0.38823967862148473
0.00979443465	-0.3857724577591008
0.009799990199999999	-0.3958927231662174
0.00980554575	-0.4031186071934441
0.0098111013	-0.41000970709856893
0.00981665685	-0.4073075307177186
0.009822212399999999	-0.4170829849058881
0.00982776795	-0.42403563318668896
0.0098333235	-0.43081129007509533
0.009838879049999999	-0.4275489288402188
0.0098444346	-0.4346770298280862
0.00984999015	-0.44116557268381773
0.0098555457	-0.4498940056866572
0.009861101249999999	-0.44648575366610077
0.0098666568	-0.45321423612235273
0.00987221235	-0.459380306000372
0.009877767899999999	-0.46756137393532266
0.00988332345	-0.46387738429109543
0.009888879	-0.46746118211783505
0.00989443455	-0.47312269917226996
0.009899990099999999	-0.48080291856224994
0.00990554565	-0.47668475810179184
0.0099111012	-0.4797209912846659
0.009916656749999999	-0.48483413954580556
0.0099222123	-0.49218855869473715
0.00992776785	-0.4900315581017128
0.0099333234	-0.49018071479956254
0.009938878949999999	-0.4950183311351738
0.0099444345	-0.5020710264153592
0.00994999005	-0.4992243113918317
0.009955545599999999	-0.499466505309263
0.00996110115	-0.5040316461875611
0.0099666567	-0.5107917102473342
0.00997221225	-0.5103171982389989
0.009977767799999999	-0.5077096510350035
0.00998332335	-0.5140525311929893
0.0099888789	-0.518744586077003
0.009994434449999999	-0.5176026653686506
end