t ft
begin
0.0	0.9938584645146631
5.55555E-6	0.9856197954083952
1.11111E-5	0.9880215351786709
1.6666649999999997E-5	0.9931004282494406
2.22222E-5	0.9953726993597846
2.777775E-5	0.9871974018408615
3.3333299999999995E-5	0.984236422541137
3.8888849999999996E-5	0.989362411700784
4.44444E-5	0.9971795119220097
4.999995E-5	0.9862244861840406
5.55555E-5	0.986163500393959
6.111105E-5	0.9914566009098089
6.666659999999999E-5	0.9994507996869739
7.222215E-5	0.9886029595898612
7.777769999999999E-5	0.9832874564803951
8.333325E-5	0.9886540126535481
8.88888E-5	0.9968362688592133
9.444434999999999E-5	0.9886012447908111
9.99999E-5	0.9833236460656739
1.0555544999999999E-4	0.9888260194331456
1.11111E-4	0.9972722999088991
1.1666655E-4	0.9891897459157869
1.222221E-4	0.9812911946321037
1.2777764999999998E-4	0.9897967361637136
1.3333319999999998E-4	0.9955110143291457
1.3888875E-4	0.9848323846723438
1.444443E-4	0.9769545486286251
1.4999985E-4	0.9855462167547677
1.5555539999999998E-4	0.9914274804528025
1.6111094999999998E-4	0.9863524374668113
1.666665E-4	0.9757116024697687
1.7222205E-4	0.9845751957675496
1.777776E-4	0.9877391712059125
1.8333314999999998E-4	0.9802597149136533
1.8888869999999998E-4	0.969676275284159
1.9444425E-4	0.9787089774011629
1.999998E-4	0.9849223446688352
2.0555535E-4	0.983063402486519
2.1111089999999998E-4	0.9723974578410931
2.1666644999999998E-4	0.9763075939048145
2.22222E-4	0.9797204209757883
2.2777755E-4	0.9780531340596358
2.333331E-4	0.9674312409487839
2.3888864999999998E-4	0.9660143678189299
2.444442E-4	0.9725439016655565
2.4999975E-4	0.9711590786130471
2.5555529999999997E-4	0.9606878271642456
2.6111084999999996E-4	0.9596629831688043
2.6666639999999996E-4	0.9634508286900009
2.7222195E-4	0.9678762455571521
2.777775E-4	0.9575659885780264
2.8333305E-4	0.9514422527503377
2.888886E-4	0.9586144037409613
2.9444415E-4	0.9633221175768442
2.999997E-4	0.953215804355156
3.0555525E-4	0.9475808702355503
3.1111079999999997E-4	0.9518671652466559
3.1666634999999996E-4	0.9626359504853625
3.2222189999999996E-4	0.9508401210064865
3.2777745E-4	0.9425939383361374
3.33333E-4	0.950537645609136
3.3888855E-4	0.9617619268684604
3.444441E-4	0.9503119407678503
3.4999965E-4	0.9424150908684538
3.555552E-4	0.950566626073015
3.6111075E-4	0.9588401371628701
3.6666629999999997E-4	0.9458307487104426
3.7222184999999996E-4	0.9330875133696775
3.7777739999999996E-4	0.9415782711811473
3.8333294999999995E-4	0.9501222580058781
3.888885E-4	0.9429073825223878
3.9444405E-4	0.9325385464438822
3.999996E-4	0.9448115837521077
4.0555515E-4	0.950104705502563
4.111107E-4	0.9415970254400498
4.1666625E-4	0.9315775140881469
4.2222179999999997E-4	0.9390464607761196
4.2777734999999996E-4	0.9446054897729564
4.3333289999999996E-4	0.9419393844326522
4.3888844999999995E-4	0.9338473422372231
4.44444E-4	0.9417359811652265
4.4999955E-4	0.94736345410073
4.555551E-4	0.9450698586089553
4.6111065E-4	0.9359030315399238
4.666662E-4	0.9390700319854414
4.7222175E-4	0.9447950755688257
4.7777729999999997E-4	0.9428110755879758
4.8333284999999996E-4	0.9351466450009611
4.888884E-4	0.9385625314317372
4.9444395E-4	0.944444405747164
4.999995E-4	0.9477318072798145
5.0555505E-4	0.9389813208573128
5.111105999999999E-4	0.9377613789340855
5.1666615E-4	0.9438084378076604
5.222216999999999E-4	0.9473386032053709
5.2777725E-4	0.9387045288646647
5.333327999999999E-4	0.9375951219530649
5.3888835E-4	0.939907868283641
5.444439E-4	0.9484550400383015
5.4999945E-4	0.9399907742771193
5.55555E-4	0.9342487068467049
5.611105499999999E-4	0.9403903586336028
5.666661E-4	0.9490978041321312
5.722216499999999E-4	0.9408059276364782
5.777772E-4	0.9351395858394541
5.833327499999999E-4	0.9412368595602439
5.888883E-4	0.9462256597405435
5.9444385E-4	0.9368579866187948
5.999994E-4	0.9275856276651592
6.0555495E-4	0.937538728686567
6.111105E-4	0.947496497122422
6.1666605E-4	0.9382415500580104
6.222215999999999E-4	0.9290367128422249
6.2777715E-4	0.9344238818397074
6.333326999999999E-4	0.9406998796325909
6.3888825E-4	0.9305107293360951
6.444437999999999E-4	0.9224045839956088
6.4999935E-4	0.9315401065606548
6.555549E-4	0.9379563937888495
6.6111045E-4	0.9325546135523038
6.66666E-4	0.9245286782331336
6.722215499999999E-4	0.9289724453877649
6.777771E-4	0.9316787686179083
6.833326499999999E-4	0.9263603221332444
6.888882E-4	0.9173218267514394
6.944437499999999E-4	0.9217091571379978
6.999993E-4	0.9243674357437087
7.055548499999999E-4	0.9190124615722964
7.111104E-4	0.91102081989201
7.1666595E-4	0.9106919008394059
7.222215E-4	0.913411124427077
7.2777705E-4	0.9128700094364561
7.333325999999999E-4	0.9038902058166386
7.3888815E-4	0.9035731057572148
7.444436999999999E-4	0.9062550868068059
7.4999925E-4	0.9056300766274724
7.555547999999999E-4	0.8976165560576644
7.6111035E-4	0.8924299615225575
7.666658999999999E-4	0.8951392617920112
7.7222145E-4	0.899232145027985
7.77777E-4	0.8900779228462581
7.833325499999999E-4	0.8848729024402661
7.888881E-4	0.8876072235935437
7.944436499999999E-4	0.8917271510454284
7.999992E-4	0.883575000728238
8.055547499999999E-4	0.8734634238641907
8.111103E-4	0.8797632884736193
8.166658499999999E-4	0.8802141608806555
8.222214E-4	0.8710609789046032
8.277769499999999E-4	0.8610262956381579
8.333325E-4	0.8674278525322251
8.3888805E-4	0.872775868202007
8.444435999999999E-4	0.8639528874890143
8.4999915E-4	0.8553281984260968
8.555546999999999E-4	0.8571017872163789
8.6111025E-4	0.8587938645616244
8.666657999999999E-4	0.8493053223147898
8.7222135E-4	0.8410840497565854
8.777768999999999E-4	0.8466318848752136
8.8333245E-4	0.8531428665061657
8.88888E-4	0.8439566633737862
8.944435499999999E-4	0.8360445209662909
8.999991E-4	0.837380665039223
9.055546499999999E-4	0.8403818371785106
9.111102E-4	0.8319345337651045
9.166657499999999E-4	0.8245068326437793
9.222213E-4	0.8296419588143257
9.277768499999999E-4	0.8326166713711273
9.333324E-4	0.8244647893094961
9.388879499999999E-4	0.8174143744890212
9.444435E-4	0.8185482049971976
9.4999905E-4	0.8179821537152986
9.555545999999999E-4	0.8148466792776383
9.6111015E-4	0.8089762469637605
9.666656999999999E-4	0.8106229832046534
9.7222125E-4	0.8102049043087245
9.777768E-4	0.807813101297075
9.833323499999999E-4	0.8020157061400784
9.888879E-4	0.8001909848396898
9.9444345E-4	0.7997006716446631
9.99999E-4	0.8019257782688647
0.0010055545499999998	0.7969170247914554
0.0010111101	0.7916829401918417
0.00101666565	0.791360907263421
0.0010222211999999999	0.7941105276323357
0.00102777675	0.7893876837381156
0.0010333323	0.7847187792206897
0.00103888785	0.7881869866185569
0.0010444433999999999	0.78746075808377
0.00104999895	0.7831860537044204
0.0010555545	0.7787570781253418
0.0010611100499999999	0.778619715710276
0.0010666655999999998	0.7821037424032454
0.00107222115	0.77811270923729
0.0010777767	0.7741838791136383
0.0010833322499999999	0.7779678278348129
0.0010888878	0.7779281095949719
0.00109444335	0.7741887052773816
0.0010999989	0.7703925486014134
0.0011055544499999998	0.7704654142993987
0.00111111	0.7742010261485512
0.00111666555	0.7706902219516519
0.0011222210999999999	0.7671816363430105
0.00112777665	0.7673995378260029
0.0011333322	0.7675060845496233
0.00113888775	0.7641924639261338
0.0011444432999999999	0.7608685268587229
0.00114999885	0.761203743720585
0.0011555544	0.761311850833088
0.00116110995	0.7580830237323444
0.0011666654999999998	0.7548021182558003
0.00117222105	0.7552670332398852
0.0011777766	0.755393324130584
0.0011833321499999999	0.7524028004821234
0.0011888877	0.749332646162905
0.00119444325	0.7500384394740052
0.0011999988	0.7502212593820534
0.0012055543499999999	0.7472298184904831
0.0012111099	0.7441325854848146
0.00121666545	0.7447860079292866
0.001222221	0.7413434757761718
0.0012277765499999998	0.7418440515194757
0.0012333321	0.7387442082040796
0.00123888765	0.7357688743185965
0.0012444431999999999	0.7323981491573931
0.00124999875	0.7328334215185819
0.0012555543	0.7296490460691272
0.00126110985	0.7264895055654884
0.0012666653999999999	0.7265842355904624
0.00127222095	0.7233296254141497
0.0012777765	0.7200280431450451
0.00128333205	0.7167107081613601
0.0012888875999999998	0.7132647809179692
0.00129444315	0.7134140200222516
0.0012999987	0.7098948013038463
0.0013055542499999999	0.7063609040079304
0.0013111098	0.7063740388305727
0.00131666535	0.7026727945084889
0.0013222209	0.6987250478850006
0.0013277764499999998	0.694635412254433
0.001333332	0.6909509584451112
0.00133888755	0.6907911522689357
0.0013444430999999999	0.686496753438798
0.0013499986499999998	0.6820992414107855
0.0013555542	0.6783088587218739
0.00136110975	0.6744554597426993
0.0013666652999999999	0.6697761130177443
0.00137222085	0.6653591812382088
0.0013777764	0.6611064066707332
0.00138333195	0.6571755885266711
0.0013888874999999998	0.6520692797144713
0.00139444305	0.6473469436366971
0.0013999986	0.64296914157695
0.0014055541499999999	0.6394173808705907
0.0014111096999999998	0.6341496069578583
0.00141666525	0.6293873953931542
0.0014222208	0.6245168599882933
0.0014277763499999999	0.6177046295472162
0.0014333319	0.612395679000857
0.00143888745	0.6078572750731404
0.001444443	0.6034550393476963
0.0014499985499999998	0.6006098149916945
0.0014555541	0.595864752630539
0.00146110965	0.5916645041894523
0.0014666651999999999	0.5840839015574042
0.0014722207499999998	0.5814374573702945
0.0014777763	0.5741481492394676
0.00148333185	0.5705046489371348
0.0014888873999999999	0.5668087833604523
0.00149444295	0.5641815354651182
0.0014999985	0.5574511400193862
0.00150555405	0.5543342500439461
0.0015111095999999998	0.5510606287293329
0.00151666515	0.5455532962399664
0.0015222207	0.5398599725999844
0.0015277762499999999	0.5373901452378204
0.0015333317999999998	0.5349884226644193
0.00153888735	0.5296375209593669
0.0015444429	0.5244963575994137
0.0015499984499999999	0.5226281723207853
0.001555554	0.5212256900064836
0.00156110955	0.5164750848531627
0.0015666650999999999	0.5119491901976607
0.0015722206499999998	0.5107021452784518
0.0015777762	0.5099713619276943
0.00158333175	0.5031494287190348
0.0015888872999999999	0.4993230801598648
0.0015944428499999998	0.4991669166113573
0.0015999984	0.49866866858540626
0.00160555395	0.4950233527728156
0.0016111094999999998	0.4910549534115231
0.00161666505	0.4913365731815078
0.0016222206	0.49129658988852615
0.0016277761499999999	0.4857268140821285
0.0016333316999999998	0.4821276799792962
0.00163888725	0.48292501568631435
0.0016444428	0.4827790958780059
0.0016499983499999999	0.4803431132512071
0.0016555538999999998	0.4740494089709267
0.00166110945	0.47504099922956994
0.001666665	0.4755632359224709
0.0016722205499999998	0.47117092818727974
0.0016777761	0.4673633061187682
0.00168333165	0.46859419074178327
0.0016888871999999999	0.46928950404807707
0.0016944427499999998	0.46507540104801276
0.0016999983	0.461261033268915
0.00170555385	0.4599158986589301
0.0017111093999999999	0.4606572030605688
0.0017166649499999998	0.45919424134271436
0.0017222205	0.45545568856060037
0.00172777605	0.4541677848187659
0.0017333315999999998	0.45499519907211555
0.00173888715	0.45370261033692594
0.0017444427	0.4501027629200278
0.0017499982499999999	0.44627821168152937
0.0017555537999999998	0.4470489735353587
0.00176110935	0.44832018715120675
0.0017666649	0.44257345255600655
0.0017722204499999999	0.43861515117217864
0.001777776	0.43925036268708495
0.00178333155	0.44031187022075063
0.0017888870999999999	0.43465787151294666
0.0017944426499999998	0.4299645113971003
0.0017999982	0.43050094870198385
0.00180555375	0.4312304652299594
0.0018111092999999999	0.42332634648297934
0.0018166648499999998	0.41843662426923867
0.0018222204	0.41863271754595305
0.00182777595	0.41900814458269753
0.0018333314999999998	0.4135320943130319
0.00183888705	0.4079503449983251
0.0018444426	0.40772693438086877
0.0018499981499999999	0.40742088987634556
0.0018555536999999998	0.39926399178109884
0.00186110925	0.3908808223107191
0.0018666648	0.3902343378912286
0.0018722203499999999	0.3892391747415778
0.0018777758999999998	0.3831741745371582
0.00188333145	0.37451746751946086
0.001888887	0.3733626488303934
0.0018944425499999998	0.37206680052326047
0.0018999981	0.36309393030158293
0.00190555365	0.3566939651969778
0.0019111091999999999	0.3524129027529367
0.0019166647499999998	0.350588099199134
0.0019222203	0.34106939891676674
0.00192777585	0.33467030639479806
0.0019333313999999999	0.3299843122534859
0.0019388869499999998	0.3279988587016283
0.0019444425	0.3203121497661063
0.00194999805	0.31401414529952754
0.0019555536	0.30660727195789855
0.0019611091499999998	0.3040222479940546
0.0019666646999999997	0.2961433117689749
0.00197222025	0.2900081062363441
0.0019777758	0.28269874864260525
0.00198333135	0.2807795774027529
0.0019888869	0.2757159802348674
0.00199444245	0.27008790318196424
0.001999998	0.2610699317741312
0.0020055535499999997	0.25889554189413455
0.0020111090999999997	0.2541807572802262
0.00201666465	0.2489510913641933
0.0020222202	0.24075108123699843
0.00202777575	0.23927703182942345
0.0020333313	0.2351241468981167
0.00203888685	0.22812784707434922
0.0020444423999999998	0.2187982899214484
0.0020499979499999997	0.21762056919066294
0.0020555535	0.2158706441091893
0.00206110905	0.20959351169319132
0.0020666646	0.20324094141878837
0.00207222015	0.20216752920610426
0.0020777757	0.20099554584999785
0.0020833312499999998	0.19343253898405555
0.0020888867999999997	0.1861976041660238
0.00209444235	0.18566289317738877
0.0020999979	0.18512921659625384
0.00210555345	0.18010142997380643
0.002111109	0.1752983717787897
0.00211666455	0.17501543467282216
0.0021222200999999998	0.17488442600866888
0.0021277756499999997	0.16918148015644527
0.0021333311999999997	0.1650444545678346
0.00213888675	0.16380770243275844
0.0021444423	0.16387402858068345
0.00214999785	0.15869869823352065
0.0021555534	0.15616596545337322
0.00216110895	0.15531879504243673
0.0021666644999999997	0.155616997543054
0.0021722200499999997	0.15224350270655787
0.0021777756	0.14885249996802885
0.00218333115	0.14708577603662457
0.0021888867	0.14760582091573737
0.00219444225	0.14457881508261147
0.0021999978	0.14139416368352054
0.0022055533499999998	0.13976401719678866
0.0022111088999999997	0.14017376890574335
0.00221666445	0.13849678000813603
0.00222222	0.13552845752362563
0.00222777555	0.13291186082646103
0.0022333311	0.13351259287096257
0.00223888665	0.131998238802077
0.0022444421999999998	0.12917316958068742
0.0022499977499999997	0.1254529632762225
0.0022555533	0.1259504654570914
0.00226110885	0.12437553118136332
0.0022666644	0.12156971114684031
0.00227221995	0.11787949536318758
0.0022777755	0.1184720613734565
0.00228333105	0.11802736369381481
0.0022888865999999997	0.11535668707457797
0.0022944421499999997	0.1107565566345386
0.0022999977	0.11138829309587914
0.00230555325	0.11086498869173111
0.0023111088	0.10723631676347341
0.00231666435	0.10360277377733855
0.0023222199	0.10414680063326719
0.0023277754499999997	0.10456356126566455
0.0023333309999999997	0.10085988588263173
0.00233888655	0.09712929824109523
0.0023444421	0.09648774926305878
0.00234999765	0.0968109593607083
0.0023555532	0.09192752678896109
0.00236110875	0.0880178935337627
0.0023666642999999998	0.08716220117534035
0.0023722198499999997	0.08731076263689462
0.0023777754	0.08207625327369454
0.00238333095	0.07908215154089451
0.0023888865	0.0767559684236554
0.00239444205	0.07692928833789762
0.0023999976	0.0723656071306971
0.0024055531499999998	0.06786183221388013
0.0024111086999999997	0.06501938717106663
0.0024166642499999997	0.06498232279994223
0.0024222198	0.05980608730342732
0.00242777535	0.05626077313915247
0.0024333309	0.05182695243363743
0.00243888645	0.051590829986910676
0.002444442	0.046685255162917674
0.0024499975499999997	0.04122758843214879
0.0024555530999999997	0.03620190514142849
0.00246110865	0.035818956415608394
0.0024666642	0.030404418212136335
0.00247221975	0.0261650381198376
0.0024777753	0.019366358099226676
0.00248333085	0.01880174610707572
0.0024888863999999998	0.012793850255089313
0.0024944419499999997	0.006505751630408721
0.0024999975	-0.001457094126338562
0.00250555305	-0.007759433877376664
0.0025111086	-0.012061094344962567
0.00251666415	-0.012823339033640994
0.0025222197	-0.021115939699757367
0.0025277752499999998	-0.02730418361583241
0.0025333307999999997	-0.03247500850597677
0.0025388863499999996	-0.03330474986908846
0.0025444419	-0.04065474173836284
0.00254999745	-0.04696187908501058
0.002555553	-0.05318033623024415
0.00256110855	-0.05304265784716794
0.0025666641	-0.06019037187085306
0.0025722196499999997	-0.06437794193510794
0.0025777751999999997	-0.07063214070305575
0.00258333075	-0.07143457975021215
0.0025888863	-0.07861485312034339
0.00259444185	-0.08444639007117093
0.0025999974	-0.09115701800020554
0.00260555295	-0.09083763024871502
0.0026111084999999997	-0.09685697245171045
0.0026166640499999997	-0.10050881473028873
0.0026222196	-0.10672602670738311
0.00262777515	-0.10629317804163829
0.0026333307	-0.11192988397412817
0.00263888625	-0.11659963065914408
0.0026444418	-0.12242923827984183
0.0026499973499999998	-0.12294556711819185
0.0026555528999999997	-0.1264813101677561
0.0026611084499999996	-0.1290741511450829
0.002666664	-0.13446191674833624
0.00267221955	-0.13486168318700534
0.0026777751	-0.13798618552227304
0.00268333065	-0.14141642832799314
0.0026888861999999998	-0.14604906096841738
0.0026944417499999997	-0.14755053267604387
0.0026999972999999997	-0.149326913354038
0.00270555285	-0.1523502439576302
0.0027111084	-0.15649361255125088
0.00271666395	-0.15797092435575122
0.0027222195	-0.15942942089828155
0.00272777505	-0.16314733263695227
0.0027333305999999997	-0.16567413067155168
0.0027388861499999997	-0.16794451023140086
0.0027444417	-0.16814405016170228
0.00274999725	-0.17151179591705062
0.0027555528	-0.1737977109876673
0.00276110835	-0.17598524618768266
0.0027666639	-0.1761528210178125
0.0027722194499999997	-0.1793990306572356
0.0027777749999999997	-0.18156052011049684
0.0027833305499999996	-0.18364660077067008
0.0027888861	-0.18269336769896444
0.00279444165	-0.18579959210302266
0.0027999972	-0.18792138275719328
0.00280555275	-0.19106811724736464
0.0028111082999999998	-0.19003630302863272
0.0028166638499999997	-0.19317184417780936
0.0028222193999999996	-0.19527551049607622
0.00282777495	-0.19844986077174073
0.0028333305	-0.19625925912826353
0.00283888605	-0.1994377383097784
0.0028444416	-0.20146223804462174
0.0028499971499999998	-0.20447187893195087
0.0028555526999999997	-0.20339692034393778
0.0028611082499999997	-0.20656345187640113
0.0028666638	-0.20860851257747345
0.00287221935	-0.21179071553079892
0.0028777749	-0.210688202517926
0.00288333045	-0.21304146301250387
0.002888886	-0.2153204598445915
0.0028944415499999997	-0.21876166239427983
0.0028999970999999997	-0.21757189383578265
0.00290555265	-0.22014026794815184
0.0029111082	-0.2226653879587727
0.00291666375	-0.2264132048984372
0.0029222193	-0.2266095741096151
0.00292777485	-0.2281588695747613
0.0029333303999999998	-0.23102779618200003
0.0029388859499999997	-0.23526712263024757
0.0029444414999999996	-0.23559118537838752
0.00294999705	-0.2374858049083473
0.0029555526	-0.242430933426994
0.00296110815	-0.24751411961649658
0.0029666637	-0.24956319909103847
0.0029722192499999998	-0.25029631776225064
0.0029777747999999997	-0.25611136665876644
0.0029833303499999997	-0.2606104542506777
0.0029888859	-0.263356965294779
0.00299444145	-0.26439659985330616
0.002999997	-0.2709773812867057
0.00300555255	-0.2759948263909849
0.0030111081	-0.27922692666035176
0.0030166636499999997	-0.2787456842105486
0.0030222191999999997	-0.2863340054191899
0.00302777475	-0.2919436240403796
0.0030333303	-0.29765907216769927
0.00303888585	-0.2972760674003353
0.0030444414	-0.30575438965479584
0.00304999695	-0.3121911502764592
0.0030555524999999997	-0.3187352426395893
0.0030611080499999997	-0.31611059001142755
0.0030666635999999996	-0.3253702067595295
0.00307221915	-0.3323137658946784
0.0030777747	-0.34192115082149754
0.00308333025	-0.33908905696910707
0.0030888858	-0.3492549048893281
0.0030944413499999998	-0.356809514816573
0.0030999968999999997	-0.36698148893061716
0.0031055524499999996	-0.36402080942347403
0.003111108	-0.3716611849710315
0.00311666355	-0.3790404106062798
0.0031222191	-0.38922675206549506
0.00312777465	-0.38648034737083825
0.0031333301999999998	-0.3917450558161377
0.0031388857499999997	-0.3989588667616919
0.0031444412999999997	-0.40891105664772465
0.00314999685	-0.40817959052683883
0.0031555524	-0.41305936053930853
0.00316110795	-0.4200399332854094
0.0031666635	-0.4296352291395217
0.00317221905	-0.4289030972963863
0.0031777745999999997	-0.43088058264707185
0.0031833301499999997	-0.43738055751405
0.0031888856999999996	-0.4464873857091287
0.00319444125	-0.4479074249907039
0.0031999968	-0.4495048240061849
0.00320555235	-0.4582096439409505
0.0032111079	-0.464415410715063
0.0032166634499999998	-0.46534477677184505
0.0032222189999999997	-0.4640896411924957
0.0032277745499999996	-0.4720872952848091
0.0032333301	-0.4778671113184034
0.00323888565	-0.47819280433617883
0.0032444412	-0.47662246898970084
0.00324999675	-0.4839772086927833
0.0032555522999999998	-0.4891533618905502
0.0032611078499999997	-0.49158045567561914
0.0032666633999999996	-0.48718509408996163
0.00327221895	-0.49425166910078144
0.0032777745	-0.49917903613326764
0.00328333005	-0.5008291042436571
0.0032888856	-0.49661795434059963
0.00329444115	-0.5033501585300287
0.0032999966999999997	-0.5080189246369905
0.0033055522499999997	-0.5119625539808862
0.0033111077999999996	-0.5074560537326461
0.00331666335	-0.5114935253142885
0.0033222189	-0.5160243424924609
0.00332777445	-0.5198278278746283
0.00333333	-0.5152482223546089
0.0033388855499999997	-0.5191998950746709
0.0033444410999999997	-0.5236998829005659
0.0033499966499999996	-0.5274830478328143
0.0033555522	-0.522828333340807
0.00336110775	-0.5240869799212281
0.0033666633	-0.5285613398136565
0.00337221885	-0.535081233832491
0.0033777743999999998	-0.5298179919400433
0.0033833299499999997	-0.5317017018560977
0.0033888854999999996	-0.5363033869235723
0.00339444105	-0.5429098445844556
0.0033999966	-0.5375677014742181
0.00340555215	-0.5367128135424034
0.0034111077	-0.5413432072198107
0.0034166632499999998	-0.5480908332755768
0.0034222187999999997	-0.5449518823701492
0.0034277743499999997	-0.5442026855215963
0.0034333298999999996	-0.5490792651013261
0.00343888545	-0.5562769551011681
0.003444441	-0.5533141858816175
0.00344999655	-0.550555288965792
0.0034555521	-0.5580615155279375
0.0034611076499999997	-0.5633149451356034
0.0034666631999999997	-0.5600923918023726
0.0034722187499999996	-0.557485518943114
0.0034777743	-0.5653619093609004
0.00348332985	-0.5711047190781761
0.0034888854	-0.5711103862692697
0.00349444095	-0.5662647897103317
0.0034999964999999997	-0.5749657048813996
0.0035055520499999997	-0.5786254310430932
0.0035111075999999996	-0.5788942447717098
0.00351666315	-0.5743096039632346
0.0035222187	-0.5838536684676571
0.00352777425	-0.5907731832638256
0.0035333298	-0.5949051208689854
0.0035388853499999998	-0.5905671859461423
0.0035444408999999997	-0.5979917369687597
0.0035499964499999996	-0.6024742027169131
0.003555552	-0.6071613787121606
0.00356110755	-0.6030251373144199
0.0035666631	-0.6082399619836583
0.00357221865	-0.616312779466054
0.0035777741999999998	-0.6218988719742277
0.0035833297499999997	-0.6179730676655226
0.0035888852999999997	-0.6240017534177813
0.0035944408499999996	-0.6294033717978825
0.0035999964	-0.6389068671344049
0.00360555195	-0.6351982808218067
0.0036111075	-0.6389175024408463
0.00361666305	-0.6482797066783289
0.0036222185999999997	-0.6584492645418981
0.0036277741499999997	-0.6548254808972421
0.0036333296999999996	-0.658981684949135
0.00363888525	-0.6650979021966853
0.0036444408	-0.6786833575065714
0.00364999635	-0.6752951558556618
0.0036555519	-0.6758170030457064
0.0036611074499999998	-0.6858515708813296
0.0036666629999999997	-0.6997170056423517
0.0036722185499999996	-0.6961922233612818
0.0036777741	-0.6964357650715203
0.00368332965	-0.7063544805562982
0.0036888852	-0.7164205447071977
0.00369444075	-0.712877888265164
0.0036999962999999998	-0.70944338583326
0.0037055518499999997	-0.7193419996467156
0.0037111073999999997	-0.7294868798728605
0.0037166629499999996	-0.7289205397204196
0.0037222185	-0.724934319745008
0.00372777405	-0.7383986130439164
0.0037333296	-0.7447539557011874
0.00373888515	-0.7441025548003588
0.0037444406999999997	-0.7396803473482081
0.0037499962499999997	-0.7496229131888823
0.0037555517999999996	-0.7557872441662025
0.00376110735	-0.7582311328776266
0.0037666629	-0.7533798576397681
0.00377221845	-0.7631044500754985
0.003777774	-0.7691639106383686
0.0037833295499999997	-0.7713039176940307
0.0037888850999999997	-0.7662186256722147
0.0037944406499999996	-0.7720404993321223
0.0037999962	-0.7779531258894007
0.00380555175	-0.7798425512144982
0.0038111073	-0.7746310688549538
0.00381666285	-0.7803308448540254
0.0038222183999999998	-0.786154582399119
0.0038277739499999997	-0.7915435726181952
0.0038333294999999996	-0.7861375585223372
0.0038388850499999996	-0.7880173641053098
0.0038444406	-0.7937985181571366
0.00384999615	-0.7990692194704033
0.0038555517	-0.7935080918417581
0.0038611072499999998	-0.7952828242653633
0.0038666627999999997	-0.7974052309645038
0.0038722183499999997	-0.806392732590994
0.0038777738999999996	-0.8008087972737928
0.00388332945	-0.7989013325953008
0.003888885	-0.8046618230697461
0.00389444055	-0.813687966110905
0.0038999961	-0.8080796541502587
0.0039055516499999997	-0.8061632459351146
0.0039111072	-0.8117157530696725
0.00391666275	-0.8173523479510004
0.0039222182999999996	-0.8117068675163804
0.00392777385	-0.8062522215935213
0.0039333293999999994	-0.8155953204583551
0.00393888495	-0.8250653726859176
0.0039444405	-0.8194503262361381
0.00394999605	-0.8140115944364937
0.0039555516	-0.819704777309978
0.00396110715	-0.8255551120041139
0.0039666627	-0.8199498536711334
0.0039722182499999995	-0.8145830522055856
0.0039777738	-0.8240726799026493
0.00398332935	-0.829999513677786
0.0039888849	-0.8283493595586278
0.00399444045	-0.8231067795377581
0.003999996	-0.8291404274107345
0.00400555155	-0.8314160635682131
0.0040111070999999995	-0.8299942222906264
0.00401666265	-0.8249061701941192
0.004022218199999999	-0.8311225298799885
0.00402777375	-0.8334561063395394
0.0040333293	-0.8322989065351815
0.00403888485	-0.8273577636111411
0.0040444404	-0.8304042003798866
0.0040499959499999995	-0.8327038584654534
0.0040555515	-0.8356418382220914
0.004061107049999999	-0.8311190542960907
0.0040666626	-0.8346729335031986
0.00407221815	-0.8371325190479141
0.0040777737	-0.8405667647505719
0.00408332925	-0.8361450617844504
0.0040888847999999995	-0.836368932522008
0.00409444035	-0.8389871515027646
0.004099995899999999	-0.8467748122314707
0.00410555145	-0.8431975158346351
0.004111107	-0.84405667829493
0.00411666255	-0.8468803542721703
0.0041222181	-0.8552131868184351
0.0041277736499999995	-0.8513957623082967
0.0041333292	-0.849073078508349
0.004138884749999999	-0.856422939293772
0.0041444403	-0.8609479224318595
0.00414999585	-0.8582004066103747
0.0041555514	-0.8563920903776094
0.00416110695	-0.8639378607759348
0.0041666624999999995	-0.8724392296787304
0.00417221805	-0.8700423714507203
0.004177773599999999	-0.8686527501216098
0.00418332915	-0.8729849403195075
0.0041888847	-0.8773227280585856
0.00419444025	-0.876030599086803
0.0041999958	-0.8740611980550603
0.0042055513499999995	-0.8831598953766758
0.0042111069	-0.8914553432137954
0.004216662449999999	-0.8905883646328904
0.004222218	-0.8888654987187998
0.00422777355	-0.8946553208766378
0.0042333291	-0.8985180913849049
0.00423888465	-0.8980461334894078
0.0042444401999999996	-0.896567189289157
0.00424999575	-0.9072779938623521
0.0042555512999999994	-0.9111265762107289
0.00426110685	-0.9106839208136864
0.004266662399999999	-0.9092221170188276
0.00427221795	-0.9162655695547444
0.0042777735	-0.9155724445939246
0.00428332905	-0.9187047230833301
0.0042888846	-0.9162560926528646
0.0042944401499999995	-0.9234542118863284
0.0042999957	-0.922801858084942
0.004305551249999999	-0.9259144806881622
0.0043111068	-0.9244616515583659
0.00431666235	-0.9277862890390058
0.0043222179	-0.9270520367478627
0.00432777345	-0.9339000492898675
0.0043333289999999995	-0.9313624811025026
0.00433888455	-0.9346585742398501
0.004344440099999999	-0.9339255503439919
0.00434999565	-0.9407451574129735
0.0043555512	-0.9392440456445253
0.00436110675	-0.9388135474036938
0.0043666623	-0.9425432696760979
0.0043722178499999995	-0.9447914951012967
0.0043777734	-0.9421653986850481
0.004383328949999999	-0.9417069695599924
0.0043888845	-0.9417448417281921
0.00439444005	-0.9477684901200036
0.0043999956	-0.9462234529432734
0.00440555115	-0.9457885682990071
0.0044111066999999995	-0.9506453399799655
0.00441666225	-0.9519130526715469
0.004422217799999999	-0.950394501425348
0.00442777335	-0.9499713409106881
0.0044333289	-0.9510745111641781
0.00443888445	-0.9560871143093979
0.00444444	-0.9556663405641288
0.0044499955499999995	-0.9543201253612448
0.0044555511	-0.9554908336486084
0.004461106649999999	-0.9557419350416835
0.0044666622	-0.9554947796552494
0.00447221775	-0.9543109652241017
0.0044777733	-0.9566802276496458
0.00448332885	-0.9569224837100548
0.0044888843999999995	-0.956817020739565
0.00449443995	-0.9556057884558559
0.004499995499999999	-0.9580748718506827
0.00450555105	-0.957208789031959
0.0045111066	-0.9572727421652282
0.00451666215	-0.9561930815448393
0.0045222177	-0.9599701169922157
0.0045277732499999996	-0.959122537351155
0.0045333288	-0.9592883379258661
0.0045388843499999994	-0.9583275209944648
0.0045444399	-0.9623035443923573
0.004549995449999999	-0.956506481672212
0.004555551	-0.960630594646581
0.00456110655	-0.9598657938073478
0.0045666621	-0.9603947640106923
0.00457221765	-0.9546470239589551
0.0045777731999999995	-0.9590163160783804
0.00458332875	-0.9584040509753265
0.004588884299999999	-0.9594488608120704
0.00459443985	-0.9583274005148621
0.0045999954	-0.9579519154491893
0.00460555095	-0.9576097863309718
0.0046111065	-0.9588485403568454
0.0046166620499999995	-0.9544407867737833
0.0046222176	-0.9580932350381844
0.004627773149999999	-0.9581891400388106
0.0046333287	-0.9598784496289241
0.00463888425	-0.9606070562280292
0.0046444398	-0.9594703183174986
0.00464999535	-0.9599421005224251
0.0046555508999999995	-0.9622058918159331
0.00466110645	-0.9596082997663968
0.004666661999999999	-0.9623241434603625
0.00467221755	-0.9631561072126892
0.0046777731	-0.965966516746256
0.00468332865	-0.9635887107607847
0.0046888842	-0.9613119717630126
0.0046944397499999995	-0.9643548609782236
0.0046999953	-0.9657702636488363
0.004705550849999999	-0.9653852719002798
0.0047111064	-0.9633349225892182
0.00471666195	-0.9669917772985134
0.0047222175	-0.9689050781224682
0.00472777305	-0.9688419094571731
0.0047333285999999995	-0.9650495134413644
0.00473888415	-0.969216707317981
0.004744439699999999	-0.9715979475155997
0.00474999525	-0.9740600330151963
0.0047555508	-0.9649390570433124
0.00476110635	-0.9698341148676326
0.0047666619	-0.9728523259652038
0.0047722174499999995	-0.9758221474755615
0.004777773	-0.970063850216626
0.004783328549999999	-0.9754022421037957
0.0047888841	-0.9787459083060273
0.004794439649999999	-0.978897232589489
0.0047999952	-0.9728411644130444
0.00480555075	-0.973470894733134
0.0048111062999999996	-0.9771017118454349
0.00481666185	-0.9830332740666718
0.0048222173999999994	-0.9769120317270606
0.00482777295	-0.9777374050360912
0.004833328499999999	-0.9815823370001762
0.00483888405	-0.9877314104683396
0.0048444396	-0.9787533261446897
0.00484999515	-0.9773039182233255
0.0048555507	-0.9814114644857675
0.0048611062499999995	-0.987864489823328
0.0048666618	-0.9814155758713191
0.004872217349999999	-0.980139635070284
0.0048777729	-0.9844082508227103
0.00488332845	-0.991079442260181
0.004888884	-0.9848001661545736
0.00489443955	-0.9812497896753696
0.0048999950999999995	-0.9857363308714691
0.00490555065	-0.9926261168549784
0.004911106199999999	-0.9836010741006955
0.00491666175	-0.9802839475142322
0.0049222173	-0.9873877630285653
0.00492777285	-0.992005679967479
0.0049333284	-0.9884887164996542
0.0049388839499999995	-0.9826108164894751
0.0049444395	-0.9898296041833862
0.004949995049999999	-0.9946265000437813
0.0049555506	-0.9884419753086725
0.00496110615	-0.9827145165908756
0.0049666617	-0.9901582206470307
0.00497221725	-0.9925196930852062
0.0049777727999999995	-0.9919000758669694
0.00498332835	-0.9807451815859266
0.004988883899999999	-0.9884033791073494
0.00499443945	-0.9932601169801215
0.004999995	-0.9899963898759364
0.00500555055	-0.9817662111936256
0.0050111061	-0.9896346649871024
0.0050166616499999995	-0.9946540781692935
0.0050222172	-0.9915379326968106
0.005027772749999999	-0.9833490820632202
0.0050333283	-0.9858614035499726
0.00503888385	-0.990932868550428
0.0050444394	-0.9931764379322955
0.00504999495	-0.9851157196628644
0.0050555504999999995	-0.9878323735826551
0.00506110605	-0.9930658709367938
0.005066661599999999	-0.9954904019158096
0.00507221715	-0.9875004445769994
0.005077772699999999	-0.9849931027519676
0.00508332825	-0.9902821094200543
0.0050888838	-0.9982035061094365
0.0050944393499999996	-0.9874857694569157
0.0050999949	-0.9850483306368835
0.0051055504499999994	-0.9905050216814558
0.005111106	-0.9986912131878161
0.005116661549999999	-0.9880803822415043
0.0051222171	-0.983065240501528
0.00512777265	-0.9886785901955326
0.0051333282	-0.9969389809779101
0.00513888375	-0.9837135542103189
0.0051444392999999995	-0.978743161392435
0.00514999485	-0.9844205995529123
0.005155550399999999	-0.9932323821701757
0.00516110595	-0.9852417369539598
0.0051666615	-0.9775704058684879
0.00517221705	-0.983457195966277
0.0051777726	-0.9895874997983128
0.0051833281499999995	-0.9791534089122313
0.0051888837	-0.9715689736951675
0.005194439249999999	-0.9805167081422105
0.0051999948	-0.9868177457215108
0.00520555035	-0.981955659683119
0.0052111059	-0.9689849130557515
0.00521666145	-0.9781581187576085
0.0052222169999999995	-0.9816579078742654
0.00522777255	-0.9744671250499285
0.005233328099999999	-0.9636996386815069
0.00523888365	-0.9679042667729911
0.0052444392	-0.9745383149325586
0.00524999475	-0.9676287281367792
0.0052555503	-0.9570383658972914
0.0052611058499999995	-0.9616308425546386
0.0052666614	-0.9655164257909936
0.005272216949999999	-0.9643950361860616
0.0052777725	-0.9539760623155685
0.00528332805	-0.9534768379168683
0.0052888836	-0.9607411061442779
0.00529443915	-0.9599310638738302
0.0052999946999999995	-0.9497282879244558
0.00530555025	-0.9496904606996659
0.005311105799999999	-0.9541088043598148
0.00531666135	-0.959387247565255
0.005322216899999999	-0.9496099467162921
0.00532777245	-0.9448228590784553
0.005333328	-0.9528815463309187
0.0053388835499999995	-0.958639900074264
0.0053444391	-0.9490738216615761
0.005349994649999999	-0.944709432192026
0.0053555502	-0.9496626680379361
0.005361105749999999	-0.9558365162878298
0.0053666613	-0.9446148892088582
0.00537221685	-0.9354914419126322
0.0053777723999999996	-0.9407059698330966
0.00538332795	-0.9525033763672462
0.005388883499999999	-0.9418355540586603
0.00539443905	-0.9350147014499496
0.005399994599999999	-0.9437350366947774
0.00540555015	-0.9525318489824584
0.0054111057	-0.9405347410220677
0.00541666125	-0.9289740884273155
0.0054222168	-0.9379754280168318
0.0054277723499999994	-0.9471286104993761
0.0054333279	-0.9408935634983323
0.005438883449999999	-0.9313519274293239
0.005444439	-0.9441814019581094
0.00544999455	-0.9499361994726291
0.0054555501	-0.9426444482905928
0.00546110565	-0.9335267662683449
0.0054666611999999995	-0.9415494857796325
0.00547221675	-0.9473983898331568
0.005477772299999999	-0.9404516833192902
0.00548332785	-0.9328298184104813
0.0054888834	-0.9413157306664517
0.00549443895	-0.9470885485492694
0.0054999945	-0.945367204770352
0.0055055500499999995	-0.936745184479116
0.0055111056	-0.9405601043500571
0.005516661149999999	-0.9464954127047182
0.0055222167	-0.9450252800455657
0.00552777225	-0.9365029555288406
0.0055333278	-0.940399134593555
0.00553888335	-0.9426117087844099
0.0055444388999999995	-0.9461814633423454
0.00554999445	-0.9378408817441886
0.005555549999999999	-0.9370839425568638
0.00556110555	-0.9431212185983862
0.005566661099999999	-0.9468845911176639
0.00557221665	-0.9386907983187511
0.0055777722	-0.9379710231702186
0.0055833277499999995	-0.9402397392412104
0.0055888833	-0.944029766317078
0.005594438849999999	-0.9358711888302984
0.0055999944	-0.9304559739782924
0.005605549949999999	-0.9365550042742737
0.0056111055	-0.9453179122193812
0.00561666105	-0.9372627375107871
0.0056222165999999995	-0.9272423801229084
0.00562777215	-0.9334527468479469
0.005633327699999999	-0.9385562270301774
0.00563888325	-0.9295304882274249
0.005644438799999999	-0.9206188938966718
0.00564999435	-0.930549157748948
0.0056555499	-0.9405183127404207
0.0056611054499999995	-0.9315791632122797
0.005666661	-0.9224610666282681
0.005672216549999999	-0.9279906406004901
0.0056777721	-0.9342471879263005
0.005683327649999999	-0.9243988420695418
0.0056888832	-0.9152465105253919
0.00569443875	-0.9207188437161431
0.0056999942999999996	-0.9269254665418982
0.00570554985	-0.9170213952864272
0.0057111053999999994	-0.9089595212963538
0.00571666095	-0.913457095914439
0.005722216499999999	-0.9162848128831108
0.00572777205	-0.9108867301181272
0.0057333276	-0.901828531944003
0.00573888315	-0.9063256858014713
0.0057444387	-0.9091135091073438
0.0057499942499999995	-0.9036267422606047
0.0057555498	-0.8955355346319701
0.005761105349999999	-0.8951865293337472
0.0057666609	-0.8980102212721969
0.00577221645	-0.8971990368903555
0.005777772	-0.8879789173823684
0.00578332755	-0.8876237989296172
0.0057888830999999995	-0.8904745113485273
0.00579443865	-0.889652266509407
0.005799994199999999	-0.8814558144240431
0.00580554975	-0.8762228229144817
0.0058111053	-0.879009331061065
0.00581666085	-0.8781809071724375
0.0058222164	-0.8689436276275387
0.0058277719499999995	-0.8638057510595519
0.0058333275	-0.8666975849350589
0.005838883049999999	-0.870780074728981
0.0058444386	-0.8629287057848439
0.005849994149999999	-0.8534293228881732
0.0058555497	-0.8561335940994901
0.00586110525	-0.8568750847964313
0.0058666607999999995	-0.8483154870954029
0.00587221635	-0.8392663802458743
0.005877771899999999	-0.8456907762305563
0.00588332745	-0.8512856252397373
0.005888882999999999	-0.8429756824870615
0.00589443855	-0.8343509947042712
0.0058999941	-0.83646604241236
0.0059055496499999995	-0.8386716229560487
0.0059111052	-0.8302753871420537
0.005916660749999999	-0.8228604686748588
0.0059222163	-0.8287073562461928
0.005927771849999999	-0.8309626192973514
0.0059333274	-0.8228767064127155
0.00593888295	-0.8158876602199084
0.0059444384999999995	-0.8176446972060822
0.00594999405	-0.8208235576520448
0.005955549599999999	-0.8134100306589408
0.00596110515	-0.8075947073552682
0.005966660699999999	-0.8097481737884222
0.00597221625	-0.8130792848129309
0.0059777718	-0.8065006750945848
0.0059833273499999996	-0.8007938246121583
0.0059888829	-0.8029587443705872
0.0059944384499999994	-0.8026003341070391
0.005999994	-0.8007215111576843
0.006005549549999999	-0.7958368992003007
0.0060111051	-0.7945046595169428
0.00601666065	-0.794298765860386
0.0060222162	-0.7930668353021925
0.00602777175	-0.7884273941523056
0.0060333272999999995	-0.7878139490514248
0.00603888285	-0.7873916826594991
0.006044438399999999	-0.7865062220879547
0.00604999395	-0.7822863481169331
0.0060555495	-0.7781343881711423
0.00606110505	-0.7778581133324765
0.0060666606	-0.7812461245642195
0.0060722161499999995	-0.7773137184449475
0.0060777717	-0.7736448043473412
0.006083327249999999	-0.7772255524396314
0.0060888828	-0.7771485011369997
0.006094438349999999	-0.773428651488049
0.0060999939	-0.7696317909017871
0.00610554945	-0.7697242802302592
0.0061111049999999995	-0.773459358620776
0.00611666055	-0.7699596434558349
0.006122216099999999	-0.7664788299129691
0.00612777165	-0.7666736715617404
0.006133327199999999	-0.7668085595118649
0.00613888275	-0.7634815620051064
0.0061444383	-0.7602066033861394
0.0061499938499999995	-0.7604734815104309
0.0061555494	-0.7606332374742829
0.006161104949999999	-0.7574436217157132
0.0061666605	-0.7541563159797507
0.006172216049999999	-0.7545568332018864
0.0061777716	-0.7547504772706639
0.00618332715	-0.7518159257876846
0.0061888826999999995	-0.7487282831613743
0.00619443825	-0.7493357806834777
0.006199993799999999	-0.7495851951430568
0.00620554935	-0.7466363942420954
0.006211104899999999	-0.7435195974811658
0.00621666045	-0.7440771258656962
0.006222216	-0.7441865189148249
0.0062277715499999995	-0.7412496569824467
0.0062333271	-0.738124797261144
0.006238882649999999	-0.7350840066360478
0.0062444382	-0.7352278077318916
0.006249993749999999	-0.7322642287211275
0.0062555493	-0.7289939263447663
0.00626110485	-0.7294269901995027
0.0062666603999999996	-0.7258561198739446
0.00627221595	-0.7226863253604513
0.0062777714999999994	-0.7193462588937405
0.00628332705	-0.716020542535912
0.006288882599999999	-0.7128005982948655
0.00629443815	-0.7127123011171312
0.0062999937	-0.7091570407444373
0.00630554925	-0.7055969965343635
0.0063111048	-0.7056558059886122
0.0063166603499999995	-0.7018768223136077
0.0063222159	-0.6978713311077549
0.006327771449999999	-0.6938113998329524
0.006333327	-0.6902534019989294
0.006338882549999999	-0.6899540505257802
0.0063444381	-0.6855834013503667
0.00634999365	-0.6811950293565536
0.0063555491999999995	-0.6776301262031048
0.00636110475	-0.6735301245085773
0.006366660299999999	-0.6690805127781742
0.00637221585	-0.6643943625282445
0.006377771399999999	-0.6604264157418743
0.00638332695	-0.6561807944069138
0.0063888825	-0.651385913031631
0.0063944380499999995	-0.6463139967056091
0.0063999936	-0.6423169633211759
0.006405549149999999	-0.6383748911164754
0.0064111047	-0.6331092004199143
0.006416660249999999	-0.6283075368599196
0.0064222158	-0.6238861722246158
0.00642777135	-0.6166674626010191
0.0064333268999999995	-0.6113607992131592
0.00643888245	-0.6068934765676317
0.006444437999999999	-0.6028618382692787
0.00644999355	-0.5996452588806218
0.006455549099999999	-0.5949002752808216
0.00646110465	-0.5907634697303299
0.0064666602	-0.5835519929448753
0.0064722157499999995	-0.5774354778031741
0.0064777713	-0.573306142115112
0.006483326849999999	-0.5697664411006599
0.0064888824	-0.5662733576730599
0.006494437949999999	-0.5603149679004779
0.0064999935	-0.5567550000519282
0.00650554905	-0.5536932044967127
0.0065111045999999995	-0.5474555725451242
0.00651666015	-0.5450658326154324
0.006522215699999999	-0.539329082155523
0.00652777125	-0.53690657145656
0.006533326799999999	-0.5343142789015874
0.00653888235	-0.5291642996627939
0.0065444379	-0.5241092540679902
0.0065499934499999996	-0.5223074418191058
0.006555549	-0.5207514617441954
0.006561104549999999	-0.5160418931403067
0.0065666601	-0.5117211076571885
0.006572215649999999	-0.5105250263602286
0.0065777712	-0.5096608429373034
0.00658332675	-0.5027577837900625
0.0065888823	-0.49928836824381423
0.00659443785	-0.49877083513581866
0.0065999933999999994	-0.4986605656250139
0.00660554895	-0.4946355403590779
0.006611104499999999	-0.4911028157184933
0.00661666005	-0.4909701611420957
0.006622215599999999	-0.49139593305437
0.00662777115	-0.4853757889710868
0.0066333267	-0.4822875531797625
0.0066388822499999995	-0.4825875457839858
0.0066444378	-0.482989008668935
0.006649993349999999	-0.47998858721598975
0.0066555489	-0.4742580046769312
0.006661104449999999	-0.47524453665110983
0.00666666	-0.4757945231046514
0.00667221555	-0.470858897522866
0.0066777710999999995	-0.4676274924299302
0.00668332665	-0.4688429001040989
0.006688882199999999	-0.46955085648302575
0.00669443775	-0.4647875136534907
0.006699993299999999	-0.4588859055645439
0.00670554885	-0.46017709427070375
0.0067111044	-0.4609212897443313
0.0067166599499999995	-0.4567509099834327
0.0067222155	-0.45310930267117
0.006727771049999999	-0.4544415304374388
0.0067333266	-0.45528503425218053
0.006738882149999999	-0.45132328295189617
0.0067444377	-0.4476198630592314
0.00674999325	-0.44654313823708747
0.0067555487999999995	-0.44731986336397783
0.00676110435	-0.4459222316839041
0.006766659899999999	-0.4400857538513165
0.00677221545	-0.4388484843441208
0.006777770999999999	-0.439479595451917
0.00678332655	-0.4379012146351408
0.0067888821	-0.4342151656283184
0.0067944376499999995	-0.43015857364504495
0.0067999932	-0.43065719698323857
0.006805548749999999	-0.42878390768430524
0.0068111043	-0.4228816839331798
0.006816659849999999	-0.41857045448910346
0.0068222154	-0.4187134878301262
0.00682777095	-0.4190757342052673
0.0068333264999999995	-0.4132570135638669
0.00683888205	-0.40796353250086786
0.006844437599999999	-0.40747034064419596
0.00684999315	-0.4073535670196299
0.006855548699999999	-0.39898574322040986
0.00686110425	-0.39079183945185825
0.006866659799999999	-0.3899793135848664
0.0068722153499999996	-0.3890442379261543
0.0068777709	-0.38290851014511335
0.0068833264499999994	-0.37431240873658067
0.006888882	-0.3731254464222494
0.006894437549999999	-0.37178772950099737
0.0068999931	-0.36286806008848604
0.006905548649999999	-0.35387302510071783
0.0069111042	-0.3520463117976896
0.00691665975	-0.35014851938579933
0.0069222152999999995	-0.3408670485894531
0.00692777085	-0.3318217758402689
0.006933326399999999	-0.3294783814872362
0.00693888195	-0.32745217315168107
0.006944437499999999	-0.3174898985820897
0.00694999305	-0.3111253803779249
0.0069555486	-0.30604507588017565
0.0069611041499999995	-0.30339294021015056
0.0069666597	-0.2933686798097727
0.006972215249999999	-0.2871851086224077
0.0069777708	-0.28213573438548356
0.006983326349999999	-0.28023529102959727
0.0069888819	-0.2729379483811253
0.00699443745	-0.2674141545930069
0.0069999929999999995	-0.26053441916071074
0.00700554855	-0.25837706827186874
0.007011104099999999	-0.2515646404471575
0.00701665965	-0.24647055084086983
0.007022215199999999	-0.2403126426038522
0.00702777075	-0.2388368109925188
0.0070333263	-0.2327230104406496
0.0070388818499999995	-0.2258418740293692
0.0070444374	-0.2184415142005894
0.007049992949999999	-0.21726972192661725
0.0070555485	-0.21367331584317178
0.007061104049999999	-0.2095297210027413
0.0070666596	-0.20297183163634563
0.00707221515	-0.20217408206872353
0.0070777706999999995	-0.19898406823021791
0.00708332625	-0.19338215983976267
0.007088881799999999	-0.1860712158961908
0.00709443735	-0.185628860938999
0.007099992899999999	-0.18489473781468227
0.00710554845	-0.1800832918281418
0.007111104	-0.1752432029937378
0.0071166595499999995	-0.17501310222061603
0.0071222151	-0.17475533087491696
0.007127770649999999	-0.16920355388463437
0.0071333262	-0.16372480764575137
0.007138881749999999	-0.1638098779065835
0.0071444373	-0.16380586621368023
0.007149992849999999	-0.15872311185443122
0.0071555483999999996	-0.15498788415528822
0.00716110395	-0.15540481457672278
0.0071666594999999994	-0.15570549549147386
0.00717221505	-0.15109488827958764
0.007177770599999999	-0.14769675087101913
0.00718332615	-0.14721904631477636
0.007188881699999999	-0.14772644190322856
0.00719443725	-0.14350688251052665
0.0071999928	-0.14029595377611434
0.0072055483499999995	-0.13990620746124527
0.0072111039	-0.1403167264231745
0.007216659449999999	-0.13748215814305995
0.007222215	-0.13449373483728044
0.007227770549999999	-0.13306860112903945
0.0072333261	-0.13367272909207492
0.00723888165	-0.13102490208786927
0.0072444371999999995	-0.12815006661825248
0.00724999275	-0.1256030575812432
0.007255548299999999	-0.12608501942595382
0.00726110385	-0.12340333485703256
0.007266659399999999	-0.12055413463646374
0.00727221495	-0.1180203436447274
0.0072777705	-0.1186093406543688
0.0072833260499999995	-0.11708051861578209
0.0072888816	-0.11438371360671604
0.007294437149999999	-0.1108977073941151
0.0072999927	-0.11147254820226725
0.007305548249999999	-0.1099328787480569
0.0073111038	-0.10724831781465864
0.00731665935	-0.10372249451097179
0.0073222148999999995	-0.10424173084125353
0.00732777045	-0.10361419555452926
0.007333325999999999	-0.1008820130385732
0.00733888155	-0.09617748210478404
0.007344437099999999	-0.09659350858360913
0.00734999265	-0.09583400976210492
0.0073555482	-0.09195829935809798
0.0073611037499999995	-0.08701454434076222
0.0073666593	-0.08726882989557064
0.007372214849999999	-0.08626810761154081
0.0073777704	-0.08219685751262784
0.007383325949999999	-0.07800631133349098
0.0073888815	-0.07687704747476024
0.007394437049999999	-0.07685268855708428
0.0073999925999999995	-0.07127243769359899
0.00740554815	-0.06667279036277982
0.007411103699999999	-0.06514581214719697
0.00741665925	-0.06480121029543912
0.007422214799999999	-0.058601913086011544
0.00742777035	-0.05498314097870022
0.007433325899999999	-0.05156010836951952
0.0074388814499999996	-0.05127269933137123
0.007444437	-0.045227106529196794
0.0074499925499999994	-0.0398277328970691
0.0074555481	-0.03583577363594915
0.007461103649999999	-0.03541061072178601
0.0074666592	-0.028835109077536263
0.007472214749999999	-0.02461306684979054
0.0074777703	-0.01884100659428562
0.00748332585	-0.018268308642209925
0.0074888813999999995	-0.01110955448862917
0.00749443695	-0.004900929280672947
0.007499992499999999	0.0014017585992240214
0.00750554805	0.009526276783719175
0.007511103599999999	0.01187120240485473
0.00751665915	0.014634677972156174
0.0075222147	0.02266236283991397
0.0075277702499999995	0.029021466398850043
0.0075333258	0.03226016359419635
0.007538881349999999	0.034143672905819766
0.0075444369	0.042215492194927935
0.007549992449999999	0.0487139757042204
0.007555548	0.052917737321072106
0.00756110355	0.053929693748961546
0.0075666590999999995	0.06168622368659523
0.00757221465	0.06606869841018506
0.007577770199999999	0.07135930727309726
0.00758332575	0.07237552706195897
0.007588881299999999	0.08024348214270821
0.00759443685	0.08606649817313664
0.0075999924	0.09188548686903228
0.0076055479499999995	0.09170133377168455
0.0076111035	0.09835265946315642
0.007616659049999999	0.10201335795403202
0.0076222146	0.10743789441937461
0.007627770149999999	0.1071452710922424
0.0076333257	0.11329540463136589
0.007638881249999999	0.11787661106702232
0.0076444367999999995	0.12319309853446016
0.00764999235	0.12270324605236926
0.007655547899999999	0.1276410045094376
0.00766110345	0.1302707385737853
0.007666658999999999	0.13520392554855126
0.00767221455	0.13459313432473366
0.007677770099999999	0.13899373314983648
0.0076833256499999995	0.14243649148279258
0.0076888812	0.14695842500425643
0.007694436749999999	0.14716437697632342
0.0076999923	0.15019162492692936
0.007705547849999999	0.15326666845896558
0.0077111034	0.15732753620836512
0.007716658949999999	0.15756845785267104
0.0077222144999999996	0.16023429143807486
0.00772777005	0.16281455779975917
0.007733325599999999	0.16640822670146552
0.00773888115	0.167513004311084
0.007744436699999999	0.16885709965781528
0.00774999225	0.17115351038975538
0.007755547799999999	0.17445975608392472
0.00776110335	0.17554359429468502
0.0077666589	0.17684973158846706
0.0077722144499999994	0.1800060848165957
0.00777777	0.18221519311275805
0.007783325549999999	0.18319017545950064
0.0077888811	0.18335315403638894
0.007794436649999999	0.18639276051446088
0.0077999922	0.18857437460264245
0.00780554775	0.190581181617645
0.0078111032999999995	0.19070212423347338
0.00781665885	0.19385524358103937
0.0078222144	0.19593029103128326
0.007827769949999999	0.19795747946237677
0.0078333255	0.197005284606185
0.00783888105	0.20010377083247383
0.007844436599999999	0.20209547476072562
0.00784999215	0.20514754285885498
0.0078555477	0.20415502171513336
0.00786110325	0.20722907793469494
0.007866658799999999	0.20927582724002403
0.00787221435	0.21251837497229062
0.0078777699	0.21032245125951454
0.007883325449999999	0.21377152139863026
0.007888881	0.21603637764768177
0.00789443655	0.2194280486410491
0.0078999921	0.21720589661615722
0.007905547649999999	0.2209368309691784
0.0079111032	0.22345945647528362
0.00791665875	0.22726992244263153
0.0079222143	0.2261280021738083
0.00792776985	0.22904660194713536
0.0079333254	0.23191856070711034
0.00793888095	0.23621948281266472
0.007944436499999999	0.23510377318147171
0.00794999205	0.2385147469985449
0.0079555476	0.243484886789922
0.00796110315	0.24863556634279838
0.0079666587	0.24903318361476157
0.00797221425	0.25154347466418014
0.0079777698	0.2557346055901145
0.007983325349999999	0.26196552063598144
0.0079888809	0.2628501477941336
0.00799443645	0.2658079541222378
0.007999992	0.27059385943882763
0.00800554755	0.27754526571245913
0.0080111031	0.2787036458578341
0.00801665865	0.2803411603990722
0.008022214199999999	0.28776342203049216
0.00802776975	0.29363405206249676
0.0080333253	0.2971187142933761
0.00803888085	0.2990481324510206
0.008044436399999999	0.30735192982167064
0.00804999195	0.3141216766957386
0.0080555475	0.31817637396912013
0.008061103049999999	0.3180872002958625
0.0080666586	0.3273244437659798
0.00807221415	0.33438677861801425
0.0080777697	0.3412553173038388
0.008083325249999999	0.341307706349862
0.0080888808	0.35136299750224004
0.00809443635	0.35905341051986317
0.008099991899999999	0.3663157147661781
0.00810554745	0.3636124144779588
0.008111103	0.37376123225510904
0.00811665855	0.38124234671129925
0.008122214099999999	0.3888950376601639
0.00812776965	0.38585008845294094
0.0081333252	0.3938260379917506
0.008138880749999999	0.40112033649729867
0.0081444363	0.4107024904402844
0.00814999185	0.4075136626189975
0.0081555474	0.4150765310877104
0.008161102949999999	0.42212674383673227
0.0081666585	0.43138613887478916
0.00817221405	0.42819163962603457
0.008177769599999999	0.43279206841190293
0.00818332515	0.43935655216242525
0.0081888807	0.4483524440901543
0.00819443625	0.44716908307551895
0.008199991799999999	0.4513663870850396
0.00820554735	0.4576433708048766
0.0082111029	0.4661691720160744
0.008216658449999999	0.4645806120371376
0.008222214	0.4657811736799475
0.00822776955	0.47149597481169686
0.0082333251	0.4795100943415767
0.008238880649999999	0.47740727074955397
0.0082444362	0.47817856725042485
0.00824999175	0.48539480727169143
0.008255547299999999	0.4906785645123047
0.00826110285	0.49077359669408305
0.0082666584	0.48869212982871274
0.00827221395	0.49559845687696685
0.008277769499999999	0.500629975209942
0.00828332505	0.49998902742096507
0.0082888806	0.4980507493640918
0.008294436149999999	0.5046328123649544
0.0082999917	0.509409336105573
0.00830554725	0.5111035497140086
0.0083111028	0.5063304328737015
0.008316658349999999	0.5129174534864208
0.0083222139	0.5173882441118015
0.00832776945	0.5184026693846493
0.008333324999999999	0.5140869799893393
0.00833888055	0.5206180303585083
0.0083444361	0.5250599038930047
0.00834999165	0.526039307278352
0.008355547199999999	0.5214093828146591
0.00836110275	0.525503604622537
0.0083666583	0.5299273806804778
0.008372213849999999	0.5335766699144936
0.0083777694	0.5289247930012777
0.00838332495	0.5331560910261104
0.0083888805	0.5376966698186971
0.008394436049999999	0.541382386830742
0.0083999916	0.5366621215574613
0.00840554715	0.5381788267647705
0.008411102699999999	0.54277051398774
0.00841665825	0.5493494231731976
0.0084222138	0.5440383401343274
0.00842776935	0.5457196805320115
0.008433324899999999	0.5505901695361151
0.00843888045	0.5576240364032613
0.008444436	0.5524399160250039
0.008449991549999999	0.5521890305753178
0.0084555471	0.5573854619667961
0.00846110265	0.5647527966184336
0.0084666582	0.5592088075286986
0.008472213749999999	0.5591940093785722
0.0084777693	0.5646799177784644
0.00848332485	0.5729064194020991
0.008488880399999999	0.5702235630144193
0.00849443595	0.568128613833085
0.0084999915	0.5740595444228227
0.00850554705	0.5805528794869055
0.008511102599999999	0.5779969140535237
0.00851665815	0.5763409530073833
0.0085222137	0.585608383564381
0.00852776925	0.5929473344892366
0.008533324799999999	0.5939976604531355
0.00853888035	0.5898328479455873
0.0085444359	0.5999026050890065
0.008549991449999999	0.6047739724101493
0.008555547	0.6063090239348703
0.00856110255	0.6021690746476331
0.0085666581	0.6105914550601141
0.008572213649999999	0.6187919435591724
0.0085777692	0.6211765779958489
0.00858332475	0.6172608056716415
0.008588880299999999	0.6265119535741879
0.00859443585	0.6320965149686529
0.0085999914	0.6383415450576526
0.00860554695	0.6346400075034531
0.008611102499999999	0.6416054693950698
0.00861665805	0.6511342710015965
0.0086222136	0.6579604705954184
0.008627769149999999	0.6543377034620149
0.0086333247	0.6617981411674914
0.00863888025	0.6680810051677427
0.0086444358	0.678133016332611
0.008649991349999999	0.6743440075239214
0.0086555469	0.6787168519903137
0.00866110245	0.6888767552301848
0.008666657999999999	0.699132092386066
0.00867221355	0.6952151637259898
0.0086777691	0.6993156838081249
0.00868332465	0.7056321610389422
0.008688880199999999	0.7157338018812617
0.00869443575	0.7118687242512183
0.0086999913	0.7123200336123005
0.008705546849999999	0.718608228268874
0.0087111024	0.7320166476715879
0.00871665795	0.7278734042144344
0.0087222135	0.7277768171194571
0.008727769049999999	0.7373301514069713
0.0087333246	0.7471912660047265
0.00873888015	0.7430272675144565
0.008744435699999999	0.7391381373359138
0.00874999125	0.748539724521579
0.0087555468	0.7585646665604201
0.00876110235	0.7571378880655001
0.008766657899999999	0.7527582049443483
0.00877221345	0.7656689332098098
0.008777769	0.7719102914325184
0.008783324549999999	0.7702050575898849
0.0087888801	0.7651714337824657
0.00879443565	0.7745639482573395
0.0087999912	0.7806582241043192
0.008805546749999999	0.7786977307283258
0.0088111023	0.7735351604407887
0.00881665785	0.7831289378289918
0.008822213399999999	0.7888408115755564
0.00882776895	0.7903510174011826
0.0088333245	0.7849896949316076
0.00883888005	0.7908037848662227
0.008844435599999999	0.7964762358871773
0.00884999115	0.797832383348108
0.0088555467	0.792321732448477
0.008861102249999999	0.7980635922791441
0.0088666578	0.8000915203267691
0.00887221335	0.805147365747002
0.0088777689	0.799623488396935
0.008883324449999999	0.8016989879129216
0.00888888	0.8073623170786094
0.00889443555	0.8124398363909232
0.008899991099999999	0.8068965329628655
0.00890554665	0.8089625841619307
0.0089111022	0.8109568705644864
0.00891665775	0.8161208943762838
0.008922213299999999	0.8106000064084777
0.00892776885	0.8090946978146939
0.0089333244	0.8148353200592522
0.008938879949999999	0.8238447951111985
0.0089444355	0.8183373518133785
0.00894999105	0.813128552470757
0.0089555466	0.8185960352327877
0.008961102149999999	0.8243443665192792
0.0089666577	0.8188292914422726
0.00897221325	0.81371100757405
0.008977768799999999	0.8229377851233529
0.00898332435	0.8326030355345434
0.0089888799	0.8272231733252688
0.00899443545	0.8219732456799007
0.008999990999999999	0.8280039675525569
0.00900554655	0.8340628808232163
0.0090111021	0.8289326209086446
0.009016657649999999	0.8238173931058257
0.0090222132	0.8299726493762348
0.00902776875	0.8361514470305512
0.0090333243	0.8312899447646632
0.009038879849999999	0.8263459443534699
0.0090444354	0.8329879783283571
0.00904999095	0.8357888673763634
0.009055546499999999	0.8347180881196943
0.009061102049999999	0.830211943674175
0.0090666576	0.8373400839621492
0.00907221315	0.8403198957975487
0.009077768699999999	0.8397516472331379
0.00908332425	0.8353269102719173
0.0090888798	0.8395023819617548
0.00909443535	0.8422962975756566
0.009099990899999999	0.8461057535416708
0.00910554645	0.8425262559558775
0.009111102	0.8473078385515647
0.009116657549999999	0.8503101575974098
0.0091222131	0.8546527149380729
0.00912776865	0.8508436811841541
0.0091333242	0.8524590344558064
0.009138879749999999	0.8556014717934974
0.0091444353	0.8604982884230308
0.00914999085	0.8577718701755127
0.009155546399999999	0.8598497842248333
0.00916110195	0.8631228106845265
0.0091666575	0.872070179944956
0.00917221305	0.8697380727240032
0.009177768599999999	0.8687283800850529
0.00918332415	0.8717947920283845
0.0091888797	0.8770399053609083
0.009194435249999999	0.8749046077736319
0.0091999908	0.8742033542972408
0.00920554635	0.8819627239774406
0.0092111019	0.8912536199467557
0.009216657449999999	0.8894365168396818
0.009222213	0.888733670530327
0.00922776855	0.8934454656334411
0.009233324099999999	0.8984062606044775
0.00923887965	0.8978676822240431
0.0092444352	0.8964843260301415
0.00924999075	0.9060376042050255
0.009255546299999999	0.9110303151325966
0.00926110185	0.9105009064958036
0.0092666574	0.9091430119204948
0.009272212949999999	0.915021940946022
0.0092777685	0.9190074703807357
0.00928332405	0.9185412019085986
0.0092888796	0.9162057188852637
0.009294435149999999	0.922219571047266
0.0092999907	0.9262612778064857
0.00930554625	0.9258299933155016
0.009311101799999999	0.9243764787447616
0.00931665735	0.931347207473466
0.0093222129	0.9308680163400339
0.00932776845	0.933812699269278
0.009333323999999999	0.9312709567573999
0.00933887955	0.9382185517792798
0.0093444351	0.9377429192189295
0.009349990649999999	0.9406489114350548
0.0093555462	0.9391534375185838
0.00936110175	0.9427793730070966
0.0093666573	0.9418082630320183
0.009372212849999999	0.944678896925776
0.0093777684	0.9420698504481045
0.00938332395	0.9419184431779458
0.009388879499999999	0.9410198542055872
0.00939443505	0.9476629914393357
0.0093999906	0.9461336378928016
0.00940554615	0.9460046438011945
0.009411101699999999	0.9494480886899751
0.00941665725	0.951822898914596
0.0094222128	0.9503063393593977
0.009427768349999999	0.9498809317823381
0.0094333239	0.9498675828697385
0.00943887945	0.9560066167536494
0.009444435	0.9545589380224871
0.009449990549999999	0.9542563528393473
0.0094555461	0.9542879131294972
0.00946110165	0.9556919806310274
0.009466657199999999	0.9543959199035592
0.00947221275	0.9542893907195137
0.0094777683	0.9554597725408625
0.00948332385	0.9568950907275096
0.009488879399999999	0.9566884899302427
0.00949443495	0.955600489456215
0.0094999905	0.9568583185675065
0.009505546049999999	0.9572214328742974
0.0095111016	0.9571760252414043
0.00951665715	0.956217332400331
0.0095222127	0.9587415637972996
0.009527768249999999	0.9591462566839268
0.0095333238	0.9593402756846537
0.00953887935	0.9583984872596824
0.009544434899999999	0.9610634765579347
0.00954999045	0.9602885499876533
0.009555546	0.9607332711394443
0.00956110155	0.9599865061996731
0.009566657099999999	0.9591709603614
0.00957221265	0.9584669133754943
0.0095777682	0.9591676660367069
0.009583323749999999	0.9585725273387418
0.009588879299999999	0.9629403854391121
0.00959443485	0.9571701492310152
0.0095999904	0.9581645497335056
0.009605545949999999	0.9578573819458922
0.0096111015	0.9589883276236738
0.00961665705	0.9536032418043976
0.009622212599999999	0.958418598849217
0.009627768149999999	0.9585575328084486
0.0096333237	0.9606106692666949
0.00963887925	0.9593349365636374
0.009644434799999999	0.9598905833328238
0.00964999035	0.9604236010704439
0.0096555459	0.9626929980046373
0.00966110145	0.9583475128742092
0.009666656999999999	0.9628464904582996
0.00967221255	0.9637482884414492
0.0096777681	0.9665665866921659
0.009683323649999999	0.962326011818561
0.0096888792	0.9619505455336914
0.00969443475	0.9632109940838016
0.0096999903	0.9664559859341464
0.009705545849999999	0.964106158245303
0.0097111014	0.9640840034203219
0.00971665695	0.9658736278646167
0.009722212499999999	0.9697092608685828
0.00972776805	0.9675716563433167
0.0097333236	0.9659067251556434
0.00973887915	0.9699916357723364
0.009744434699999999	0.9725432696227193
0.00974999025	0.9727777877887755
0.0097555458	0.965969651834005
0.009761101349999999	0.9707584371153053
0.0097666569	0.973945203060295
0.00977221245	0.9745508104048346
0.009777768	0.9711940376839351
0.009783323549999999	0.9765906383425093
0.0097888791	0.9799301229683338
0.00979443465	0.9776275883303039
0.009799990199999999	0.9688793335661902
0.00980554575	0.9747437603496777
0.0098111013	0.9783501411289725
0.00981665685	0.9817556095553186
0.009822212399999999	0.9729723125074624
0.00982776795	0.9790678660055638
0.0098333235	0.9828780928535898
0.009838879049999999	0.9833484205518476
0.0098444346	0.9772441573184508
0.00984999015	0.9787066262516059
0.0098555457	0.9827659879529886
0.009861101249999999	0.9888328475065512
0.0098666568	0.9799089955736431
0.00987221235	0.9815875564333784
0.009877767899999999	0.9858078818741012
0.00988332345	0.9920980596276913
0.009888879	0.983608327772897
0.00989443455	0.9827546173421451
0.009899990099999999	0.9871899708021433
0.00990554565	0.9936930895368367
0.0099111012	0.9824313763646784
0.009916656749999999	0.9818471612874679
0.0099222123	0.9864505217459679
0.00992776785	0.9935550573518597
0.0099333234	0.9873036730333088
0.009938878949999999	0.9841887905942408
0.0099444345	0.9889047136144774
0.00994999005	0.9962226697481918
0.009955545599999999	0.987273905893131
0.00996110115	0.9843418366700304
0.0099666567	0.9889875605662698
0.00997221225	0.9941596279225312
0.009977767799999999	0.9907201370631177
0.00998332335	0.9823842850231518
0.0099888789	0.9897142980333452
0.009994434449999999	0.9949208477766964
end