t  ft
begin
0.0	-0.47533244661550217
5.55555E-6	-0.4738989488369262
1.11111E-5	-0.4698811422921031
1.6666649999999997E-5	-0.46832777167203293
2.22222E-5	-0.46902759989628295
2.777775E-5	-0.4677519461790675
3.3333299999999995E-5	-0.46384991979070833
3.8888849999999996E-5	-0.45963204732102164
4.44444E-5	-0.46038672412205617
4.999995E-5	-0.46163929750812605
5.55555E-5	-0.45584804712130556
6.111105E-5	-0.4538763001000854
6.666659999999999E-5	-0.45470363667326075
7.222215E-5	-0.456081318653257
7.777769999999999E-5	-0.45047756798634764
8.333325E-5	-0.4459875400445813
8.88888E-5	-0.4467830943263293
9.444434999999999E-5	-0.44804829431250637
9.99999E-5	-0.44295354538126547
1.0555544999999999E-4	-0.43835755989637043
1.11111E-4	-0.4390257984687943
1.1666655E-4	-0.4400929679911558
1.222221E-4	-0.434946885548475
1.2777764999999998E-4	-0.4297494927472506
1.3333319999999998E-4	-0.43077759472889715
1.3888875E-4	-0.43107502469872166
1.444443E-4	-0.4236139503941287
1.4999985E-4	-0.4182871154960579
1.5555539999999998E-4	-0.4188938250667076
1.6111094999999998E-4	-0.418930588465734
1.666665E-4	-0.41380563557079664
1.7222205E-4	-0.4081386138490123
1.777776E-4	-0.4079879785783545
1.8333314999999998E-4	-0.40748175411910137
1.8888869999999998E-4	-0.3995391978892064
1.9444425E-4	-0.3937104373860555
1.999998E-4	-0.39040834389070367
2.0555535E-4	-0.38944974543303656
2.1111089999999998E-4	-0.383434318458092
2.1666644999999998E-4	-0.3774489709069143
2.22222E-4	-0.37361597182031925
2.2777755E-4	-0.3723658724670582
2.333331E-4	-0.36591955252927555
2.3888864999999998E-4	-0.3597579056598953
2.444442E-4	-0.3527930127828047
2.4999975E-4	-0.35106194032457
2.5555529999999997E-4	-0.3439603180937931
2.6111084999999996E-4	-0.3377735381738981
2.6666639999999996E-4	-0.3304838082311527
2.7222195E-4	-0.3285841829029233
2.777775E-4	-0.323380890159127
2.8333305E-4	-0.31696215983699155
2.888886E-4	-0.3071725190691146
2.9444415E-4	-0.3047031333039394
2.999997E-4	-0.29917468350064863
3.0555525E-4	-0.292915794424279
3.1111079999999997E-4	-0.28326576281473764
3.1666634999999996E-4	-0.2813769649027415
3.2222189999999996E-4	-0.2785460963412731
3.2777745E-4	-0.270243692440313
3.33333E-4	-0.26161681245395474
3.3888855E-4	-0.2594377684825583
3.444441E-4	-0.256831597252102
3.4999965E-4	-0.24909501338981024
3.555552E-4	-0.2411916515668077
3.6111075E-4	-0.23940240073898758
3.6666629999999997E-4	-0.23755859518525374
3.7222184999999996E-4	-0.2282340657882066
3.7777739999999996E-4	-0.2191530809427114
3.8333294999999995E-4	-0.21770860494568828
3.888885E-4	-0.21627419426537453
3.9444405E-4	-0.20965591693886704
3.999996E-4	-0.203500359899851
4.0555515E-4	-0.20222979810683517
4.111107E-4	-0.20133252366850116
4.1666625E-4	-0.1936091509941817
4.2222179999999997E-4	-0.18795476701520333
4.2777734999999996E-4	-0.18569518675235147
4.3333289999999996E-4	-0.18525060282783923
4.3888844999999995E-4	-0.18023092453684014
4.44444E-4	-0.17686769436072505
4.4999955E-4	-0.17506651639633716
4.555551E-4	-0.17492264622139309
4.6111065E-4	-0.1706940873028016
4.666662E-4	-0.1664877006826697
4.7222175E-4	-0.16378373149514439
4.7777729999999997E-4	-0.1638458843617101
4.8333284999999996E-4	-0.16008820654530584
4.888884E-4	-0.15747121712757212
4.9444395E-4	-0.15522799231191592
4.999995E-4	-0.1555289658227317
5.0555505E-4	-0.153503292086643
5.111105999999999E-4	-0.1500255153747034
5.1666615E-4	-0.1469408805578496
5.222216999999999E-4	-0.14743998943292005
5.2777725E-4	-0.14574678096324334
5.333327999999999E-4	-0.14250505608840722
5.3888835E-4	-0.13960715937679885
5.444439E-4	-0.14003204310010534
5.4999945E-4	-0.13961702411741006
5.55555E-4	-0.13658295257289907
5.611105499999999E-4	-0.13274068718908472
5.666661E-4	-0.13335418447874367
5.722216499999999E-4	-0.13305929885173762
5.777772E-4	-0.13019265896448184
5.833327499999999E-4	-0.12537471058734653
5.888883E-4	-0.1258845987496002
5.9444385E-4	-0.1254322276939946
5.999994E-4	-0.12153597799867656
6.0555495E-4	-0.11781222653356253
6.111105E-4	-0.11838797361148183
6.1666605E-4	-0.11897788676841879
6.222215999999999E-4	-0.11530611022627096
6.2777715E-4	-0.1117525763042625
6.333326999999999E-4	-0.11130513924808293
6.3888825E-4	-0.11179682788030049
6.444437999999999E-4	-0.10713710007986825
6.4999935E-4	-0.10460301875701694
6.555549E-4	-0.10404476774705253
6.6111045E-4	-0.1044779049567164
6.66666E-4	-0.10075076170265583
6.722215499999999E-4	-0.09816566848971248
6.777771E-4	-0.09637398706959624
6.833326499999999E-4	-0.09676864245585737
6.888882E-4	-0.09292017732284859
6.944437499999999E-4	-0.08910516179947829
6.999993E-4	-0.08704314378006858
7.055548499999999E-4	-0.08733313176799462
7.111104E-4	-0.08312691563942343
7.1666595E-4	-0.08024147864080666
7.222215E-4	-0.0768128672507576
7.2777705E-4	-0.07700776214749912
7.333325999999999E-4	-0.07353272758874856
7.3888815E-4	-0.06914584785318459
7.444436999999999E-4	-0.06518171991548945
7.4999925E-4	-0.06517843328298256
7.555547999999999E-4	-0.061100575837664886
7.6111035E-4	-0.05764979978926014
7.666658999999999E-4	-0.0521105235182878
7.7222145E-4	-0.05190786560566855
7.77777E-4	-0.048147691065110236
7.833325499999999E-4	-0.04275228920495608
7.888881E-4	-0.03660215100285546
7.944436499999999E-4	-0.03622573905823991
7.999992E-4	-0.031978636880960594
8.055547499999999E-4	-0.027704538825094417
8.111103E-4	-0.019885590126474794
8.166658499999999E-4	-0.01865519961990707
8.222214E-4	-0.01448763751040594
8.277769499999999E-4	-0.008127543666594628
8.333325E-4	-7.039965197165527E-5
8.3888805E-4	0.006138608162324882
8.444435999999999E-4	0.012260899507029147
8.4999915E-4	0.01218015628824754
8.555546999999999E-4	0.019403179233016314
8.6111025E-4	0.02571948143479966
8.666657999999999E-4	0.031798967777937615
8.7222135E-4	0.03260653375923734
8.777768999999999E-4	0.038940352267030943
8.8333245E-4	0.045320681016981786
8.88888E-4	0.05247009624075722
8.944435499999999E-4	0.05227890190066628
8.999991E-4	0.05854015035428357
9.055546499999999E-4	0.06281363775268665
9.111102E-4	0.0698186626998687
9.166657499999999E-4	0.07062577313512827
9.222213E-4	0.07698030108063884
9.277768499999999E-4	0.08294078540787923
9.333324E-4	0.09035533546466126
9.388879499999999E-4	0.09110004491722795
9.444435E-4	0.09535385847241494
9.4999905E-4	0.09908001244680839
9.555545999999999E-4	0.1059461588367333
9.6111015E-4	0.10658006265636016
9.666656999999999E-4	0.11055194375609259
9.7222125E-4	0.11537251819113556
9.777768E-4	0.12123692875181927
9.833323499999999E-4	0.1232525163536324
9.888879E-4	0.1253067032136591
9.9444345E-4	0.1293937552502489
9.99999E-4	0.13340126695118742
0.0010055545499999998	0.13519147735356857
0.0010111101	0.13697386159963557
0.00101666565	0.1417730435966453
0.0010222211999999999	0.1451147116949795
0.00102777675	0.1479088921505679
0.0010333323	0.14842384898339986
0.00103888785	0.15271436701226138
0.0010444433999999999	0.15565332181148128
0.00104999895	0.15834459097606676
0.0010555545	0.15860818972715027
0.0010611100499999999	0.1624139214090743
0.0010666655999999998	0.1649339387813223
0.00107222115	0.1683494015804369
0.0010777767	0.16742582062055072
0.0010833322499999999	0.17083921130663973
0.0010888878	0.17311029695467
0.00109444335	0.17639991316433307
0.0010999989	0.17545198461850964
0.0011055544499999998	0.17875524150603558
0.00111111	0.18090158639924236
0.00111666555	0.18407701315233305
0.0011222210999999999	0.18198136220904867
0.00112777665	0.18517349574578404
0.0011333322	0.18726447498084076
0.00113888775	0.1903881827989647
0.0011444432999999999	0.18930568236438525
0.00114999885	0.19254156368191755
0.0011555544	0.19462223765444767
0.00116110995	0.197750156247491
0.0011666654999999998	0.19666407651060233
0.00117222105	0.19882105998407731
0.0011777766	0.2008277063770563
0.0011833321499999999	0.20386665809212667
0.0011888877	0.2038111557934365
0.00119444325	0.20594590425237044
0.0011999988	0.20793639152898263
0.0012055543499999999	0.2111454430557682
0.0012111099	0.2111633073013677
0.00121666545	0.21237518426019214
0.001222221	0.2146009716085044
0.0012277765499999998	0.21806491964983804
0.0012333321	0.2180518229544609
0.00123888765	0.21941014765643976
0.0012444431999999999	0.22310978067034343
0.00124999875	0.22563521667990688
0.0012555543	0.22709488557387508
0.00126110985	0.22734424838071718
0.0012666653999999999	0.23147153184980931
0.00127222095	0.23440696062653368
0.0012777765	0.2360817460617167
0.00128333205	0.23655962926187604
0.0012888875999999998	0.24138936566708524
0.00129444315	0.24648226656627245
0.0012999987	0.25007096255845335
0.0013055542499999999	0.2492175538300319
0.0013111098	0.25493952783637375
0.00131666535	0.259365182994349
0.0013222209	0.2638682554316678
0.0013277764499999998	0.26309201720953423
0.001333332	0.2696652324579163
0.00133888755	0.2745973430076807
0.0013444430999999999	0.27975602269740024
0.0013499986499999998	0.2772625557104786
0.0013555542	0.2847483294358311
0.00136110975	0.29039640481158435
0.0013666652999999999	0.29823593472796883
0.00137222085	0.2956345495717318
0.0013777764	0.30397503587957236
0.00138333195	0.31041424037791526
0.0013888874999999998	0.31932213970503365
0.00139444305	0.3166331822069043
0.0013999986	0.3234370850852363
0.0014055541499999999	0.330402586220626
0.0014111096999999998	0.3399808969701935
0.00141666525	0.3396371652324437
0.0014222208	0.34716232071692527
0.0014277763499999999	0.35473316678515465
0.0014333319	0.3650011402080059
0.00143888745	0.36460115430001966
0.001444443	0.3695608751011718
0.0014499985499999998	0.3769894357789029
0.0014555541	0.3872016506905836
0.00146110965	0.3870896969878381
0.0014666651999999999	0.38965415120260843
0.0014722207499999998	0.39694220643901484
0.0014777763	0.4068871031392189
0.00148333185	0.408813160540195
0.0014888873999999999	0.41104093069014497
0.00149444295	0.4206990627889455
0.0014999985	0.42766937727189147
0.00150555405	0.42956008577926097
0.0015111095999999998	0.42895501530738916
0.00151666515	0.4380687227166181
0.0015222207	0.4446198304660722
0.0015277762499999999	0.44859031950639244
0.0015333317999999998	0.44764188919723297
0.00153888735	0.4564900126072653
0.0015444429	0.462651299490464
0.0015499984499999999	0.46605383646446075
0.001555554	0.4623934673395991
0.00156110955	0.47048018342471004
0.0015666650999999999	0.47620289834343477
0.0015722206499999998	0.47892835683203555
0.0015777762	0.47503871384809365
0.00158333175	0.4824979721843978
0.0015888872999999999	0.48761756512096766
0.0015944428499999998	0.4923297435247585
0.0015999984	0.48823775810390463
0.00160555395	0.4928432994810242
0.0016111094999999998	0.4977268772850219
0.00161666505	0.5020532850657106
0.0016222206	0.4977682205558531
0.0016277761499999999	0.5020060919759111
0.0016333316999999998	0.5066230531785745
0.00163888725	0.5132809921490622
0.0016444428	0.5088118013216936
0.0016499983499999999	0.5101790464398159
0.0016555538999999998	0.5146578707807831
0.00166110945	0.521187533462367
0.001666665	0.516089111288464
0.0016722205499999998	0.5178963824436179
0.0016777761	0.5223390266466058
0.00168333165	0.5288625766568786
0.0016888871999999999	0.523685518395656
0.0016944427499999998	0.5227806041288312
0.0016999983	0.527189164353061
0.00170555385	0.5337541638904094
0.0017111093999999999	0.5306643023703808
0.0017166649499999998	0.5303642048534444
0.0017222205	0.5348979968939234
0.00172777605	0.5415757451597321
0.0017333315999999998	0.5384251091010397
0.00173888715	0.5353657341352126
0.0017444427	0.542118518220496
0.0017499982499999999	0.5467268765007913
0.0017555537999999998	0.5458205154975128
0.00176110935	0.5428122115627749
0.0017666649	0.5498567829437326
0.0017722204499999999	0.5548219188613798
0.001777776	0.5541921233501685
0.00178333155	0.5490541145463208
0.0017888870999999999	0.5566005160868883
0.0017944426499999998	0.5617778057008441
0.0017999982	0.5609845748242995
0.00180555375	0.555912621730121
0.0018111092999999999	0.5638240128426334
0.0018166648499999998	0.5694499938485529
0.0018222204	0.572010062293102
0.00182777595	0.5674374496063535
0.0018333314999999998	0.5732573954252814
0.00183888705	0.5768539210872934
0.0018444426	0.5799874520645215
0.0018499981499999999	0.5753510309474774
0.0018555536999999998	0.5818666928663409
0.00186110925	0.5887760173198954
0.0018666648	0.5958680207754898
0.0018722203499999999	0.5914731758742654
0.0018777758999999998	0.5958357889975594
0.00188333145	0.6003666772070878
0.001888887	0.6080245369991398
0.0018944425499999998	0.6038021387046036
0.0018999981	0.605902109054083
0.00190555365	0.6140427980320442
0.0019111091999999999	0.622605458226435
0.0019166647499999998	0.6186153443656492
0.0019222203	0.6215011963509185
0.00192777585	0.6269281018093644
0.0019333313999999999	0.6394888003949949
0.0019388869499999998	0.6360753520883285
0.0019444425	0.6362322774302489
0.00194999805	0.645611023759338
0.0019555536	0.658952782159195
0.0019611091499999998	0.6557199365272727
0.0019666646999999997	0.6561686084255042
0.00197222025	0.666006188745132
0.0019777758	0.676006798581495
0.00198333135	0.6762101249905642
0.0019888869	0.6729197882574209
0.00199444245	0.6867991027042684
0.001999998	0.6969907319594362
0.0020055535499999997	0.6971241827356702
0.0020111090999999997	0.6935476383187789
0.00201666465	0.7073263951137809
0.0020222202	0.7137191712807096
0.00202777575	0.7138418054597008
0.0020333313	0.7099614323050552
0.00203888685	0.7203141959936127
0.0020444423999999998	0.726640990612687
0.0020499979499999997	0.7298963008725106
0.0020555535	0.7255321891455457
0.00206110905	0.7356824300362987
0.0020666646	0.7419250382951048
0.00207222015	0.7448994680268849
0.0020777757	0.7405252595824707
0.0020833312499999998	0.7469513143725746
0.0020888867999999997	0.7530141039011957
0.00209444235	0.7591471648708705
0.0020999979	0.7543265480660448
0.00210555345	0.7604635372886742
0.002111109	0.7664158447357524
0.00211666455	0.7723116361489065
0.0021222200999999998	0.7672643106519811
0.0021277756499999997	0.769435862051047
0.0021333311999999997	0.7752480182443563
0.00213888675	0.7808974764429636
0.0021444423	0.7757210061862131
0.00214999785	0.777750686438176
0.0021555534	0.7834572396965168
0.00216110895	0.7926432176558813
0.0021666644999999997	0.7872756779321368
0.0021722200499999997	0.7854501888127539
0.0021777756	0.7911090421138334
0.00218333115	0.8002252056471577
0.0021888867	0.7946910226871773
0.00219444225	0.7927214334295186
0.0021999978	0.7983011899322063
0.0022055533499999998	0.8075442999375358
0.0022111088999999997	0.8018968924553632
0.00221666445	0.7963246315894711
0.00222222	0.8055645784723052
0.00222777555	0.8148429661601002
0.0022333311	0.8091753593360268
0.00223888665	0.8035827300810312
0.0022444421999999998	0.812819252531096
0.0022499977499999997	0.8184898558875252
0.0022555533	0.8128142305100898
0.00226110885	0.8073622670760807
0.0022666644	0.8167170491300826
0.00227221995	0.8224476529853347
0.0022777755	0.8205657602956778
0.00228333105	0.815115075749872
0.0022888865999999997	0.8208296037233371
0.0022944421499999997	0.8229222466378618
0.0022999977	0.8210980976109684
0.00230555325	0.8156762772096775
0.0023111088	0.8215008650569086
0.00231666435	0.8273175341869805
0.0023222199	0.8294575509032417
0.0023277754499999997	0.8241518788339606
0.0023333309999999997	0.8265062435174031
0.00233888655	0.8286937782798549
0.0023444421	0.8310537700937186
0.00234999765	0.8259149501567165
0.0023555532	0.8284550788091849
0.00236110875	0.8306890096891641
0.0023666642999999998	0.8332959243777914
0.0023722198499999997	0.8282958451864615
0.0023777754	0.8274563251238302
0.00238333095	0.8298548622359868
0.0023888865	0.836570425678639
0.00239444205	0.8319738312057398
0.0023999976	0.8316187458131162
0.0024055531499999998	0.8341915437136546
0.0024111086999999997	0.8413916853811159
0.0024166642499999997	0.8368923631232157
0.0024222198	0.8332370821276943
0.00242777535	0.8400553535721548
0.0024333309	0.8474473904632742
0.00243888645	0.8438068136504681
0.002444442	0.8408075930296166
0.0024499975499999997	0.8479519084691091
0.0024555530999999997	0.8557805840074167
0.00246110865	0.852483187427717
0.0024666642	0.8493624783488769
0.00247221975	0.8575200440329938
0.0024777753	0.8614065468691682
0.00248333085	0.8593033652755128
0.0024888863999999998	0.8566026235870646
0.0024944419499999997	0.8650334290039946
0.0024999975	0.872835512293563
0.00250555305	0.8711478224836787
0.0025111086	0.8689320009668325
0.00251666415	0.8741157963788352
0.0025222197	0.877620159471146
0.0025277752499999998	0.87627545563005
0.0025333307999999997	0.8742723585966533
0.0025388863499999996	0.8842926466278649
0.0025444419	0.8880174012932938
0.00254999745	0.8907547013335894
0.002555553	0.8890044567621114
0.00256110855	0.895782264361898
0.0025666641	0.8949790422169637
0.0025722196499999997	0.8981339303419288
0.0025777751999999997	0.8966522203547157
0.00258333075	0.9036566467880146
0.0025888863	0.9075532737367572
0.00259444185	0.9107734345930666
0.0025999974	0.9093006449856388
0.00260555295	0.9126368135357813
0.0026111084999999997	0.9117647165960913
0.0026166640499999997	0.9187762073300834
0.0026222196	0.9163120164761754
0.00262777515	0.9197947097942639
0.0026333307	0.9189724650199873
0.00263888625	0.9259935856004852
0.0026444418	0.9245425073734165
0.0026499973499999998	0.9241400130272178
0.0026555528999999997	0.9279773725914365
0.0026611084499999996	0.9339821149980759
0.002666664	0.9314456833438213
0.00267221955	0.9310109232661888
0.0026777751	0.934849318059146
0.00268333065	0.9408372919019703
0.0026888861999999998	0.9393293632677183
0.0026944417499999997	0.9388997403777795
0.0026999972999999997	0.9437443162444462
0.00270555285	0.9448955509518273
0.0027111084	0.9433066668616916
0.00271666395	0.9417987822997909
0.0027222195	0.9429367629492363
0.00272777505	0.9478675789020495
0.0027333305999999997	0.947366422623115
0.0027388861499999997	0.9458759912112558
0.0027444417	0.9518449932510067
0.00274999725	0.9519973967143266
0.0027555528	0.9515510427843874
0.00276110835	0.9500560393721663
0.0027666639	0.952283088073562
0.0027722194499999997	0.95616358293678
0.0027777749999999997	0.955797807689429
0.0027833305499999996	0.9543821692358344
0.0027888861	0.956695646029406
0.00279444165	0.9557917002203922
0.0027999972	0.9555900815990691
0.00280555275	0.9543318862106247
0.0028111082999999998	0.9579174706959854
0.0028166638499999997	0.9569486891205911
0.0028222193999999996	0.9568335680896402
0.00282777495	0.9556148164954539
0.0028333305	0.9593077327607982
0.00283888605	0.9534928003077037
0.0028444416	0.9572554423635314
0.0028499971499999998	0.9561720650092617
0.0028555526999999997	0.9563530901385253
0.0028611082499999997	0.9554031568655184
0.0028666638	0.9592407664386906
0.00287221935	0.9582672588089215
0.0028777749	0.9586596833896865
0.00288333045	0.9576703801997312
0.002888886	0.9605348629314086
0.0028944415499999997	0.9597600422849378
0.0028999970999999997	0.9603366784115333
0.00290555265	0.9558030784913069
0.0029111082	0.958868021094633
0.00291666375	0.9582497443545528
0.0029222193	0.9590637496624299
0.00292777485	0.9594989575328702
0.0029333303999999998	0.957743917923545
0.0029388859499999997	0.9573848577088632
0.0029444414999999996	0.9585799013122986
0.00294999705	0.9555989866595049
0.0029555526	0.9577748688786278
0.00296110815	0.9593599399792652
0.0029666637	0.9595337074460559
0.0029722192499999998	0.9617830694645155
0.0029777747999999997	0.9590615175028303
0.0029833303499999997	0.9611228612768811
0.0029888859	0.9617247434564149
0.00299444145	0.960771905441662
0.002999997	0.9618100909842223
0.00300555255	0.9643344928026986
0.0030111081	0.9653797659666584
0.0030166636499999997	0.9647520543689412
0.0030222191999999997	0.9606818567813883
0.00302777475	0.9637379185845377
0.0030333303	0.9650925359010901
0.00303888585	0.9665656282743065
0.0030444414	0.962592798763271
0.00304999695	0.966237152622591
0.0030555524999999997	0.9681092318579209
0.0030611080499999997	0.9700155194166393
0.0030666635999999996	0.9641933817144986
0.00307221915	0.968351212953934
0.0030777747	0.9706982888951181
0.00308333025	0.9752559763704735
0.0030888858	0.9692793926006156
0.0030944413499999998	0.9688194949266755
0.0030999968999999997	0.9717648813240845
0.0031055524499999996	0.9770047613211493
0.003111108	0.971137547869076
0.00311666355	0.9743154658963094
0.0031222191	0.9775701741856018
0.00312777465	0.9832528071636878
0.0031333301999999998	0.9742244070745218
0.0031388857499999997	0.9723003399153255
0.0031444412999999997	0.9758612490188382
0.00314999685	0.9818301791084038
0.0031555524	0.9783086197884658
0.00316110795	0.9765167571372845
0.0031666635	0.9802895034124134
0.00317221905	0.986485472670868
0.0031777745999999997	0.9799533745404032
0.0031833301499999997	0.9760150204064058
0.0031888856999999996	0.9800599715175179
0.00319444125	0.9865538382757354
0.0031999968	0.9826182311175754
0.00320555235	0.9788088687883559
0.0032111079	0.98546561682762
0.0032166634499999998	0.9897243605033784
0.0032222189999999997	0.9859921498269013
0.0032277745499999996	0.9798669129427008
0.0032333301	0.9867767568994504
0.00323888565	0.9912304613252981
0.0032444412	0.9847701430974204
0.00324999675	0.9788466699082556
0.0032555522999999998	0.9860561897943487
0.0032611078499999997	0.990581482401106
0.0032666633999999996	0.9896720421650951
0.00327221895	0.9811591799839383
0.0032777745	0.9884633821612858
0.00328333005	0.9931574820262948
0.0032888856	0.9896020496749383
0.00329444115	0.9812182673043205
0.0032999966999999997	0.9887488330760102
0.0033055522499999997	0.9910107708962996
0.0033111077999999996	0.9930726727925868
0.00331666335	0.9846553267682868
0.0033222189	0.9868290195594829
0.00332777445	0.9917373980362858
0.00333333	0.9938698557933081
0.0033388855499999997	0.985624471895525
0.0033444410999999997	0.9880169708747503
0.0033499966499999996	0.9930958164768953
0.0033555522	0.9953840117914656
0.00336110775	0.9872006283757333
0.0033666633	0.9842318246997972
0.00337221885	0.9893577695623108
0.0033777743999999998	0.9971908429464663
0.0033833299499999997	0.9862277541747817
0.0033888854999999996	0.986158778188524
0.00339444105	0.9914518400239937
0.0033999966	0.9994620004623407
0.00340555215	0.9886062133652475
0.0034111077	0.9832826349766547
0.0034166632499999998	0.9886567179028565
0.0034222187999999997	0.996831485193111
0.0034277743499999997	0.9886045466914946
0.0034333298999999996	0.9833187706043688
0.00343888545	0.988828182126163
0.003444441	0.9972673667785958
0.00344999655	0.9891930404900462
0.0034555521	0.9812861788101573
0.0034611076499999997	0.9897917372964505
0.0034666631999999997	0.9955060527058628
0.0034722187499999996	0.9848356589105561
0.0034777743	0.9769494916925492
0.00348332985	0.9855411462968634
0.0034888854	0.9914223774821663
0.00349444095	0.9863556914731421
0.0034999964999999997	0.9757063495542061
0.0035055520499999997	0.9845701187105063
0.0035111075999999996	0.9877339531219023
0.00351666315	0.9802701011639138
0.0035222187	0.9696709265148239
0.00352777425	0.9787036469431284
0.0035333298	0.9849169904644609
0.0035388853499999998	0.983073293650854
0.0035444408999999997	0.9724080347421777
0.0035499964499999996	0.9763021142863698
0.003555552	0.9797149481632261
0.00356110755	0.9780636903886155
0.0035666631	0.9674417832675093
0.00357221865	0.9660088218158456
0.0035777741999999998	0.9725382691816665
0.0035833297499999997	0.9711694700705982
0.0035888852999999997	0.9606981372985502
0.0035944408499999996	0.9596572227409166
0.0035999964	0.9634449992201413
0.00360555195	0.9678865364320166
0.0036111075	0.9575761258648159
0.00361666305	0.9514362656721117
0.0036222185999999997	0.9586084011621075
0.0036277741499999997	0.9633322255105408
0.0036333296999999996	0.9532256554574159
0.00363888525	0.9475746435747403
0.0036444408	0.9518608373510139
0.00364999635	0.9626313124145359
0.0036555519	0.9508432254351771
0.0036611074499999998	0.9425872766268821
0.0036666629999999997	0.9505310281503354
0.0036722185499999996	0.9617553320853576
0.0036777741	0.9503150873278514
0.00368332965	0.942408301698076
0.0036888852	0.9505697695632026
0.00369444075	0.9588333232150652
0.0036999962999999998	0.9458338499470169
0.0037055518499999997	0.9330959796278625
0.0037111073999999997	0.941581331199477
0.0037166629499999996	0.9501152792933008
0.0037222185	0.9429104053398802
0.00372777405	0.9325463400221202
0.0037333296	0.9448146217415464
0.00373888515	0.9500975695411855
0.0037444406999999997	0.9416000189143457
0.0037499962499999997	0.9315852250771594
0.0037555517999999996	0.9390494826252074
0.00376110735	0.9445980488024734
0.0037666629	0.9419423317600508
0.00377221845	0.93385470541171
0.003777774	0.9417284525015264
0.0037833295499999997	0.947355920076284
0.0037888850999999997	0.9450769507482597
0.0037944406499999996	0.9359100270160926
0.0037999962	0.9390623984016052
0.00380555175	0.9447874423571445
0.0038111073	0.94281796229031
0.00381666285	0.935153505718845
0.0038222183999999998	0.9385547730706049
0.0038277739499999997	0.9444366197372477
0.0038333294999999996	0.9477384718927706
0.0038388850499999996	0.9389879499648593
0.0038444406	0.9377534924903173
0.00384999615	0.9438005029538576
0.0038555517	0.9473451229890126
0.0038611072499999998	0.9387110473143503
0.0038666627999999997	0.9375872197345334
0.0038722183499999997	0.9399107955705862
0.0038777738999999996	0.9484614490092232
0.00388332945	0.9399936740118089
0.003888885	0.9342407168819801
0.00389444055	0.940393244034532
0.0038999961	0.9491040423978595
0.0039055516499999997	0.9408087978062077
0.0039111072	0.9351316133159074
0.00391666275	0.941239785040113
0.0039222182999999996	0.9462318437173345
0.00392777385	0.9368608667047921
0.0039333293999999994	0.9275775431804014
0.00393888495	0.937541646099503
0.0039444405	0.9475026347177198
0.00394999605	0.9382444116293295
0.0039555516	0.9290426258581442
0.00396110715	0.9344267655352907
0.0039666627	0.9407059191007484
0.0039722182499999995	0.9305166766341637
0.0039777738	0.9224104725759135
0.00398332935	0.931532033048514
0.0039888849	0.9379483179160246
0.00399444045	0.9325604876368252
0.003999996	0.9245345005223028
0.00400555155	0.9289643238819966
0.0040111070999999995	0.9316706820133099
0.00401666265	0.9263661434448854
0.004022218199999999	0.9173276654229137
0.00402777375	0.9217010771869222
0.0040333293	0.9243593766067592
0.00403888485	0.9190183008239835
0.0040444404	0.9110266191873088
0.0040499959499999995	0.9106837876455317
0.0040555515	0.9134030393972807
0.004061107049999999	0.9128758302449255
0.0040666626	0.9038960060721416
0.00407221815	0.9035649550831367
0.0040777737	0.9062470441870069
0.00408332925	0.9056359389187251
0.0040888847999999995	0.8976224106434415
0.00409444035	0.892421836150291
0.004099995899999999	0.895131181800017
0.00410555145	0.89923810132604
0.004111107	0.8900838245553707
0.00411666255	0.8848647723681594
0.0041222181	0.8875991614575465
0.0041277736499999995	0.8917330657637954
0.0041333292	0.8835809596621539
0.004138884749999999	0.8734693340932054
0.0041444403	0.8797660841273439
0.00414999585	0.8802201240660404
0.0041555514	0.8710669332891505
0.00416110695	0.8610321143013968
0.0041666624999999995	0.8674305816410518
0.00417221805	0.8727817828149697
0.004177773599999999	0.8639555754117272
0.00418332915	0.8553337638079213
0.0041888847	0.8571045093648154
0.00419444025	0.8587995929615475
0.0041999958	0.8493079280587966
0.0042055513499999995	0.841089368829779
0.0042111069	0.8466345285615856
0.004216662449999999	0.8531348371902966
0.004222218	0.84395925207265
0.00422777355	0.836049535310292
0.0042333291	0.8373832341308834
0.00423888465	0.8403736710037087
0.0042444401999999996	0.8319393393572317
0.00424999575	0.8245116519737675
0.0042555512999999994	0.8296445855596394
0.00426110685	0.8326084829351413
0.004266662399999999	0.8244693810160295
0.00427221795	0.8174188483466106
0.0042777735	0.8185507448281734
0.00428332905	0.8179738247770916
0.0042888846	0.8148508259377878
0.0042944401499999995	0.8089803093911538
0.0042999957	0.8106254427692756
0.004305551249999999	0.8101964829942659
0.0043111068	0.807816787324183
0.00431666235	0.8020193059399443
0.0043222179	0.8001825232475621
0.00432777345	0.7997030723857225
0.0043333289999999995	0.8019291624157582
0.00433888455	0.7969203007480594
0.004344440099999999	0.7916743207628077
0.00434999565	0.7913632209306874
0.0043555512	0.7941134581095305
0.00436110675	0.7893905415398577
0.0043666623	0.7847100910902242
0.0043722178499999995	0.7881893069059613
0.0043777734	0.787463438400771
0.004383328949999999	0.7831883260662384
0.0043888845	0.7787595416419654
0.00439444005	0.7786219368460962
0.0043999956	0.7821061508796244
0.00440555115	0.7781148906185271
0.0044111066999999995	0.7741860975020806
0.00441666225	0.7779699926727848
0.004422217799999999	0.7779302963581918
0.00442777335	0.7741909076183365
0.0044333289	0.7703946841182491
0.00443888445	0.7704675805644119
0.00444444	0.7742031068422929
0.0044499955499999995	0.7706922507809152
0.0044555511	0.7671836076616567
0.004461106649999999	0.767401657846216
0.0044666622	0.7675080407984582
0.00447221775	0.764194373301296
0.0044777733	0.7608703796210664
0.00448332885	0.7612059011629032
0.0044888843999999995	0.7613137544002574
0.00449443995	0.7580848953299312
0.004499995499999999	0.7548039311026388
0.00450555105	0.7552691273520773
0.0045111066	0.7553951287776446
0.00451666215	0.752404519083368
0.0045222177	0.7493343397775843
0.0045277732499999996	0.7500296822440365
0.0045333288	0.7502230443141004
0.0045388843499999994	0.7472315543391148
0.0045444399	0.7441343031811765
0.004549995449999999	0.7447773133351805
0.004555551	0.7413348305757801
0.00456110655	0.7418457786399711
0.0045666621	0.7387459435582329
0.00457221765	0.7357706144824419
0.0045777731999999995	0.732389540070856
0.00458332875	0.732835179995995
0.004588884299999999	0.7296508807844884
0.00459443985	0.726491354706208
0.0045999954	0.7265862877820309
0.00460555095	0.7233314900314468
0.0046111065	0.720029950102425
0.0046166620499999995	0.7167126744777333
0.0046222176	0.7132667678120457
0.004627773149999999	0.7134160487896427
0.0046333287	0.7098968682614862
0.00463888425	0.7063630465307387
0.0046444398	0.7063760495762359
0.00464999535	0.7026750625581445
0.0046555508999999995	0.6987274393311642
0.00466110645	0.6946378130727958
0.004666661999999999	0.690952911442527
0.00467221755	0.6907935898060327
0.0046777731	0.6864993105449126
0.00468332865	0.6821018367497435
0.0046888842	0.6783107589193197
0.0046944397499999995	0.6744581468177592
0.0046999953	0.6697780027618007
0.004705550849999999	0.6653619423439853
0.0047111064	0.6611083087819164
0.00471666195	0.6571784623142553
0.0047222175	0.6520711141942467
0.00472777305	0.6473499309977176
0.0047333285999999995	0.6429709659316982
0.00473888415	0.639420445449436
0.004744439699999999	0.6341526064218443
0.00474999525	0.6293905523643851
0.0047555508	0.6245186235656245
0.00476110635	0.6177173543588168
0.0047666619	0.6123986658042314
0.0047722174499999995	0.6078600927936689
0.004777773	0.603456698595804
0.004783328549999999	0.6006114730614682
0.0047888841	0.5958674531094488
0.004794439649999999	0.5916671366085908
0.0047999952	0.584085384646741
0.00480555075	0.5814390173229206
0.0048111062999999996	0.5741505075146142
0.00481666185	0.5705068236629848
0.0048222173999999994	0.566810276668457
0.00482777295	0.5641830766242226
0.004833328499999999	0.557453087669062
0.00483888405	0.5543361590748136
0.0048444396	0.5510713341596097
0.00484999515	0.545554715501176
0.0048555507	0.5398614574956629
0.0048611062499999995	0.5373916166098921
0.0048666618	0.534989706761311
0.004872217349999999	0.529638895951911
0.0048777729	0.5244974418194954
0.00488332845	0.5226294358577014
0.004888884	0.5212264340676721
0.00489443955	0.5164763408202891
0.0048999950999999995	0.5119498282182445
0.00490555065	0.5107033250704639
0.004911106199999999	0.5099716631522406
0.00491666175	0.5031505620195468
0.0049222173	0.49932318686462224
0.00492777285	0.49916702056813594
0.0049333284	0.49866869177501383
0.0049388839499999995	0.4950244707912311
0.0049444395	0.49105482006739315
0.004949995049999999	0.4913363691051016
0.0049555506	0.49129631464538404
0.00496110615	0.4857277899968257
0.0049666617	0.482127233623402
0.00497221725	0.48292451890243854
0.0049777727999999995	0.4827785022333815
0.00498332835	0.48034410881372414
0.004988883899999999	0.47404882560822614
0.00499443945	0.47504041853244805
0.004999995	0.4755625903543048
0.00500555055	0.47117822064045184
0.0050111061	0.4673625668848162
0.0050166616499999995	0.46859347762954706
0.0050222172	0.46928877505470906
0.005027772749999999	0.46508255528550013
0.0050333283	0.46126820501685717
0.00503888385	0.4599151389854846
0.0050444394	0.46065646562761214
0.00504999495	0.4592013766169089
0.0050555504999999995	0.45546277745740354
0.00506110605	0.4541670051831194
0.005066661599999999	0.45499439009013887
0.00507221715	0.45370955927308143
0.005077772699999999	0.45010969530278366
0.00508332825	0.4462774438823105
0.0050888838	0.4470482165764411
0.0050944393499999996	0.44831946135988576
0.0050999949	0.4425803981808744
0.0051055504499999994	0.4386144645580222
0.005111106	0.43924972299525755
0.005116661549999999	0.44031128640844275
0.0051222171	0.43465867838931005
0.00512777265	0.42996393883788575
0.0051333282	0.4305005127470099
0.00513888375	0.4312300501217914
0.0051444392999999995	0.42332715054456077
0.00514999485	0.41843622652054707
0.005155550399999999	0.41863249264920616
0.00516110595	0.41900793785636375
0.0051666615	0.41353286072318246
0.00517221705	0.4079502850291071
0.0051777726	0.4077277011557465
0.0051833281499999995	0.40742107144727885
0.0051888837	0.39926476705421354
0.005194439249999999	0.39088837980377716
0.0051999948	0.39023506215422893
0.00520555035	0.38923973791618116
0.0052111059	0.38317491440109713
0.00521666145	0.3745252955985459
0.0052222169999999995	0.3733633052724258
0.00522777255	0.3720676004909546
0.005233328099999999	0.3630945521800697
0.00523888365	0.35670214239238607
0.0052444392	0.3524139546092399
0.00524999475	0.3505893675112537
0.0052555503	0.34106995628662745
0.0052611058499999995	0.3346785806085798
0.0052666614	0.3299857840443157
0.005272216949999999	0.32800042103326105
0.0052777725	0.3203205715696427
0.00528332805	0.31402261232512824
0.0052888836	0.3066088223500942
0.00529443915	0.3040240631238554
0.0052999946999999995	0.2961516003279117
0.00530555025	0.2900164604036606
0.005311105799999999	0.28270031792347444
0.00531666135	0.2807812655072132
0.005322216899999999	0.2757237186108958
0.00532777245	0.2700883195899763
0.005333328	0.2610714229243489
0.0053388835499999995	0.25889708064544714
0.0053444391	0.25418805126531985
0.005349994649999999	0.24895147579024657
0.0053555502	0.24075230163629946
0.005361105749999999	0.2392773698422142
0.0053666613	0.2351308352552101
0.00537221685	0.22812813537118684
0.0053777723999999996	0.21879928296918544
0.00538332795	0.21762080570988196
0.005388883499999999	0.2158767694190618
0.00539443905	0.20959368527257186
0.005399994599999999	0.20324169051156002
0.00540555015	0.2021676469097211
0.0054111057	0.20100115228925483
0.00541666125	0.19343260527920036
0.0054222168	0.18619795307317352
0.0054277723499999994	0.18566295537805358
0.0054333279	0.18512955222794844
0.005438883449999999	0.1801014199672274
0.005444439	0.1752985231704916
0.00544999455	0.1750155675628233
0.0054555501	0.1748844920587125
0.00546110565	0.1691855070767282
0.0054666611999999995	0.1650484130266231
0.00547221675	0.1638076380743431
0.005477772299999999	0.16387393948338685
0.00548332785	0.15870239721873466
0.0054888834	0.15616951481761507
0.00549443895	0.15531855254379007
0.0054999945	0.15561675126278715
0.0055055500499999995	0.15224685520915887
0.0055111056	0.1488557170498195
0.005516661149999999	0.147085390517029
0.0055222167	0.1476054867862121
0.00552777225	0.14458192554558158
0.0055333278	0.14139721693423585
0.00553888335	0.13976359974419833
0.0055444388999999995	0.1401733716695579
0.00554999445	0.13849976070289194
0.005555549999999999	0.13553133472862036
0.00556110555	0.13291140745102367
0.005566661099999999	0.13351214768518999
0.00557221665	0.1320010610515378
0.0055777722	0.12917601453742433
0.0055833277499999995	0.1254525069469111
0.0055888833	0.12595009160601003
0.005594438849999999	0.1243783422689803
0.0055999944	0.12157253633386003
0.005605549949999999	0.11787907403891999
0.0056111055	0.11847167987980213
0.00561666105	0.11803013224811047
0.0056222165999999995	0.11535939146818514
0.00562777215	0.11075920750220199
0.005633327699999999	0.11138806621994812
0.00563888325	0.1108676996326277
0.005644438799999999	0.1072360697798839
0.00564999435	0.10360543601408408
0.0056555499	0.10414653512049447
0.0056611054499999995	0.1045633337837041
0.005666661	0.10085960368477717
0.005672216549999999	0.09713205484268678
0.0056777721	0.09648745498539604
0.005683327649999999	0.09681084734985733
0.0056888832	0.09192720733012928
0.00569443875	0.08802078573414086
0.0056999942999999996	0.08716190398446111
0.00570554985	0.08731082332582069
0.0057111053999999994	0.08207591544094277
0.00571666095	0.07908523658494311
0.005722216499999999	0.07675563014260359
0.00572777205	0.07692949595721482
0.0057333276	0.07236890801708497
0.00573888315	0.06786525220393164
0.0057444387	0.06501903325705909
0.0057499942499999995	0.0649828428453188
0.0057555498	0.059809724416656156
0.005761105349999999	0.056264461495047303
0.0057666609	0.05182778224719893
0.00577221645	0.051591769454829926
0.005777772	0.04668930087805099
0.00578332755	0.04123163489278272
0.0057888830999999995	0.036203036473646706
0.00579443865	0.03582015700512482
0.005799994199999999	0.03040877118644806
0.00580554975	0.026169497954642875
0.0058111053	0.019367814897005394
0.00581666085	0.018801357796860877
0.0058222164	0.012798518542249523
0.0058277719499999995	0.00651045686611646
0.0058333275	-0.0014576683934614703
0.005838883049999999	-0.007754776058372809
0.0058444386	-0.012061618548407014
0.005849994149999999	-0.012821490929672852
0.0058555497	-0.021111257859601718
0.00586110525	-0.02729963058841997
0.0058666607999999995	-0.032475604380265956
0.00587221635	-0.03330274399629858
0.005877771899999999	-0.040650008716133036
0.00588332745	-0.046957164518994864
0.005888882999999999	-0.053181066834072734
0.00589443855	-0.05304046180209099
0.0058999941	-0.060185825898689795
0.0059055496499999995	-0.06437344911521432
0.0059111052	-0.07062989021162772
0.005916660749999999	-0.07143225455981185
0.0059222163	-0.0786103617304368
0.005927771849999999	-0.08444206659016693
0.0059333274	-0.09115476779255074
0.00593888295	-0.09083838340158235
0.0059444384999999995	-0.0968528540598916
0.00594999405	-0.10050470823530991
0.005955549599999999	-0.10672381944288689
0.00596110515	-0.10629400143251523
0.005966660699999999	-0.11192611692409338
0.00597221625	-0.11659610429560711
0.0059777718	-0.12242713998876711
0.0059833273499999996	-0.1229464481047393
0.0059888829	-0.12647811390445043
0.0059944384499999994	-0.12907506841599453
0.005999994	-0.13445987615727265
0.006005549549999999	-0.1348626297507047
0.0060111051	-0.13798341116899496
0.00601666065	-0.14141745417695128
0.0060222162	-0.14604651032743127
0.00602777175	-0.14755156122872357
0.0060333272999999995	-0.14932454732947342
0.00603888285	-0.1523512927870001
0.006044438399999999	-0.15649131740659522
0.00604999395	-0.15797199587220218
0.0060555495	-0.15942720411333272
0.00606110505	-0.1631452294777697
0.0060666606	-0.16567210948214137
0.0060722161499999995	-0.16794567455851908
0.0060777717	-0.1681420887606251
0.006083327249999999	-0.17150986717340808
0.0060888828	-0.1737958989173216
0.006094438349999999	-0.17598643805053396
0.0060999939	-0.17615090256579058
0.00610554945	-0.17939718447705358
0.0061111049999999995	-0.18155871957576628
0.00611666055	-0.18364783727457665
0.006122216099999999	-0.18269155128618694
0.00612777165	-0.18579779663149618
0.006133327199999999	-0.1879195878425901
0.00613888275	-0.1910661688907799
0.0061444383	-0.1900344719524838
0.0061499938499999995	-0.19317003832135188
0.0061555494	-0.1952737112055871
0.006161104949999999	-0.19844785571668905
0.0061666605	-0.19625718702187
0.006172216049999999	-0.19943597141999958
0.0061777716	-0.20146049843339953
0.00618332715	-0.20447014485747741
0.0061888826999999995	-0.20339480875882102
0.00619443825	-0.20656168246380743
0.006199993799999999	-0.20860667899666568
0.00620554935	-0.2117888666725143
0.006211104899999999	-0.21068950043042606
0.00621666045	-0.2130395539663185
0.006222216	-0.215318494944008
0.0062277715499999995	-0.21875966605793473
0.0062333271	-0.21757320257876303
0.006238882649999999	-0.22013817781427134
0.0062444382	-0.22266320603320625
0.006249993749999999	-0.22641097755062575
0.0062555493	-0.226610896915329
0.00626110485	-0.22815653754905232
0.0062666603999999996	-0.23102534961696983
0.00627221595	-0.23526466021613787
0.0062777714999999994	-0.2355925242274896
0.00628332705	-0.23748315352064928
0.006288882599999999	-0.24242804351645936
0.00629443815	-0.2475111656897325
0.0062999937	-0.24956466248095618
0.00630554925	-0.2502932295681424
0.0063111048	-0.25611282058014667
0.0063166603499999995	-0.260606889335545
0.0063222159	-0.26335835748148567
0.006327771449999999	-0.2643928648064117
0.006333327	-0.27097888688734745
0.006338882549999999	-0.2759908291972783
0.0063444381	-0.2792283627560319
0.00634999365	-0.278741433593565
0.0063555491999999995	-0.28632958806812364
0.00636110475	-0.29193919862756146
0.006366660299999999	-0.29766055548225934
0.00637221585	-0.29727136407562094
0.006377771399999999	-0.30574946447452095
0.00638332695	-0.3121860678476913
0.0063888825	-0.3187367763833917
0.0063944380499999995	-0.31611208475408104
0.0063999936	-0.32536484958826606
0.006405549149999999	-0.3323082994539572
0.0064111047	-0.3419229976546559
0.006416660249999999	-0.3390906247109467
0.0064222158	-0.34924913190049567
0.00642777135	-0.35680357588313394
0.0064333268999999995	-0.3669833248094918
0.00643888245	-0.36402246938587324
0.006444437999999999	-0.3716554311053953
0.00644999355	-0.3790345371291923
0.006455549099999999	-0.38922757816251663
0.00646110465	-0.38648208874579815
0.0064666602	-0.3917393514996738
0.0064722157499999995	-0.39895309258885436
0.0064777713	-0.4089055181904807
0.006483326849999999	-0.4081814011319121
0.0064888824	-0.4130538319965042
0.006494437949999999	-0.4200418261183343
0.0064999935	-0.4296298459969626
0.00650554905	-0.42890497483847045
0.0065111045999999995	-0.4308753397966283
0.00651666015	-0.4373825317383911
0.006522215699999999	-0.44648227423436615
0.00652777125	-0.4479093765850438
0.006533326799999999	-0.4494997264008882
0.00653888235	-0.4582047295326811
0.0065444379	-0.46441060017785185
0.0065499934499999996	-0.4653468012321635
0.006555549	-0.4640850089095598
0.006561104549999999	-0.47208270647542905
0.0065666601	-0.47786260723224167
0.006572215649999999	-0.47819490342634496
0.0065777712	-0.4766182064074898
0.00658332675	-0.48397298497617797
0.0065888823	-0.4891491835404344
0.00659443785	-0.4915825937197872
0.0065999933999999994	-0.4871809648427878
0.00660554895	-0.4942476477281749
0.006611104499999999	-0.49917506246862753
0.00661666005	-0.5008325997209347
0.006622215599999999	-0.4966140285657901
0.00662777115	-0.5033463207280208
0.0066333267	-0.5080151205398533
0.0066388822499999995	-0.5119663259703847
0.0066444378	-0.5074597762241236
0.006649993349999999	-0.5114897753106701
0.0066555489	-0.5160206110159663
0.006661104449999999	-0.5198317197407915
0.00666666	-0.5152520486976583
0.00667221555	-0.5191961763215578
0.0066777710999999995	-0.5236961629753824
0.00668332665	-0.527486995007548
0.006688882199999999	-0.5228322144481029
0.00669443775	-0.5240832529364918
0.006699993299999999	-0.5285576027057808
0.00670554885	-0.5350774477909039
0.0067111044	-0.5298202984400503
0.0067166599499999995	-0.5316978860883532
0.0067222155	-0.5362995747198347
0.006727771049999999	-0.5429060384820606
0.0067333266	-0.5375700377973047
0.006738882149999999	-0.5367089704306099
0.0067444377	-0.5413393031193726
0.00674999325	-0.5480869454323136
0.0067555487999999995	-0.5449542459743517
0.00676110435	-0.5441987221300073
0.006766659899999999	-0.5490751347585953
0.00677221545	-0.5562728076380542
0.006777770999999999	-0.5533165767984024
0.00678332655	-0.5505509971738968
0.0067888821	-0.5580639513254464
0.0067944376499999995	-0.5633105633740417
0.0067999932	-0.5600948081718075
0.006805548749999999	-0.5574810240206302
0.0068111043	-0.5653643904482001
0.006816659849999999	-0.5711000023165503
0.0068222154	-0.5711128115012295
0.00682777095	-0.5662681323510999
0.0068333264999999995	-0.574968186062175
0.00683888205	-0.5786203813742725
0.006844437599999999	-0.5788966993629721
0.00684999315	-0.5743125699322807
0.006855548699999999	-0.5838481812236862
0.00686110425	-0.5907674953158627
0.006866659799999999	-0.5949076037466557
0.0068722153499999996	-0.5905697662219636
0.0068777709	-0.5979857781539525
0.0068833264499999994	-0.6024682006104515
0.006888882	-0.6071636901778903
0.006894437549999999	-0.6030273498757611
0.0068999931	-0.6082335407074602
0.006905548649999999	-0.6163063146888293
0.0069111042	-0.6219007892129709
0.00691665975	-0.6179748959638772
0.0069222152999999995	-0.6239949035666952
0.00692777085	-0.6293963094976075
0.006933326399999999	-0.6389084119729265
0.00693888195	-0.6352007787430367
0.006944437499999999	-0.6389101682046024
0.00694999305	-0.6482720919966141
0.0069555486	-0.6584505993830507
0.0069611041499999995	-0.6548280260681453
0.0069666597	-0.6589739996308439
0.006972215249999999	-0.6651004864966035
0.0069777708	-0.6786848618249963
0.006983326349999999	-0.6752977592974977
0.0069888819	-0.6758090907900013
0.00699443745	-0.6858542849394519
0.0069999929999999995	-0.6997186029506057
0.00700554855	-0.6961948752497517
0.007011104099999999	-0.6964279055483131
0.00701665965	-0.7063572621301001
0.007022215199999999	-0.7164224201278764
0.00702777075	-0.7128806324483417
0.0070333263	-0.709435533814769
0.0070388818499999995	-0.719344780130486
0.0070444374	-0.7294791133020468
0.007049992949999999	-0.7289233153711528
0.0070555485	-0.7249265681415589
0.007061104049999999	-0.7383908907054787
0.0070666596	-0.7447464492131634
0.00707221515	-0.7441048205178075
0.0070777706999999995	-0.739682712691568
0.00708332625	-0.7496153175969339
0.007088881799999999	-0.7557796709869117
0.00709443735	-0.7582337372670179
0.007099992899999999	-0.753382452592117
0.00710554845	-0.7630969416326153
0.007111104	-0.7691564197683369
0.0071166595499999995	-0.7713067828681601
0.0071222151	-0.7662214805601796
0.007127770649999999	-0.7720330937518427
0.0071333262	-0.7779457494904917
0.007138881749999999	-0.7798455505466289
0.0071444373	-0.7746340528697195
0.007149992849999999	-0.7803235155516408
0.0071555483999999996	-0.7861472641161725
0.00716110395	-0.7915466962691066
0.0071666594999999994	-0.7861406840200632
0.00717221505	-0.788010071670126
0.007177770599999999	-0.7937912227161117
0.00718332615	-0.7990725033059123
0.007188881699999999	-0.7935113239363973
0.00719443725	-0.795275548205289
0.0071999928	-0.797397909565958
0.0072055483499999995	-0.8063960224921283
0.0072111039	-0.8008120261981658
0.007216659449999999	-0.798893995252227
0.007222215	-0.8046544624431479
0.007227770549999999	-0.8136912639612296
0.0072333261	-0.8080828768735249
0.00723888165	-0.806155899497937
0.0072444371999999995	-0.811718749701409
0.00724999275	-0.8173556008054514
0.007255548299999999	-0.8117098654590077
0.00726110385	-0.8062553721386696
0.007266659399999999	-0.8155983302515186
0.00727221495	-0.8250579429486465
0.0072777705	-0.8194533447486834
0.0072833260499999995	-0.8140147263573168
0.0072888816	-0.8197077963157998
0.007294437149999999	-0.825547639267372
0.0072999927	-0.8199529062042142
0.007305548249999999	-0.81458615506163
0.0073111038	-0.8240757743698877
0.00731665935	-0.829991901415962
0.0073222148999999995	-0.828352426620342
0.00732777045	-0.8231097458194448
0.007333325999999999	-0.8291435251217537
0.00733888155	-0.8314083369703312
0.007344437099999999	-0.8299970867299109
0.00734999265	-0.8249090308610226
0.0073555482	-0.8311256624264399
0.0073611037499999995	-0.8334482594929857
0.0073666593	-0.8323016176226016
0.007372214849999999	-0.8273604238329909
0.0073777704	-0.8303961640910884
0.007383325949999999	-0.8326957556546732
0.0073888815	-0.8356443511688371
0.007394437049999999	-0.831121478241415
0.0073999925999999995	-0.8346646442314409
0.00740554815	-0.8371241567840424
0.007411103699999999	-0.8405689842944342
0.00741665925	-0.8361471793241956
0.007422214799999999	-0.8363604137413322
0.00742777035	-0.8389901807494793
0.007433325899999999	-0.8467766327978565
0.0074388814499999996	-0.8431992414449024
0.007444437	-0.8440478459840969
0.0074499925499999994	-0.8468833903416108
0.0074555481	-0.8552146971998338
0.007461103649999999	-0.8513988432417786
0.0074666592	-0.849063875863967
0.007472214749999999	-0.8564260476394692
0.0074777703	-0.8609491482746088
0.00748332585	-0.8582035360883035
0.0074888813999999995	-0.856382692132218
0.00749443695	-0.8639409647966145
0.007499992499999999	-0.8724402398610396
0.00750554805	-0.8700455082628396
0.007511103599999999	-0.8686535010251212
0.00751665915	-0.872988144576239
0.0075222147	-0.8773234974334615
0.0075277702499999995	-0.8760312928024354
0.0075333258	-0.8740617675406825
0.007538881349999999	-0.8831631279840141
0.0075444369	-0.8914558951873739
0.007549992449999999	-0.8905888359439917
0.007555548	-0.8888658585275659
0.00756110355	-0.8946585441621624
0.0075666590999999995	-0.898518398121595
0.00757221465	-0.898046382004895
0.007577770199999999	-0.8965674145769793
0.00758332575	-0.9072677418727247
0.007588881299999999	-0.9111268392351655
0.00759443685	-0.9106841742215199
0.0075999924	-0.9092223321182034
0.0076055479499999995	-0.9162552966006006
0.0076111035	-0.9155621454613986
0.007616659049999999	-0.9187049254459868
0.0076222146	-0.9162562304718342
0.007627770149999999	-0.9234438518215126
0.0076333257	-0.9227914897838275
0.007638881249999999	-0.9259147043181042
0.0076444367999999995	-0.9244618822665722
0.00764999235	-0.9277759476720437
0.007655547899999999	-0.9270416811610753
0.00766110345	-0.9339002814028394
0.007666658999999999	-0.9313627290472574
0.00767221455	-0.9346482305102316
0.007677770099999999	-0.9339151900913905
0.0076833256499999995	-0.9407454180006204
0.0076888812	-0.939244291333384
0.007694436749999999	-0.9388137912008239
0.0076999923	-0.9425465250413413
0.007705547849999999	-0.9447917894342925
0.0077111034	-0.9421656569497046
0.007716658949999999	-0.9417072292555825
0.0077222144999999996	-0.9417480723920906
0.00772777005	-0.9477687703396682
0.007733325599999999	-0.9462236956175191
0.00773888115	-0.9457888155825048
0.007744436699999999	-0.9506485858151961
0.00774999225	-0.9519132911988258
0.007755547799999999	-0.9503947394593307
0.00776110335	-0.9499715802757273
0.0077666589	-0.9510777835480234
0.0077722144499999994	-0.9560873574420399
0.00777777	-0.955669634595666
0.007783325549999999	-0.9543203007048656
0.0077888811	-0.9554940949653317
0.007794436649999999	-0.9557421008958873
0.0077999922	-0.9554980595388821
0.00780554775	-0.954311024340459
0.0078111032999999995	-0.9566835367073252
0.00781665885	-0.956922581037558
0.0078222144	-0.956817062351421
0.007827769949999999	-0.9556058139646372
0.0078333255	-0.9580781704538534
0.00783888105	-0.9571982589625769
0.007844436599999999	-0.957272690241106
0.00784999215	-0.9561930221470778
0.0078555477	-0.9599734496224599
0.00786110325	-0.959111997285185
0.007866658799999999	-0.9592881974723335
0.00787221435	-0.958327350840156
0.0078777699	-0.9623069076033978
0.007883325449999999	-0.9565097682258957
0.007888881	-0.9606303170788733
0.00789443655	-0.9598654952291128
0.0078999921	-0.9603980814185725
0.007905547649999999	-0.9546502883868173
0.0079111032	-0.9590159045955742
0.00791665875	-0.9584036065544528
0.0079222143	-0.9594380664397323
0.00792776985	-0.9583307087267634
0.0079333254	-0.9579513406761453
0.00793888095	-0.9576091428099979
0.007944436499999999	-0.9588477755463796
0.00794999205	-0.9544440573052209
0.0079555476	-0.9580923572069514
0.00796110315	-0.9581924551851602
0.0079666587	-0.9598774251746305
0.00797221425	-0.9606103741355306
0.0079777698	-0.9594691855477601
0.007983325349999999	-0.9599454438741959
0.0079888809	-0.9622045764557626
0.00799443645	-0.9596115827087074
0.007999992	-0.9623227312439488
0.00800554755	-0.9631594437127753
0.0080111031	-0.9659648987394206
0.00801665865	-0.9635919929815491
0.008022214199999999	-0.9613102445004246
0.00802776975	-0.964353120334864
0.0080333253	-0.9657684112433511
0.00803888085	-0.9653886020845233
0.008044436399999999	-0.9633329002133535
0.00804999195	-0.9669896481786857
0.0080555475	-0.9689029079332621
0.008061103049999999	-0.9688452176457333
0.0080666586	-0.9650471990807918
0.00807221415	-0.9692142674433896
0.0080777697	-0.9715953983459786
0.008083325249999999	-0.9740634207699997
0.0080888808	-0.9649362641039516
0.00809443635	-0.9698312545954518
0.008099991899999999	-0.9728493721703557
0.00810554745	-0.9758254973580173
0.008111103	-0.9700607913751612
0.00811665855	-0.975399178444054
0.008122214099999999	-0.978742707886315
0.00812776965	-0.9789095478350517
0.0081333252	-0.972853368680801
0.008138880749999999	-0.9734675948457447
0.0081444363	-0.9770983368072699
0.00814999185	-0.983029882500012
0.0081555474	-0.976924171164586
0.008161102949999999	-0.9777339670091635
0.0081666585	-0.9815788374548287
0.00817221405	-0.987727901196708
0.008177769599999999	-0.9787565673789759
0.00818332515	-0.97730028794566
0.0081888807	-0.9814078064074933
0.00819443625	-0.9878607982566681
0.008199991799999999	-0.9814188251023616
0.00820554735	-0.9801358868212421
0.0082111029	-0.9844044704610053
0.008216658449999999	-0.9910756255353643
0.008222214	-0.9848033865076221
0.00822776955	-0.9812458947483171
0.0082333251	-0.9857324034259266
0.008238880649999999	-0.9926221858122992
0.0082444362	-0.9836042344875284
0.00824999175	-0.9802798993252195
0.008255547299999999	-0.9873909938277359
0.00826110285	-0.9920016720291119
0.0082666584	-0.9884919153429902
0.00827221395	-0.9826066854753475
0.008277769499999999	-0.989832810933603
0.00828332505	-0.994622365941298
0.0082888806	-0.9884451288901323
0.008294436149999999	-0.9827102628154468
0.0082999917	-0.9901613833176438
0.00830554725	-0.9925154466733834
0.0083111028	-0.9919032611133116
0.008316658349999999	-0.9807561854510921
0.0083222139	-0.9883991177886267
0.00832776945	-0.993255831677713
0.008333324999999999	-0.9899995023267639
0.00833888055	-0.9817770882686215
0.0083444361	-0.9896302910336627
0.00834999165	-0.9946496928240972
0.008355547199999999	-0.9915410196830446
0.00836110275	-0.9833599362421569
0.0083666583	-0.9858569969925405
0.008372213849999999	-0.9909284397651783
0.0083777694	-0.9931872240715822
0.00838332495	-0.9851188464660323
0.0083888805	-0.9878278501572022
0.008394436049999999	-0.9930613326505666
0.0083999916	-0.9955010645809825
0.00840554715	-0.9875035537927249
0.008411102699999999	-0.9849884726180672
0.00841665825	-0.9902775179682988
0.0084222138	-0.9982142144748607
0.00842776935	-0.9874889152720688
0.008433324899999999	-0.9850436504744556
0.00843888045	-0.9905002865948835
0.008444436	-0.9987017906080503
0.008449991549999999	-0.988083510870055
0.0084555471	-0.9830604386782938
0.00846110265	-0.9886817432017734
0.0084666582	-0.9969495355047705
0.008472213749999999	-0.9837167067077324
0.0084777693	-0.978738318424042
0.00848332485	-0.9844237722442156
0.008488880399999999	-0.993227494496916
0.00849443595	-0.9852448665641228
0.0084999915	-0.9775654073274944
0.00850554705	-0.9834603461613841
0.008511102599999999	-0.9895824478885246
0.00851665815	-0.9791565261827812
0.0085222137	-0.9715638843319583
0.00852776925	-0.9805116144059254
0.008533324799999999	-0.9868126146406027
0.00853888035	-0.9819587810522832
0.0085444359	-0.9689796718108389
0.008549991449999999	-0.9781529043544532
0.008555547	-0.9816526579450395
0.00856110255	-0.9744772206208951
0.0085666581	-0.963709724844547
0.008572213649999999	-0.9678989461781511
0.0085777692	-0.9745328927564023
0.00858332475	-0.9676386670909979
0.008588880299999999	-0.9570482331825034
0.00859443585	-0.9616253024378824
0.0085999914	-0.9655108279322236
0.00860554695	-0.9644048368674192
0.008611102499999999	-0.9539857013032949
0.00861665805	-0.953471109894658
0.0086222136	-0.9607353521239753
0.008627769149999999	-0.959940610876417
0.0086333247	-0.9497376073856516
0.00863888025	-0.9496845214158495
0.0086444358	-0.9541027525364402
0.008649991349999999	-0.9593963939502398
0.0086555469	-0.9496188801902177
0.00866110245	-0.944816583732728
0.008666657999999999	-0.9528752311846116
0.00867221355	-0.958648687988352
0.0086777691	-0.9490824611989606
0.00868332465	-0.9447029784477115
0.008688880199999999	-0.9496561298487274
0.00869443575	-0.9558449685124093
0.0086999913	-0.944623188274924
0.008705546849999999	-0.9354846778791378
0.0087111024	-0.9406992416966551
0.00871665795	-0.9524966784371488
0.0087222135	-0.9418384506559931
0.008727769049999999	-0.9350077361466307
0.0087333246	-0.9437379180633759
0.00873888015	-0.9525250214892521
0.008744435699999999	-0.9405376487571532
0.00874999125	-0.9289814118588973
0.0087555468	-0.9379783037687445
0.00876110235	-0.9471215129062496
0.008766657899999999	-0.9408964226906076
0.00877221345	-0.931358940799448
0.008777769	-0.9441842795625243
0.008783324549999999	-0.94992896871256
0.0087888801	-0.9426472289047488
0.00879443565	-0.9335334448293215
0.0087999912	-0.9415523771400572
0.008805546749999999	-0.9473910731087918
0.0088111023	-0.9404544921202435
0.00881665785	-0.9328363299643826
0.008822213399999999	-0.9413082960354016
0.00882776895	-0.9470811170217682
0.0088333245	-0.9453735710933587
0.00883888005	-0.9367514693185627
0.008844435599999999	-0.9405525428069287
0.00884999115	-0.946487860683548
0.0088555467	-0.9450315135347112
0.008861102249999999	-0.9365091433312256
0.0088666578	-0.9403915709094567
0.00887221335	-0.9426041100956537
0.0088777689	-0.9461875725732686
0.008883324449999999	-0.9378469205267691
0.00888888	-0.93707629009165
0.00889443555	-0.9431135457948973
0.008899991099999999	-0.9468905470074007
0.00890554665	-0.9386967389301358
0.0089111022	-0.9379633865644149
0.00891665775	-0.9402425393280247
0.008922213299999999	-0.9440356749193258
0.00892776885	-0.9358739599420216
0.0089333244	-0.9304482669784468
0.008938879949999999	-0.9365577667625872
0.0089444355	-0.9453237401995475
0.00894999105	-0.9372654862240163
0.0089555466	-0.927234567731009
0.008961102149999999	-0.9334554740245653
0.0089666577	-0.9385619581756245
0.00897221325	-0.9295332366038314
0.008977768799999999	-0.9206110958742003
0.00898332435	-0.9305519441307971
0.0089888799	-0.9405240225224667
0.00899443545	-0.9315818987130476
0.008999990999999999	-0.9224666386732474
0.00900554655	-0.9279933995052114
0.0090111021	-0.9342528396734372
0.009016657649999999	-0.9244043455675588
0.0090222132	-0.9152521048273721
0.00902776875	-0.9207216246588731
0.0090333243	-0.926931135915667
0.009038879849999999	-0.9170269818602668
0.0090444354	-0.9089650775615881
0.00904999095	-0.9134493372450868
0.009055546499999999	-0.9162770684268507
0.009061102049999999	-0.9108922948994205
0.0090666576	-0.9018340912426482
0.00907221315	-0.9063179693189216
0.009077768699999999	-0.9091058127454776
0.00908332425	-0.9036323584057799
0.0090888798	-0.8955411482045096
0.00909443535	-0.8951788015785584
0.009099990899999999	-0.8980025205461499
0.00910554645	-0.8972047365421385
0.009111102	-0.8879845535427233
0.009116657549999999	-0.8876160870147319
0.0091222131	-0.8904668156697543
0.00912776865	-0.8896580833702452
0.0091333242	-0.8814614985124026
0.009138879749999999	-0.8762150841347581
0.0091444353	-0.8790016371817608
0.00914999085	-0.8781866073178577
0.009155546399999999	-0.8689492987351527
0.00916110195	-0.8637979583497344
0.0091666575	-0.8666898535913586
0.00917221305	-0.8707856649279027
0.009177768599999999	-0.8629342029718595
0.00918332415	-0.8534346416911432
0.0091888797	-0.856136196246627
0.009194435249999999	-0.8568804593066299
0.0091999908	-0.8483206792289562
0.00920554635	-0.8392714716327422
0.0092111019	-0.8456933049237736
0.009216657449999999	-0.8512908337145352
0.009222213	-0.8429806991941459
0.00922776855	-0.8343557383729572
0.009233324099999999	-0.8364685029638751
0.00923887965	-0.8386764172839903
0.0092444352	-0.8302777865207882
0.00924999075	-0.8228650802950007
0.009255546299999999	-0.8287098490830984
0.00926110185	-0.8309672541128137
0.0092666574	-0.8228791231049861
0.009272212949999999	-0.815891932962474
0.0092777685	-0.8176471006520324
0.00928332405	-0.8208156055206516
0.0092888796	-0.8134123236696196
0.009294435149999999	-0.8075985738250134
0.0092999907	-0.8097504954812135
0.00930554625	-0.8130712403244943
0.009311101799999999	-0.8065041669049906
0.00931665735	-0.8007972442774305
0.0093222129	-0.8029610798775711
0.00932776845	-0.8025922137643545
0.009333323999999999	-0.8007246890356601
0.00933887955	-0.7958399221262229
0.0093444351	-0.7945069125138827
0.009349990649999999	-0.7942905403770125
0.0093555462	-0.7930696240634073
0.00936110175	-0.7884300817448611
0.0093666573	-0.7878056434003324
0.009372212849999999	-0.7873939065708797
0.0093777684	-0.7865087705296925
0.00938332395	-0.7822888642869192
0.009388879499999999	-0.7781260540133317
0.00939443505	-0.7778602430201584
0.0093999906	-0.7812484103114864
0.00940554615	-0.7773159527970166
0.009411101699999999	-0.7736363903250569
0.00941665725	-0.7772276280977123
0.0094222128	-0.7771505885656591
0.009427768349999999	-0.773430776876146
0.0094333239	-0.769633805303857
0.00943887945	-0.7697263527095503
0.009444435	-0.7734613397914277
0.009449990549999999	-0.7699616864659317
0.0094555461	-0.7664807122962034
0.00946110165	-0.7666757013626107
0.009466657199999999	-0.766810431407192
0.00947221275	-0.7634835484001987
0.0094777683	-0.760208430231445
0.00948332385	-0.760475521806029
0.009488879399999999	-0.7606350538830504
0.00949443495	-0.7574454081789692
0.0094999905	-0.7541580264765566
0.009505546049999999	-0.7545588174676918
0.0095111016	-0.7547521563460473
0.00951665715	-0.7518175655043062
0.0095222127	-0.748729903182821
0.009527768249999999	-0.7493377507098079
0.0095333238	-0.7495868660924037
0.00953887935	-0.7466380522724777
0.009544434899999999	-0.7435212420203745
0.00954999045	-0.7440791114602611
0.009555546	-0.744188205981164
0.00956110155	-0.741251317741257
0.009566657099999999	-0.7381264638808842
0.00957221265	-0.7350859188006007
0.0095777682	-0.7352295243225608
0.009583323749999999	-0.732265817579839
0.009588879299999999	-0.7289956985384732
0.00959443485	-0.7294187798277388
0.0095999904	-0.725857911473958
0.009605545949999999	-0.7226881212242053
0.0096111015	-0.7193481131769986
0.00961665705	-0.7160224692649545
0.009622212599999999	-0.7127924739620224
0.009627768149999999	-0.7127142600816923
0.0096333237	-0.7091590006573104
0.00963887925	-0.7055991291564906
0.009644434799999999	-0.7056577345723224
0.00964999035	-0.7018790444332016
0.0096555459	-0.6978736045547935
0.00966110145	-0.6938137002122071
0.009666656999999999	-0.6902552734017162
0.00967221255	-0.6899563854130618
0.0096777681	-0.6855858527592937
0.009683323649999999	-0.6811975514832028
0.0096888792	-0.6776319486144011
0.00969443475	-0.6735327055280006
0.0096999903	-0.6690831596675804
0.009705545849999999	-0.6643970537265496
0.0097111014	-0.6604282403477856
0.00971665695	-0.6561835691989253
0.009722212499999999	-0.6513887861248817
0.00972776805	-0.6463168779236854
0.0097333236	-0.6423187129010496
0.00973887915	-0.6383777989261769
0.009744434699999999	-0.6331107931406317
0.00974999025	-0.6283105489266692
0.0097555458	-0.6238878732130015
0.009761101349999999	-0.616670350324072
0.0097666569	-0.6113623429436733
0.00977221245	-0.6068961649279135
0.009777768	-0.6028634316793119
0.009783323549999999	-0.5996479484146199
0.0097888791	-0.5949028295768414
0.00979443465	-0.5907659808377097
0.009799990199999999	-0.583553484891808
0.00980554575	-0.5774466416298738
0.0098111013	-0.5733083629546641
0.00981665685	-0.5697684984232138
0.009822212399999999	-0.5662748360640225
0.00982776795	-0.5603257524021991
0.0098333235	-0.5567568408458752
0.009838879049999999	-0.5536949910369516
0.0098444346	-0.5474568660057377
0.00984999015	-0.5450671911665569
0.0098555457	-0.5393304917774135
0.009861101249999999	-0.5369079191320053
0.0098666568	-0.5343240518528177
0.00987221235	-0.5291656185322268
0.009877767899999999	-0.5241102622199868
0.00988332345	-0.5223083344898073
0.009888879	-0.5207604303731571
0.00989443455	-0.5160430994062293
0.009899990099999999	-0.5117217124140042
0.00990554565	-0.5105255188151064
0.0099111012	-0.5096691583987141
0.009916656749999999	-0.5027588743746092
0.0099222123	-0.49928833237196607
0.00992776785	-0.4987719390803224
0.0099333234	-0.4986605799509696
0.009938878949999999	-0.49463662028225786
0.0099444345	-0.49110268322525596
0.00994999005	-0.4909711824767701
0.009955545599999999	-0.4913956379785418
0.00996110115	-0.48537676648575967
0.0099666567	-0.482287123085227
0.00997221225	-0.4825884864504538
0.009977767799999999	-0.4829885433652535
0.00998332335	-0.4799895736420127
0.0099888789	-0.4742574562510077
0.009994434449999999	-0.47524397034412563
end