t    f(t)
begin
0.0  30.916145492660664
5.55555E-6  31.32918218414203
1.11111E-5  36.199728837991806
1.6666649999999997E-5  36.257815622962674
2.22222E-5  36.33046712820411
2.777775E-5  36.47351479931539
3.3333299999999995E-5  36.72483453369954
3.8888849999999996E-5  36.820176743544195
4.44444E-5  36.97017087749359
4.999995E-5  36.90254389267043
5.55555E-5  33.765460162931916
6.111105E-5  38.32112640079067
6.666659999999999E-5  38.521547154838714
7.222215E-5  38.776986375436884
7.777769999999999E-5  39.19083294802479
8.333325E-5  38.648839637775325
8.88888E-5  38.91849828113272
9.444434999999999E-5  38.89473816894511
9.99999E-5  39.04585578234706
1.0555544999999999E-4  38.90060438953001
1.11111E-4  39.55620904547944
1.1666655E-4  41.3521594908622
1.222221E-4  41.75873425538423
1.2777764999999998E-4  42.07023590511863
1.3333319999999998E-4  42.41434940944898
1.3888875E-4  42.78099086323635
1.444443E-4  39.31794595400997
1.4999985E-4  41.69692371822347
1.5555539999999998E-4  41.90923971360841
1.6111094999999998E-4  42.09581537670831
1.666665E-4  42.40040534501597
1.7222205E-4  42.58527928046597
1.777776E-4  42.761923995101164
1.8333314999999998E-4  42.8431898266261
1.8888869999999998E-4  42.96050104281219
1.9444425E-4  42.017884306120834
1.999998E-4  46.39382551360989
2.0555535E-4  46.80424431000106
2.1111089999999998E-4  47.205889941715206
2.1666644999999998E-4  47.067095404316
2.22222E-4  43.96501937321623
2.2777755E-4  44.048873842695116
2.333331E-4  44.2414013018339
2.3888864999999998E-4  44.3845715454739
2.444442E-4  44.55142054591263
2.4999975E-4  44.893645400835254
2.5555529999999997E-4  49.11766169046765
2.6111084999999996E-4  49.36826171272214
2.6666639999999996E-4  49.57017388783628
2.7222195E-4  49.77629428357548
2.777775E-4  49.712452045463976
2.8333305E-4  45.281037063508336
2.888886E-4  45.376824858960745
2.9444415E-4  45.352036065986276
2.999997E-4  45.304270250949806
3.0555525E-4  45.27209630609792
3.1111079999999997E-4  45.286845562887876
3.1666634999999996E-4  45.42274587981559
3.2222189999999996E-4  45.485734820748156
3.2777745E-4  45.88451739814939
3.33333E-4  50.42927834077553
3.3888855E-4  50.6376350484881
3.444441E-4  50.73301924059639
3.4999965E-4  50.92318684449414
3.555552E-4  51.12812480639166
3.6111075E-4  45.238351227332394
3.6666629999999997E-4  45.26438057365824
3.7222184999999996E-4  45.386426746980284
3.7777739999999996E-4  45.52336846285282
3.8333294999999995E-4  45.64879205874895
3.888885E-4  44.504194892364175
3.9444405E-4  51.33624644676032
3.999996E-4  51.86219630189179
4.0555515E-4  52.2117672311204
4.111107E-4  52.73725683441561
4.1666625E-4  52.955104216809495
4.2222179999999997E-4  45.930060405428755
4.2777734999999996E-4  46.13005215418246
4.3333289999999996E-4  46.27116797575206
4.3888844999999995E-4  46.87238977479937
4.44444E-4  45.61989872276478
4.4999955E-4  45.892889960192
4.555551E-4  45.93238890740932
4.6111065E-4  46.113562005356286
4.666662E-4  46.44450381752303
4.7222175E-4  54.92155565669456
4.7777729999999997E-4  55.4067757102228
4.8333284999999996E-4  55.87553291597402
4.888884E-4  56.35223375944203
4.9444395E-4  57.318188752052755
4.999995E-4  46.95943871798451
5.0555505E-4  47.39839906522577
5.111105999999999E-4  47.79527249763773
5.1666615E-4  48.198755830882256
5.222216999999999E-4  48.45682158362864
5.2777725E-4  48.887620095733155
5.333327999999999E-4  58.70869408248874
5.3888835E-4  58.95579088424073
5.444439E-4  59.167596670073536
5.4999945E-4  59.760474827101326
5.55555E-4  58.91479779854059
5.611105499999999E-4  55.99970948775447
5.666661E-4  49.110722710537914
5.722216499999999E-4  49.38513548162265
5.777772E-4  49.62825276623728
5.833327499999999E-4  49.72315054652924
5.888883E-4  50.08149921283805
5.9444385E-4  50.36017361632718
5.999994E-4  50.710162101002545
6.0555495E-4  51.039607807563364
6.111105E-4  58.04164377002405
6.1666605E-4  62.021053038754836
6.222215999999999E-4  62.44263593316789
6.2777715E-4  62.96206286394189
6.333326999999999E-4  63.40080408447306
6.3888825E-4  52.23449063223556
6.444437999999999E-4  52.34293888143022
6.4999935E-4  52.620989701530576
6.555549E-4  52.91317055555801
6.6111045E-4  53.29884323041609
6.66666E-4  52.31400910906792
6.722215499999999E-4  64.87854175442284
6.777771E-4  65.38745914349137
6.833326499999999E-4  65.94653257325686
6.888882E-4  66.28535514781396
6.944437499999999E-4  66.42693707028765
6.999993E-4  62.38755994236214
7.055548499999999E-4  54.204301007584256
7.111104E-4  54.45347431941477
7.1666595E-4  54.92492039932952
7.222215E-4  53.77806333590146
7.2777705E-4  53.84349237759373
7.333325999999999E-4  54.163593727967715
7.3888815E-4  54.28974441541298
7.444436999999999E-4  54.421052568049454
7.4999925E-4  63.60026822566243
7.555547999999999E-4  68.22518568946462
7.6111035E-4  68.45721037809615
7.666658999999999E-4  68.80486614254137
7.7222145E-4  68.93470884356508
7.77777E-4  53.58159373984142
7.833325499999999E-4  53.60380003350631
7.888881E-4  53.57070351249869
7.944436499999999E-4  53.56221989905111
7.999992E-4  53.80663464604323
8.055547499999999E-4  54.14063943267055
8.111103E-4  68.94290755411038
8.166658499999999E-4  69.27349900796096
8.222214E-4  69.5464489029739
8.277769499999999E-4  69.89343189841414
8.333325E-4  63.62782860865824
8.3888805E-4  63.79408622134432
8.444435999999999E-4  53.68287931633337
8.4999915E-4  53.9475337686498
8.555546999999999E-4  53.991021977938786
8.6111025E-4  54.08470408077037
8.666657999999999E-4  54.14261083754389
8.7222135E-4  53.88180613552573
8.777768999999999E-4  54.07362643969672
8.8333245E-4  65.7103153269378
8.88888E-4  63.15617315949159
8.944435499999999E-4  68.13713535242366
8.999991E-4  68.36533679492717
9.055546499999999E-4  68.58102605481837
9.111102E-4  68.69031749091346
9.166657499999999E-4  52.63095905794283
9.222213E-4  52.69486568098257
9.277768499999999E-4  52.886916604123925
9.333324E-4  52.94178619371191
9.388879499999999E-4  53.11964065097458
9.444435E-4  50.97761277617084
9.4999905E-4  67.9823815122441
9.555545999999999E-4  68.07187032763343
9.6111015E-4  68.31863626404517
9.666656999999999E-4  68.74555443826436
9.7222125E-4  64.56631698493264
9.777768E-4  64.89173580199788
9.833323499999999E-4  52.45420008646201
9.888879E-4  52.722971984364584
9.9444345E-4  53.92496132963325
9.99999E-4  51.24103180050362
0.0010055545499999998  51.50559647405049
0.0010111101  51.79126537411615
0.00101666565  52.42603661780353
0.0010222211999999999  66.51506872872692
0.00102777675  67.04145978275942
0.0010333323  67.70211964608922
0.00103888785  72.41884956530158
0.0010444433999999999  72.9527362450584
0.00104999895  73.99405336604374
0.0010555545  53.45560770259301
0.0010611100499999999  53.85064453485856
0.0010666655999999998  54.21506559087426
0.00107222115  54.746835024486735
0.0010777767  55.22840262428906
0.0010833322499999999  55.82849107143213
0.0010888878  74.47586720383222
0.00109444335  74.46977536746641
0.0010999989  74.83727016230925
0.0011055544499999998  75.70272885357022
0.00111111  70.60650142472421
0.00111666555  71.08340154669338
0.0011222210999999999  55.96456478609461
0.00112777665  56.31415470062693
0.0011333322  56.573356830912175
0.00113888775  56.6574894461968
0.0011444432999999999  57.08626131453978
0.00114999885  57.31982302884637
0.0011555544  57.776097300127375
0.00116110995  74.4431126625928
0.0011666654999999998  73.3924736145845
0.00117222105  73.88208600454665
0.0011777766  77.41710098211851
0.0011833321499999999  77.58752942641976
0.0011888877  77.8130398113941
0.00119444325  58.709770144685415
0.0011999988  58.940546605780135
0.0012055543499999999  59.287043451499734
0.0012111099  59.38802629042638
0.00121666545  59.541690184109704
0.001222221  58.29449397785001
0.0012277765499999998  58.70651786951721
0.0012333321  78.5787205042736
0.00123888765  79.00609845497718
0.0012444431999999999  79.07237086296064
0.00124999875  75.98022805956022
0.0012555543  76.28001236651608
0.00126110985  76.50188529523756
0.0012666653999999999  59.593459334710474
0.00127222095  60.04032578222531
0.0012777765  58.81255240788852
0.00128333205  58.78114255243727
0.0012888875999999998  59.04720712429404
0.00129444315  59.31644247499866
0.0012999987  76.62724877669955
0.0013055542499999999  76.6857184303461
0.0013111098  76.71908731114576
0.00131666535  79.17744478195752
0.0013222209  79.18134499990532
0.0013277764499999998  79.1288564985998
0.001333332  57.35334499573953
0.00133888755  57.23888661339744
0.0013444430999999999  57.3075916548599
0.0013499986499999998  57.377219457484344
0.0013555542  57.33196083218652
0.00136110975  57.34060605384165
0.0013666652999999999  57.494881429841655
0.00137222085  78.07673423317748
0.0013777764  78.39746916246585
0.00138333195  76.82433265446586
0.0013888874999999998  74.75154260463002
0.00139444305  75.12590541407009
0.0013999986  75.24934512576321
0.0014055541499999999  57.11098348068928
0.0014111096999999998  57.24110212978825
0.00141666525  57.40608725875175
0.0014222208  57.56275306997719
0.0014277763499999999  57.62233907181673
0.0014333319  57.72367526528696
0.00143888745  76.77325817279429
0.001444443  73.94999960826551
0.0014499985499999998  74.1515512547203
0.0014555541  75.62183490812393
0.00146110965  75.54138041456687
0.0014666651999999999  75.17178554518722
0.0014722207499999998  54.237424350081426
0.0014777763  53.90043980692944
0.00148333185  53.823652395996994
0.0014888873999999999  53.52596280598429
0.00149444295  53.310010069026696
0.0014999985  50.92588453239822
0.00150555405  51.297792739832936
0.0015111095999999998  72.39196294932776
0.00151666515  72.7182296803081
0.0015222207  72.41211683344106
0.0015277762499999999  72.82639876346505
0.0015333317999999998  73.03916453843948
0.00153888735  73.31787185814008
0.0015444429  52.947389457694676
0.0015499984499999999  53.189268981419715
0.001555554  50.871259868509526
0.00156110955  51.02077172202807
0.0015666650999999999  51.40537479585628
0.0015722206499999998  51.93474293081416
0.0015777762  73.31671107998412
0.00158333175  73.93758093372138
0.0015888872999999999  74.71839738588417
0.0015944428499999998  75.31686150086466
0.0015999984  75.48277059337563
0.00160555395  75.96193377197548
0.0016111094999999998  52.9246758739317
0.00161666505  53.44123305989157
0.0016222206  54.06384474094116
0.0016277761499999999  54.14800042176668
0.0016333316999999998  54.69838053779551
0.00163888725  54.98409902054538
0.0016444428  55.97235652291582
0.0016499983499999999  77.33265502232932
0.0016555538999999998  77.52246782564252
0.00166110945  79.31318269690942
0.001666665  78.04745015251049
0.0016722205499999998  78.6719650391829
0.0016777761  78.66391220873254
0.00168333165  56.34834321749607
0.0016888871999999999  56.881846268780954
0.0016944427499999998  57.03919136811536
0.0016999983  57.37970101563338
0.00170555385  57.68041100675526
0.0017111093999999999  58.395888940609446
0.0017166649499999998  81.89185656564403
0.0017222205  80.55618918252378
0.00172777605  81.0180021134801
0.0017333315999999998  80.95398788076344
0.00173888715  78.53314921694509
0.0017444427  58.57143825073538
0.0017499982499999999  58.8375257006239
0.0017555537999999998  58.94069692596093
0.00176110935  58.729728426692034
0.0017666649  58.73097922303235
0.0017722204499999999  58.816629646268105
0.001777776  57.566631461377824
0.00178333155  57.73065128941736
0.0017888870999999999  78.20512968630452
0.0017944426499999998  81.66802797419216
0.0017999982  81.99396479369433
0.00180555375  82.19696096617764
0.0018111092999999999  82.44364347446124
0.0018166648499999998  82.48929110318001
0.0018222204  58.69315525932406
0.00182777595  58.424707472250994
0.0018333314999999998  57.49187522899494
0.00183888705  57.33048537101182
0.0018444426  57.247216045587734
0.0018499981499999999  57.33662124545451
0.0018555536999999998  81.32675827809948
0.00186110925  81.39946599884787
0.0018666648  81.538129956511
0.0018722203499999999  81.50820438767748
0.0018777758999999998  76.95844535212613
0.00188333145  57.072894592643365
0.001888887  55.28164966587836
0.0018944425499999998  55.15175214742805
0.0018999981  55.165884653204984
0.00190555365  55.261652462333956
0.0019111091999999999  55.56849027865828
0.0019166647499999998  55.92192142540828
0.0019222203  56.25799397718902
0.00192777585  56.51150601851061
0.0019333313999999999  80.82340575407476
0.0019388869499999998  80.46886497406896
0.0019444425  78.89408915032732
0.00194999805  79.26031203820922
0.0019555536  79.36441918018784
0.0019611091499999998  55.08391511706717
0.0019666646999999997  55.13155391594253
0.00197222025  54.89853852478804
0.0019777758  54.69909281011579
0.00198333135  54.829186861522814
0.0019888869  54.97377400044608
0.00199444245  79.42936164657547
0.001999998  77.34706985795117
0.0020055535499999997  77.27233063162814
0.0020111090999999997  77.1444439412938
0.00201666465  76.90369704957389
0.0020222202  51.51192865817316
0.00202777575  51.029614057353314
0.0020333313  50.90931711689293
0.00203888685  51.010366273408586
0.0020444423999999998  51.116183417847274
0.0020499979499999997  50.406071440822494
0.0020555535  48.31045732068689
0.00206110905  48.03271304081035
0.0020666646  48.41275178341652
0.00207222015  74.58972753598069
0.0020777757  74.92467719637985
0.0020833312499999998  75.29075164259487
0.0020888867999999997  75.70653208734173
0.00209444235  75.94063132793286
0.0020999979  50.03367777316534
0.00210555345  50.0683188897543
0.002111109  48.012558522170764
0.00211666455  48.21135970188503
0.0021222200999999998  48.458962192290365
0.0021277756499999997  49.11974888010159
0.0021333311999999997  76.43287954687256
0.00213888675  77.16379589367084
0.0021444423  78.22512668237408
0.00214999785  79.05181546439381
0.0021555534  79.52367355633675
0.00216110895  52.88420101830929
0.0021666644999999997  50.96732221684844
0.0021722200499999997  51.57329566541483
0.0021777756  52.12576594575987
0.00218333115  52.751506217288146
0.0021888867  53.285716142296444
0.00219444225  54.02353751265868
0.0021999978  54.1926729398472
0.0022055533499999998  55.025846028189434
0.0022111088999999997  83.3808414659549
0.00221666445  83.52490173948188
0.00222222  82.34802686143166
0.00222777555  82.92928923455051
0.0022333311  83.08342094731873
0.00223888665  55.772019864885664
0.0022444421999999998  56.240951941766795
0.0022499977499999997  56.67723879326151
0.0022555533  57.18068223330714
0.00226110885  57.89132832995862
0.0022666644  58.810441433678825
0.00227221995  87.3290425987535
0.0022777755  85.64451022873197
0.00228333105  86.35059122370195
0.0022888865999999997  86.80674897422179
0.0022944421499999997  70.46737742688677
0.0022999977  59.6051109897029
0.00230555325  59.48169928014283
0.0023111088  59.75571716250239
0.00231666435  60.251894737914355
0.0023222199  60.579834580815664
0.0023277754499999997  60.73794714388655
0.0023333309999999997  58.21002899570703
0.00233888655  58.27765144603187
0.0023444421  70.48450967130711
0.00234999765  86.98426194448196
0.0023555532  86.96070838724609
0.00236110875  86.63122748543462
0.0023666642999999998  86.87743215128296
0.0023722198499999997  86.85304945674089
0.0023777754  58.930456104501154
0.00238333095  58.955278787977555
0.0023888865  56.75311275662449
0.00239444205  56.79987806103714
0.0023999976  56.87160133194494
0.0024055531499999998  57.2685325509519
0.0024111086999999997  85.74373000400449
0.0024166642499999997  85.72996805807826
0.0024222198  85.68493274158809
0.00242777535  85.78102114182887
0.0024333309  70.49546550084033
0.00243888645  57.30788079440531
0.002444442  54.05100258737303
0.0024499975499999997  53.97632350643439
0.0024555530999999997  54.01268300628253
0.00246110865  54.07670405365184
0.0024666642  54.287268125458745
0.00247221975  54.79012959740921
0.0024777753  55.32766515694246
0.00248333085  69.72926375333505
0.0024888863999999998  70.2820057667827
0.0024944419499999997  84.82523347830025
0.0024999975  81.93120681462803
0.00250555305  82.1080037140987
0.0025111086  82.12177699377219
0.00251666415  53.40787847826619
0.0025222197  53.57090655666571
0.0025277752499999998  53.6391704938973
0.0025333307999999997  53.9695449150094
0.0025388863499999996  53.892094810358095
0.0025444419  53.79365791279259
0.00254999745  83.33319097609473
0.002555553  79.5397807276254
0.00256110855  79.64023759422933
0.0025666641  79.38657648320157
0.0025722196499999997  65.22784083727275
0.0025777751999999997  65.27818104379341
0.00258333075  49.66417348842565
0.0025888863  49.550140223323986
0.00259444185  49.813785290265166
0.0025999974  50.014692309863264
0.00260555295  49.70651708874922
0.0026111084999999997  46.62384338007086
0.0026166640499999997  46.90651912319637
0.0026222196  63.471710908239665
0.00262777515  64.35296008406596
0.0026333307  77.95185933329553
0.00263888625  78.39193951205996
0.0026444418  78.80683625046998
0.0026499973499999998  78.72017863320488
0.0026555528999999997  49.504855320708366
0.0026611084499999996  50.52627426017217
0.002666664  46.6201197288785
0.00267221955  47.094991021905685
0.0026777751  47.3337050316661
0.00268333065  48.26708021414129
0.0026888861999999998  78.28055392011417
0.0026944417499999997  79.00553239903378
0.0026999972999999997  79.6933152356974
0.00270555285  69.1639211382079
0.0027111084  69.81217999260267
0.00271666395  71.21711579312685
0.0027222195  50.083960110353246
0.00272777505  50.583349540603905
0.0027333305999999997  51.468176226411686
0.0027388861499999997  52.176763504218556
0.0027444417  52.631218578797686
0.00274999725  53.335606185030166
0.0027555528  53.41787464922005
0.00276110835  72.65034313730051
0.0027666639  73.60363516401853
0.0027722194499999997  107.30878667924469
0.0027777749999999997  82.28073988844206
0.0027833305499999996  82.50176153079693
0.0027888861  53.98831777071206
0.00279444165  54.77810004559462
0.0027999972  55.10533922067395
0.00280555275  55.179943318801065
0.0028111082999999998  55.36642982717938
0.0028166638499999997  55.937109277774205
0.0028222193999999996  85.8525378031976
0.00282777495  82.86629794289553
0.0028333305  83.05435923703754
0.00283888605  74.48959397290238
0.0028444416  74.59114509400682
0.0028499971499999998  74.92210840348082
0.0028555526999999997  55.07324672439014
0.0028611082499999997  55.08930138415274
0.0028666638  55.38422853569865
0.00287221935  55.51927775113287
0.0028777749  56.281360546053996
0.00288333045  53.32413980971097
0.002888886  53.52394874307865
0.0028944415499999997  74.36889578330484
0.0028999970999999997  74.30435190151209
0.00290555265  74.38859926098378
0.0029111082  81.80516126144092
0.00291666375  81.21954462727041
0.0029222193  52.30064417671225
0.00292777485  52.0863638273848
0.0029333303999999998  52.20176445999643
0.0029388859499999997  50.020473113860184
0.0029444414999999996  49.53108804198089
0.00294999705  49.56200536981628
0.0029555526  49.71531637747903
0.00296110815  78.16985625430809
0.0029666637  77.59891011873079
0.0029722192499999998  77.27266306873209
0.0029777747999999997  69.83519650346472
0.0029833303499999997  69.55224226079453
0.0029888859  69.7631670002732
0.00299444145  45.39532475267356
0.002999997  45.07622753490891
0.00300555255  44.566049595843886
0.0030111081  44.24300211026077
0.0030166636499999997  44.08278256991863
0.0030222191999999997  44.249854104837105
0.00302777475  65.63289712489895
0.0030333303  65.49400083224614
0.00303888585  65.29781155690212
0.0030444414  65.52423868796585
0.00304999695  68.94611248688442
0.0030555524999999997  68.6413293103471
0.0030611080499999997  40.831733855594614
0.0030666635999999996  40.52666617319929
0.00307221915  40.22386943497793
0.0030777747  40.09660922765107
0.00308333025  39.98996153406037
0.0030888858  39.934659071926944
0.0030944413499999998  40.01838983620386
0.0030999968999999997  67.60547943148728
0.0031055524499999996  64.54318392991092
0.003111108  63.88932556816949
0.00311666355  57.87967313468743
0.0031222191  57.710578843988564
0.00312777465  57.101772596276426
0.0031333301999999998  34.68163008668735
0.0031388857499999997  34.34934033845676
0.0031444412999999997  33.97073231579386
0.00314999685  33.65449588980469
0.0031555524  33.31179929940363
0.00316110795  30.704596084715284
0.0031666635  53.30290120446676
0.00317221905  53.34535537673781
0.0031777745999999997  53.70398305002007
0.0031833301499999997  53.922280983254986
0.0031888856999999996  58.96665103046673
0.00319444125  58.57686841129691
0.0031999968  30.96096299796978
0.00320555235  31.351576988516204
0.0032111079  31.175506390668033
0.0032166634499999998  28.631355407211633
0.0032222189999999997  28.64313987503396
0.0032277745499999996  28.912623274798
0.0032333301  29.679328373252304
0.00323888565  57.45685285756373
0.0032444412  57.65842990466571
0.00324999675  53.7538742675591
0.0032555522999999998  54.22833126018825
0.0032611078499999997  54.92968089506271
0.0032666633999999996  54.68823619222496
0.00327221895  29.731694668727144
0.0032777745  30.414401541491983
0.00328333005  30.998314239266556
0.0032888856  31.6103537483239
0.00329444115  32.18091415570041
0.0032999966999999997  33.03520444064692
0.0033055522499999997  57.66139770295884
0.0033111077999999996  58.18081800411832
0.00331666335  58.58618404389601
0.0033222189  58.70110008466674
0.00332777445  59.4553563590375
0.00333333  59.293328256408884
0.0033388855499999997  33.42131346080547
0.0033444410999999997  33.856966335986435
0.0033499966499999996  34.255068833056114
0.0033555522  34.33415959755501
0.00336110775  34.44685848985061
0.0033666633  34.792586839343386
0.00337221885  35.176331393704636
0.0033777743999999998  36.02107766058732
0.0033833299499999997  59.06684801012233
0.0033888854999999996  57.846349441478665
0.00339444105  58.06346285000817
0.0033999966  58.02664807103054
0.00340555215  58.067944196398074
0.0034111077  34.26497180797736
0.0034166632499999998  34.29732493530198
0.0034222187999999997  33.7511857740841
0.0034277743499999997  33.50284931857271
0.0034333298999999996  33.644063240764645
0.00343888545  31.912210079361184
0.003444441  55.861476031033774
0.00344999655  55.803749230449185
0.0034555521  55.53704191392076
0.0034611076499999997  55.25500829241608
0.0034666631999999997  55.11440871157928
0.0034722187499999996  55.049004371542516
0.0034777743  30.742934086787074
0.00348332985  30.608230586170894
0.0034888854  29.878607474710286
0.00349444095  28.400214359660467
0.0034999964999999997  28.20793087610183
0.0035055520499999997  27.894104276425114
0.0035111075999999996  27.449990935197285
0.00351666315  27.38000815043041
0.0035222187  50.82785968901257
0.00352777425  50.79818192735625
0.0035333298  50.225191733648664
0.0035388853499999998  49.591982498999535
0.0035444408999999997  48.80336558770808
0.0035499964499999996  22.61993312065952
0.003555552  22.36114823850371
0.00356110755  22.180944624204738
0.0035666631  21.95530340559212
0.00357221865  21.71122043835559
0.0035777741999999998  21.952285195212593
0.0035833297499999997  45.681842085342055
0.0035888852999999997  45.472391026178
0.0035944408499999996  45.11122674819416
0.0035999964  44.679508117177356
0.00360555195  42.58716732059123
0.0036111075  18.700249162937155
0.00361666305  18.473117879747452
0.0036222185999999997  18.210668984558158
0.0036277741499999997  18.01241976260398
0.0036333296999999996  17.78579648969026
0.00363888525  17.372083389059494
0.0036444408  16.770000037600184
0.00364999635  16.376490787375296
0.0036555519  15.40799167096679
0.0036611074499999998  37.878822789868835
0.0036666629999999997  37.41829868603402
0.0036722185499999996  37.12377267227649
0.0036777741  36.72650804104462
0.00368332965  36.22479894672358
0.0036888852  11.95884843610483
0.00369444075  11.634343910879425
0.0036999962999999998  11.514184715373347
0.0037055518499999997  11.151500466260064
0.0037111073999999997  9.67717772240737
0.0037166629499999996  8.740518420544056
0.0037222185  32.41842543730497
0.00372777405  32.12556304054927
0.0037333296  31.888083121082005
0.00373888515  31.75514797925072
0.0037444406999999997  31.54257597247773
0.0037499962499999997  7.80029744348724
0.0037555517999999996  7.877955136451866
0.00376110735  7.9254461729896795
0.0037666629  7.023374913570473
0.00377221845  5.812766706217737
0.003777774  5.967230388944682
0.0037833295499999997  5.985635453216347
0.0037888850999999997  6.248935944848598
0.0037944406499999996  6.672786534483901
0.0037999962  30.49839384812868
0.00380555175  30.948112560038943
0.0038111073  31.538566716034556
0.00381666285  31.82630807443097
0.0038222183999999998  30.65612162073881
0.0038277739499999997  6.758496451307762
0.0038333294999999996  7.148818338436997
0.0038388850499999996  7.582977222183034
0.0038444406  7.973048882049899
0.00384999615  8.302985513433041
0.0038555517  9.077606348794781
0.0038611072499999998  32.53323672007349
0.0038666627999999997  32.76985759997616
0.0038722183499999997  33.24556902139463
0.0038777738999999996  32.479641522736564
0.00388332945  31.826262488326368
0.003888885  13.118745313062977
0.00389444055  9.831681613596272
0.0038999961  10.159531704274698
0.0039055516499999997  10.823074325134597
0.0039111072  11.214298018338187
0.00391666275  11.412397496146072
0.0039222182999999996  11.774812365777908
0.00392777385  12.110540019705713
0.0039333293999999994  12.191205915125117
0.00393888495  15.536259935163168
0.0039444405  33.5617103295077
0.00394999605  33.8312230760075
0.0039555516  34.0069021653954
0.00396110715  33.814826300291976
0.0039666627  11.622753513671217
0.0039722182499999995  11.818657964119375
0.0039777738  12.052846709554862
0.00398332935  12.212222754615347
0.0039888849  12.099167509077933
0.00399444045  10.464197450644066
0.003999996  31.794475427449004
0.00400555155  31.76835591674388
0.0040111070999999995  31.61220252032887
0.00401666265  31.27172789985208
0.004022218199999999  30.83400339124591
0.00402777375  14.72823565699266
0.0040333293  9.50123468916513
0.00403888485  9.51241249069037
0.0040444404  8.750069666081348
0.0040499959499999995  7.436394522128903
0.0040555515  7.270947621979815
0.004061107049999999  7.193195322190577
0.0040666626  6.876381733027807
0.00407221815  6.557507414043484
0.0040777737  12.204376793052784
0.00408332925  27.47979747404918
0.0040888847999999995  27.32679414162319
0.00409444035  27.001556429892684
0.004099995899999999  26.78556292959146
0.00410555145  3.683808481495029
0.004111107  3.550261451434448
0.00411666255  3.45310789502259
0.0041222181  3.2834764648286634
0.0041277736499999995  3.2488613427925386
0.0041333292  3.367224195406494
0.004138884749999999  23.70024625225859
0.0041444403  23.547188272718206
0.00414999585  23.129725546847716
0.0041555514  22.460968501183686
0.00416110695  6.190271980941604
0.0041666624999999995  6.056474408995621
0.00417221805  0.051707036178543886
0.004177773599999999  -0.0455323964596559
0.00418332915  -0.2519495081086972
0.0041888847  -0.45815620158397286
0.00419444025  -0.5806324122501809
0.0041999958  -0.783707413539773
0.0042055513499999995  -0.9749714208777093
0.0042111069  4.1378442978806245
0.004216662449999999  2.5570161830539213
0.004222218  15.590233219072411
0.00422777355  15.334909743417274
0.0042333291  14.502044299904096
0.00423888465  13.63609739492106
0.0042444401999999996  -5.577465815292909
0.00424999575  -5.721951862584277
0.0042555512999999994  -5.898779797980414
0.00426110685  -5.999678070850812
0.004266662399999999  -6.886858245656976
0.00427221795  -8.15230566381936
0.0042777735  9.917533491288168
0.00428332905  9.719507833382306
0.0042888846  9.497138857806947
0.0042944401499999995  9.350706730855599
0.0042999957  -2.6809862914404166
0.004305551249999999  -2.777601235295393
0.0043111068  -8.764992283320193
0.00431666235  -8.88481669452325
0.0043222179  -9.150325272388605
0.00432777345  -11.098310335106598
0.0043333289999999995  -11.021557951273973
0.00433888455  -10.866327027899962
0.004344440099999999  -10.576089679034329
0.00434999565  -4.334263745600337
0.0043555512  -3.722679939597403
0.00436110675  -3.372255806811087
0.0043666623  7.4730574883781005
0.0043722178499999995  7.498781163045255
0.0043777734  6.579158801836491
0.004383328949999999  -10.897635607757001
0.0043888845  -10.69559942586325
0.00439444005  -10.379516879364838
0.0043999956  -10.18283404262286
0.00440555115  -10.08175379124405
0.0044111066999999995  -9.534084084934404
0.00441666225  6.307277350770928
0.004422217799999999  6.295994401682868
0.00442777335  6.270554221662147
0.0044333289  6.137847465217254
0.00443888445  -4.468243181361375
0.00444444  -4.317044041590988
0.0044499955499999995  -9.91472507427988
0.0044555511  -9.45242063931407
0.004461106649999999  -9.352789306772186
0.0044666622  -9.155435280303646
0.00447221775  -8.936371405025284
0.0044777733  -8.778907055560971
0.00448332885  -8.628750412775455
0.0044888843999999995  -2.045886586956827
0.00449443995  -4.357442039302683
0.004499995499999999  -4.334749752853204
0.00450555105  3.168440633966521
0.0045111066  2.952227280726975
0.00451666215  2.5750628814015877
0.0045222177  -10.693539540703194
0.0045277732499999996  -10.728898015956979
0.0045333288  -10.777976214971593
0.0045388843499999994  -10.769761345251977
0.0045444399  -10.28795819363229
0.004549995449999999  -12.23780539814934
0.004555551  -12.34527584447476
0.00456110655  -0.20268523681989437
0.0045666621  -0.5694781117344528
0.00457221765  -1.1391525179311357
0.0045777731999999995  -8.152073278984133
0.00458332875  -8.299346700251196
0.004588884299999999  -8.540550853011121
0.00459443985  -14.12647006086694
0.0045999954  -14.343878217116938
0.00460555095  -15.727701886794234
0.0046111065  -15.986159309484188
0.0046166620499999995  -16.25324260941997
0.0046222176  -16.467824805192446
0.004627773149999999  -11.643500385647707
0.0046333287  -11.971579247260316
0.00463888425  -12.217291386017981
0.0046444398  -6.566181003968184
0.00464999535  -7.279187897635938
0.0046555508999999995  -7.441237141048639
0.00466110645  -19.75256917571545
0.004666661999999999  -19.93206426524865
0.00467221755  -20.1631434558668
0.0046777731  -20.339371124401787
0.00468332865  -20.50529002350126
0.0046888842  -20.712010582597067
0.0046944397499999995  -21.046998386040716
0.0046999953  -11.35134516184525
0.004705550849999999  -11.767319189239208
0.0047111064  -17.570283380716152
0.00471666195  -18.738203377242133
0.0047222175  -19.036862565952212
0.00472777305  -19.561986188192286
0.0047333285999999995  -23.693979445519446
0.00473888415  -23.955928218930513
0.004744439699999999  -24.399704127650725
0.00474999525  -24.782695744077333
0.0047555508  -25.088640936944255
0.00476110635  -25.443750247497487
0.0047666619  -22.83599247915526
0.0047722174499999995  -23.325721156639567
0.004777773  -23.678263717005763
0.004783328549999999  -18.949338553312984
0.0047888841  -19.42690092060229
0.004794439649999999  -20.008757926924766
0.0047999952  -28.753792034257582
0.00480555075  -29.086331140926767
0.0048111062999999996  -29.398265836732772
0.00481666185  -29.774456593579437
0.0048222173999999994  -30.06035093702507
0.00482777295  -30.402614443576983
0.004833328499999999  -30.565068093357738
0.00483888405  -22.9652090024855
0.0048444396  -23.442585084091547
0.00484999515  -29.0878981563273
0.0048555507  -29.526115386763827
0.0048611062499999995  -29.924688587373957
0.0048666618  -30.350964239487016
0.004872217349999999  -32.94857397532585
0.0048777729  -33.585465646500815
0.00488332845  -33.70241055143294
0.004888884  -33.625201950905584
0.00489443955  -33.815264932956374
0.0048999950999999995  -34.07838912460117
0.00490555065  -32.7046379539988
0.004911106199999999  -32.949395033737254
0.00491666175  -33.326399500157784
0.0049222173  -33.6464352348743
0.00492777285  -28.859527751716282
0.0049333284  -30.062681662324223
0.0049388839499999995  -35.979497649249616
0.0049444395  -36.122154671663374
0.004949995049999999  -36.22459215447989
0.0049555506  -36.140881215361574
0.00496110615  -36.06958071769824
0.0049666617  -36.056978186915835
0.00497221725  -36.0617261649993
0.0049777727999999995  -30.93838818688992
0.00498332835  -31.389065835179018
0.004988883899999999  -36.500145820936964
0.00499443945  -36.84768090587242
0.004999995  -37.18916213045429
0.00500555055  -37.473226227366816
0.0050111061  -37.27982982077453
0.0050166616499999995  -37.46544604843783
0.0050222172  -37.60642157041443
0.005027772749999999  -37.734675795400754
0.0050333283  -37.83651340931543
0.00503888385  -37.93192585492797
0.0050444394  -38.65095896045414
0.00504999495  -39.442221890752386
0.0050555504999999995  -39.75303212768999
0.00506110605  -39.87293802096235
0.005066661599999999  -35.91839304004237
0.00507221715  -39.294604157901915
0.005077772699999999  -39.46456854319471
0.00508332825  -39.46017513245922
0.0050888838  -39.727019077841874
0.0050944393499999996  -39.860949144018335
0.0050999949  -39.89961919972145
0.0051055504499999994  -40.525093031101605
0.005111106  -40.621441689769114
0.005116661549999999  -38.63692964570106
0.0051222171  -43.14740758313005
0.00512777265  -43.56795188115166
0.0051333282  -44.048130957721874
0.00513888375  -44.511482529695435
0.0051444392999999995  -45.080979812774515
0.00514999485  -43.04820472368921
0.005155550399999999  -43.018985657880044
0.00516110595  -43.323337141405396
0.0051666615  -43.50576632670893
0.00517221705  -43.714344689492904
0.0051777726  -43.750685042928886
0.0051833281499999995  -46.96384909920161
0.0051888837  -47.37619365013442
0.005194439249999999  -47.93951889527413
0.0051999948  -48.30755376173911
0.00520555035  -44.297182916598146
0.0052111059  -44.80713485961564
0.00521666145  -45.16225958742956
0.0052222169999999995  -45.285626021630875
0.00522777255  -45.40720575456978
0.005233328099999999  -45.526400311631406
0.00523888365  -45.729691974038154
0.0052444392  -45.944478254866
0.00524999475  -46.06584460225687
0.0052555503  -46.243656424781626
0.0052611058499999995  -50.63556886103655
0.0052666614  -50.81303825725444
0.005272216949999999  -50.616792661040286
0.0052777725  -50.752803097580724
0.00528332805  -51.00019954035858
0.0052888836  -46.50411676770333
0.00529443915  -46.587273151461986
0.0052999946999999995  -46.78155856145475
0.00530555025  -46.775944735096125
0.005311105799999999  -46.708405841143254
0.00531666135  -46.787379370287034
0.005322216899999999  -52.55508406367909
0.00532777245  -51.65972021129847
0.005333328  -51.93207266668998
0.0053388835499999995  -52.11854012411349
0.0053444391  -52.32626678611335
0.005349994649999999  -46.61612428607202
0.0053555502  -46.58942278459098
0.005361105749999999  -46.661197509834174
0.0053666613  -46.859587730794786
0.00537221685  -46.973803568272714
0.0053777723999999996  -47.110234082607015
0.00538332795  -46.027258613651625
0.005388883499999999  -46.08467428764624
0.00539443905  -46.154650354717745
0.005399994599999999  -53.28004275264721
0.00540555015  -53.6591872295448
0.0054111057  -53.94261355309151
0.00541666125  -54.31111062476989
0.0054222168  -54.78981460688058
0.0054277723499999994  -47.61863236076533
0.0054333279  -48.1955556549832
0.005438883449999999  -46.747583645560695
0.005444439  -46.87021199084198
0.00544999455  -47.01134957709557
0.0054555501  -47.34565962806647
0.00546110565  -55.861202559425394
0.0054666611999999995  -56.2359893800374
0.00547221675  -56.604643692661284
0.005477772299999999  -57.18524561130855
0.00548332785  -57.84596203836096
0.0054888834  -50.08812199918924
0.00549443895  -48.46851086239748
0.0054999945  -48.767645368536414
0.0055055500499999995  -49.04482718040446
0.0055111056  -49.44285299784556
0.005516661149999999  -49.71823282942753
0.0055222167  -49.93378473001175
0.00552777225  -49.98378500684578
0.0055333278  -50.10047901738457
0.00553888335  -60.27588262112918
0.0055444388999999995  -60.74642873196507
0.00554999445  -59.646306525718714
0.005555549999999999  -60.016179306914665
0.00556110555  -60.20220771635073
0.005566661099999999  -50.226774135864176
0.00557221665  -50.452001550901905
0.0055777722  -50.502509715438734
0.0055833277499999995  -50.711006130232974
0.0055888833  -51.05263882627534
0.005594438849999999  -51.49026019955521
0.0055999944  -62.80742409403545
0.005605549949999999  -62.266328706169546
0.0056111055  -62.702647485682746
0.00561666105  -63.14968932506758
0.0056222165999999995  -60.07769866744244
0.00562777215  -52.613542673745755
0.005633327699999999  -52.840326452055166
0.00563888325  -52.9877833885208
0.005644438799999999  -53.32612166056268
0.00564999435  -53.817867874118186
0.0056555499  -54.308992730188166
0.0056611054499999995  -53.288709031567386
0.005666661  -53.65404095626062
0.005672216549999999  -62.25161700746255
0.0056777721  -66.60734468997215
0.005683327649999999  -66.78622993906738
0.0056888832  -66.83938087301897
0.00569443875  -67.17022778667821
0.0056999942999999996  -67.52068516836658
0.00570554985  -55.137495845298695
0.0057111053999999994  -55.59953154261342
0.00571666095  -54.5296660576368
0.005722216499999999  -54.51294052083725
0.00572777205  -54.7538950311201
0.0057333276  -55.038688588062264
0.00573888315  -68.50268801250226
0.0057444387  -68.82758310177822
0.0057499942499999995  -69.20822943789248
0.0057555498  -69.34631303353046
0.005761105349999999  -64.98187846955017
0.0057666609  -55.88207242961349
0.00577221645  -54.46123045810201
0.005777772  -54.3854627450349
0.00578332755  -54.494822559926824
0.0057888830999999995  -54.50895144769111
0.00579443865  -54.50725389448505
0.005799994199999999  -54.55652863299747
0.00580554975  -54.889690939899346
0.0058111053  -65.06873792212775
0.00581666085  -65.45882765241254
0.0058222164  -70.59807708272625
0.0058277719499999995  -68.81801890646013
0.0058333275  -69.10798776502311
0.005838883049999999  -69.2031301023713
0.0058444386  -54.56585222676123
0.005849994149999999  -54.773393506638065
0.0058555497  -54.92991085418365
0.00586110525  -55.02949863336534
0.0058666607999999995  -55.08647901009061
0.00587221635  -55.29939904967866
0.005877771899999999  -71.60072613467018
0.00588332745  -68.77319867993582
0.005888882999999999  -68.97650614286799
0.00589443855  -69.3566551043083
0.0058999941  -64.70870450466947
0.0059055496499999995  -64.96855156833232
0.0059111052  -53.741573977821545
0.005916660749999999  -53.60359992820434
0.0059222163  -53.61136333942383
0.005927771849999999  -53.57876395865728
0.0059333274  -53.82095886759669
0.00593888295  -51.42454596017904
0.0059444384999999995  -51.63903291828087
0.00594999405  -63.81242637048346
0.005955549599999999  -64.2255727345656
0.00596110515  -69.18764436507988
0.005966660699999999  -69.60250332327989
0.00597221625  -70.1441197559213
0.0059777718  -70.40060930002805
0.0059833273499999996  -53.46917803048672
0.0059888829  -54.39405074182723
0.0059944384499999994  -51.4993731850397
0.005999994  -51.88074125444478
0.006005549549999999  -52.255841027465884
0.0060111051  -52.656856974451394
0.00601666065  -70.68585316608498
0.0060222162  -71.181673114371
0.00602777175  -71.63573952044528
0.0060333272999999995  -68.10538479010144
0.00603888285  -68.85521973757972
0.006044438399999999  -70.06767449506248
0.00604999395  -53.65120444920743
0.0060555495  -54.12189126183036
0.00606110505  -54.3645667996452
0.0060666606  -54.915805591356786
0.0060722161499999995  -55.283432683982255
0.0060777717  -55.570400895082244
0.006083327249999999  -55.998434543497005
0.0060888828  -70.64650804834604
0.006094438349999999  -71.17594013328464
0.0060999939  -75.46394625628044
0.00610554945  -73.86082873189122
0.0061111049999999995  -74.37096975853925
0.00611666055  -74.53598775559547
0.006122216099999999  -56.28489899196629
0.00612777165  -56.631851224034136
0.006133327199999999  -56.826100984369425
0.00613888275  -56.918424279169905
0.0061444383  -57.11515116458482
0.0061499938499999995  -57.64232522296886
0.0061555494  -77.1608196072143
0.006161104949999999  -76.06973857706802
0.0061666605  -76.35721893359842
0.006172216049999999  -73.38376707582198
0.0061777716  -73.77599873734229
0.00618332715  -74.11473559677255
0.0061888826999999995  -58.556547920821444
0.00619443825  -58.74767818236604
0.006199993799999999  -59.04034796311936
0.00620554935  -59.463777733591655
0.006211104899999999  -59.82540525451396
0.00621666045  -58.499661133988965
0.006222216  -58.77536344987194
0.0062277715499999995  -75.42632893578919
0.0062333271  -75.63884337146666
0.006238882649999999  -75.88224691956523
0.0062444382  -78.73977159493411
0.006249993749999999  -78.46759223863202
0.0062555493  -59.12984628760927
0.00626110485  -59.339128044271924
0.0062666603999999996  -59.77710379213109
0.00627221595  -58.8651306868604
0.0062777714999999994  -58.792232654196006
0.00628332705  -58.97328017229736
0.006288882599999999  -59.28716723286502
0.00629443815  -78.96532523795948
0.0062999937  -78.76368615610946
0.00630554925  -78.82151304052444
0.0063111048  -76.43963623813765
0.0063166603499999995  -76.4641840128154
0.0063222159  -76.53734927856658
0.006327771449999999  -57.35892704764293
0.006333327  -57.24768026711076
0.006338882549999999  -57.223635397366344
0.0063444381  -57.21260164960114
0.00634999365  -57.348833834876295
0.0063555491999999995  -57.78750320349484
0.00636110475  -75.6911446120146
0.006366660299999999  -75.73758421616955
0.00637221585  -75.9254353410403
0.006377771399999999  -76.55368002550567
0.00638332695  -76.38830937910312
0.0063888825  -76.56612982309738
0.0063944380499999995  -56.88774730939468
0.0063999936  -57.04955447249535
0.006405549149999999  -57.183326346391674
0.0064111047  -57.44715797269813
0.006416660249999999  -57.6197938699704
0.0064222158  -57.690897940835335
0.00642777135  -57.90643796957588
0.0064333268999999995  -78.38631903506234
0.00643888245  -75.69012104322843
0.006444437999999999  -75.47133674294211
0.00644999355  -74.05299641327099
0.006455549099999999  -74.11616640258
0.00646110465  -74.0202854175831
0.0064666602  -54.785338828797315
0.0064722157499999995  -54.55282839550982
0.0064777713  -54.3104153972278
0.006483326849999999  -54.00237617683557
0.0064888824  -53.75966749763809
0.006494437949999999  -51.266137279686376
0.0064999935  -71.08261200933426
0.00650554905  -71.43144475400372
0.0065111045999999995  -71.72207003927397
0.00651666015  -72.03548009807783
0.006522215699999999  -73.01385937169071
0.00652777125  -73.10292418364308
0.006533326799999999  -52.27067316688515
0.00653888235  -52.55148102701013
0.0065444379  -52.650582626345404
0.0065499934499999996  -50.25718400929261
0.006555549  -50.76997652152727
0.006561104549999999  -50.94970989811139
0.0065666601  -51.40735637125787
0.006572215649999999  -72.7009010847572
0.0065777712  -73.12428730800521
0.00658332675  -73.64687091636024
0.0065888823  -74.39807524047713
0.00659443785  -75.1638980799816
0.0065999933999999994  -75.54410067742067
0.00660554895  -52.1424804861579
0.006611104499999999  -52.68994549340357
0.00661666005  -53.30584312708607
0.006622215599999999  -53.62538220118194
0.00662777115  -53.8026686935413
0.0066333267  -54.58964915114174
0.0066388822499999995  -77.1785189432353
0.0066444378  -77.68155668743043
0.006649993349999999  -78.29336785841329
0.0066555489  -78.76303652268349
0.006661104449999999  -75.86599569646002
0.00666666  -75.80476445251524
0.00667221555  -55.38975671834718
0.0066777710999999995  -55.56675224581922
0.00668332665  -56.000274158772335
0.006688882199999999  -56.14232912669684
0.00669443775  -56.50843650158238
0.006699993299999999  -56.906818775465744
0.00670554885  -57.24876637564204
0.0067111044  -57.913394198321555
0.0067166599499999995  -76.57714072969048
0.0067222155  -79.32515918218127
0.006727771049999999  -79.60701178594252
0.0067333266  -79.89785256854034
0.006738882149999999  -80.49257003001483
0.0067444377  -58.11818070977118
0.00674999325  -58.39437232709769
0.0067555487999999995  -58.095040265120105
0.00676110435  -58.157610997646216
0.006766659899999999  -58.330793927535055
0.00677221545  -57.41936672400332
0.006777770999999999  -80.68894616633378
0.00678332655  -80.6994970596854
0.0067888821  -80.96154107426572
0.0067944376499999995  -80.95275349257267
0.0067999932  -81.33730593144259
0.006805548749999999  -77.91365796156647
0.0068111043  -58.24134453940791
0.006816659849999999  -58.2862769921303
0.0068222154  -57.60834893924707
0.00682777095  -56.832677069177954
0.0068333264999999995  -56.89653218259933
0.00683888205  -56.86065022192938
0.006844437599999999  -56.75154696045515
0.00684999315  -56.86826301421703
0.006855548699999999  -76.7224448502692
0.00686110425  -80.62622789097824
0.006866659799999999  -80.72553140156529
0.0068722153499999996  -80.53161561519809
0.0068777709  -79.65662830698491
0.0068833264499999994  -54.731809551197976
0.006888882  -54.816529186643706
0.006894437549999999  -54.74507551902472
0.0068999931  -54.990560255397526
0.006905548649999999  -55.19871815372931
0.0069111042  -55.577143896824154
0.00691665975  -79.8970190599081
0.0069222152999999995  -79.97569825343876
0.00692777085  -80.03782299119001
0.006933326399999999  -80.05511149020444
0.00693888195  -78.37209060199167
0.006944437499999999  -54.3552590349678
0.00694999305  -54.540744248142
0.0069555486  -54.74853810609302
0.0069611041499999995  -54.86783753637377
0.0069666597  -54.95764672901239
0.006972215249999999  -54.66888222039563
0.0069777708  -54.28559696241647
0.006983326349999999  -54.51061756741448
0.0069888819  -54.33156906284865
0.00699443745  -77.09463220243559
0.0069999929999999995  -77.09363354923133
0.00700554855  -77.03729048170678
0.007011104099999999  -76.93643515089805
0.00701665965  -76.63318449891263
0.007022215199999999  -51.078643417206635
0.00702777075  -50.75636361465644
0.0070333263  -50.71594820941338
0.0070388818499999995  -50.61441954925934
0.0070444374  -49.775208171335116
0.007049992949999999  -48.09179514941348
0.0070555485  -73.65206900564398
0.007061104049999999  -73.75360735504479
0.0070666596  -74.06011212382968
0.00707221515  -74.49089558390463
0.0070777706999999995  -74.48157999758473
0.00708332625  -48.79908953163827
0.007088881799999999  -49.17994066420475
0.00709443735  -49.43597687101689
0.007099992899999999  -49.42546864869895
0.00710554845  -47.01117371226904
0.007111104  -47.55574458580402
0.0071166595499999995  -47.78988913279807
0.0071222151  -48.230666455427325
0.007127770649999999  -48.85343724548888
0.0071333262  -75.97479033095057
0.007138881749999999  -76.6036429177343
0.0071444373  -77.4782378453594
0.007149992849999999  -78.3123203838055
0.0071555483999999996  -78.34196924220272
0.00716110395  -49.39559247116111
0.0071666594999999994  -50.27147753485997
0.00717221505  -50.76721286623608
0.007177770599999999  -51.69338964657264
0.00718332615  -52.470228153299026
0.007188881699999999  -53.34441630134422
0.00719443725  -81.51350543538155
0.0071999928  -81.31710191236314
0.0072055483499999995  -82.010070484189
0.0072111039  -81.96621222946749
0.007216659449999999  -80.71264682065258
0.007222215  -63.11381261804485
0.007227770549999999  -53.833462496135134
0.0072333261  -54.54750897336127
0.00723888165  -55.250100283466686
0.0072444371999999995  -55.417340483893575
0.00724999275  -55.74814401204299
0.007255548299999999  -56.33829963925467
0.00726110385  -57.081551820088116
0.007266659399999999  -57.390923451817265
0.00727221495  -67.28736654200893
0.0072777705  -85.27908580733839
0.0072833260499999995  -85.88026805184559
0.0072888816  -86.48727844694956
0.007294437149999999  -86.77844608808134
0.0072999927  -58.6443041513675
0.007305548249999999  -58.75472602419786
0.0073111038  -59.09558783504146
0.00731665935  -59.54720537074674
0.0073222148999999995  -59.80333076207216
0.00732777045  -57.249383798921556
0.007333325999999999  -85.62635534489525
0.00733888155  -85.86461765205024
0.007344437099999999  -86.14215317082187
0.00734999265  -86.12473769936832
0.0073555482  -85.7477349884695
0.0073611037499999995  -69.70380318281434
0.0073666593  -57.73996774470093
0.007372214849999999  -57.91173315850187
0.0073777704  -57.93992267996518
0.007383325949999999  -56.089180924297075
0.0073888815  -56.07529451667714
0.007394437049999999  -56.17625486302541
0.0073999925999999995  -56.36337578654561
0.00740554815  -56.500299909640944
0.007411103699999999  -69.52566968432427
0.00741665925  -85.16431519456215
0.007422214799999999  -85.21786943851042
0.00742777035  -85.33048604450316
0.007433325899999999  -85.53761406584853
0.0074388814499999996  -53.83732524163325
0.007444437  -53.61913726573203
0.0074499925499999994  -53.49448874876817
0.0074555481  -53.45117086004752
0.007461103649999999  -53.4949654490415
0.0074666592  -54.184274862046315
0.007472214749999999  -83.5785431215763
0.0074777703  -83.93928849155243
0.00748332585  -84.06958293758798
0.0074888813999999995  -84.08311761151518
0.00749443695  -66.23258935453869
0.007499992499999999  -66.44477294415398
0.00750554805  -52.439699584904304
0.007511103599999999  -52.77186250129086
0.00751665915  -53.08667255203771
0.0075222147  -53.34007596173039
0.0075277702499999995  -53.341732010551475
0.0075333258  -53.451864718481474
0.007538881349999999  -53.54281100946827
0.0075444369  -68.47518023249658
0.007549992449999999  -64.95188686301368
0.007555548  -79.27134370602195
0.00756110355  -79.44698362177037
0.0075666590999999995  -79.32433124895225
0.00757221465  -78.42465831508518
0.007577770199999999  -49.20428547934942
0.00758332575  -49.03841599564329
0.007588881299999999  -49.067689069274834
0.00759443685  -49.32990477992596
0.0075999924  -49.05832069265081
0.0076055479499999995  -46.013026946586756
0.0076111035  -75.6395723155512
0.007616659049999999  -75.72413808772103
0.0076222146  -75.95078683574977
0.007627770149999999  -76.2799146118564
0.0076333257  -63.98956537331048
0.007638881249999999  -64.55460301601904
0.0076444367999999995  -48.422727674081784
0.00764999235  -48.4768016737445
0.007655547899999999  -49.15636921730649
0.00766110345  -45.420645104543304
0.007666658999999999  -45.95776810000318
0.00767221455  -46.44010510205313
0.007677770099999999  -46.843598341763425
0.0076833256499999995  -64.96805653369839
0.0076888812  -65.70700077397716
0.007694436749999999  -67.00520470968206
0.0076999923  -79.39461729801253
0.007705547849999999  -80.24348635702351
0.0077111034  -80.97060239631666
0.007716658949999999  -48.45427549170429
0.0077222144999999996  -49.229007634116705
0.00772777005  -50.145784014290015
0.007733325599999999  -50.82324312555227
0.00773888115  -51.457928294597544
0.007744436699999999  -51.98212122946088
0.00774999225  -82.0869704471385
0.007755547799999999  -81.99153038735666
0.00776110335  -82.23949526872799
0.0077666589  -82.91516210231326
0.0077722144499999994  -70.10678689835667
0.00777777  -70.68697472626064
0.007783325549999999  -52.031370439084874
0.0077888811  -52.545579374103475
0.007794436649999999  -53.36661443442599
0.0077999922  -53.53456052266327
0.00780554775  -53.66106658166197
0.0078111032999999995  -54.15981365644062
0.00781665885  -54.46639352923676
0.0078222144  -75.7819633250244
0.007827769949999999  -72.92566556497799
0.0078333255  -73.54278759247262
0.00783888105  -82.52518529094509
0.007844436599999999  -82.57186732862873
0.00784999215  -82.43931573864053
0.0078555477  -54.05429460891403
0.00786110325  -54.165997187615076
0.007866658799999999  -54.42473206339313
0.00787221435  -54.55084644972237
0.0078777699  -55.37352679941586
0.007883325449999999  -52.27004971147166
0.007888881  -52.74108366361646
0.00789443655  -81.48869369443344
0.0078999921  -81.31568180606375
0.007905547649999999  -81.17362505761375
0.0079111032  -73.17272227920382
0.00791665875  -72.8563245729698
0.0079222143  -72.6841991845975
0.00792776985  -51.641506889761146
0.0079333254  -51.60480324736022
0.00793888095  -49.14658865267253
0.007944436499999999  -48.99345996420345
0.00794999205  -48.760203418456
0.0079555476  -48.87776874015826
0.00796110315  -69.9940247851721
0.0079666587  -69.66283282772773
0.00797221425  -69.61722819249906
0.0079777698  -76.41087714883321
0.007983325349999999  -75.99182682878777
0.0079888809  -76.03039698486614
0.00799443645  -44.67401146163844
0.007999992  -44.22084063488422
0.00800554755  -44.01663587183382
0.0080111031  -43.61856233878039
0.00801665865  -43.46545183242302
0.008022214199999999  -43.41585109244162
0.00802776975  -43.36420602333077
0.0080333253  -71.43294426096587
0.00803888085  -71.1140933752375
0.008044436399999999  -65.13459163968331
0.00804999195  -62.076812118001534
0.0080555475  -61.984699450109346
0.008061103049999999  -61.816997412121594
0.0080666586  -39.99788758843158
0.00807221415  -39.865937216958024
0.0080777697  -39.3973025154613
0.008083325249999999  -39.44178644245704
0.0080888808  -39.31331530229611
0.00809443635  -39.28364839954663
0.008099991899999999  -61.03549853067191
0.00810554745  -57.85155032647986
0.008111103  -57.523777737584304
0.00811665855  -63.26461636949636
0.008122214099999999  -63.04673892429268
0.00812776965  -62.204537347827085
0.0081333252  -33.85091902433704
0.008138880749999999  -33.55941373395162
0.0081444363  -33.0046938218439
0.00814999185  -32.77603841439618
0.0081555474  -32.55673157147264
0.008161102949999999  -29.639955699206553
0.0081666585  -29.947062289664846
0.00817221405  -57.992282651441734
0.008177769599999999  -57.90494438797133
0.00818332515  -52.78326776535427
0.0081888807  -52.94802014487912
0.00819443625  -53.17891128437634
0.008199991799999999  -53.02274850368039
0.00820554735  -30.135606703869126
0.0082111029  -29.990145002729886
0.008216658449999999  -27.732532619030966
0.008222214  -27.932430353519003
0.00822776955  -28.031540379997235
0.0082333251  -28.517370671766134
0.008238880649999999  -51.91747322785943
0.0082444362  -52.4799001562849
0.00824999175  -52.91916611660442
0.008255547299999999  -53.65248565489466
0.00826110285  -58.16690040745202
0.0082666584  -57.663127536812
0.00827221395  -28.36873706172335
0.008277769499999999  -28.893984857257628
0.00828332505  -29.439876664707022
0.0082888806  -30.129794261343363
0.008294436149999999  -30.561949975232434
0.0082999917  -31.22836986363822
0.00830554725  -32.448218089057875
0.0083111028  -59.79896236939103
0.008316658349999999  -59.73123381774415
0.0083222139  -57.02920839690946
0.00832776945  -55.45822234242113
0.008333324999999999  -55.89876393482523
0.00833888055  -56.20023900542728
0.0083444361  -32.66741775227436
0.00834999165  -32.97264630994923
0.008355547199999999  -33.240227453546936
0.00836110275  -33.482169457437294
0.0083666583  -33.832970934403576
0.008372213849999999  -34.451588049169395
0.0083777694  -59.36361204112977
0.00838332495  -57.0583585612091
0.0083888805  -57.15955127561205
0.008394436049999999  -57.365123559155194
0.0083999916  -58.36720084644487
0.00840554715  -33.434846173057075
0.008411102699999999  -33.638618881830325
0.00841665825  -33.57292449311176
0.0084222138  -33.43369285570213
0.00842776935  -32.874817380714084
0.008433324899999999  -32.981187033101
0.00843888045  -30.89180052500458
0.008444436  -31.048150632396993
0.008449991549999999  -55.611675231470784
0.0084555471  -55.00777546652934
0.00846110265  -54.85338326284106
0.0084666582  -54.73222021279647
0.008472213749999999  -54.43761488427804
0.0084777693  -54.24950460269101
0.00848332485  -30.01331484392619
0.008488880399999999  -29.40846293592436
0.00849443595  -27.888322901222832
0.0084999915  -27.657404486593308
0.00850554705  -27.412290578083077
0.008511102599999999  -27.362319709608688
0.00851665815  -50.948248775113136
0.0085222137  -50.65848914105689
0.00852776925  -50.31205746823641
0.008533324799999999  -50.098441797287414
0.00853888035  -49.03704951019405
0.0085444359  -25.05297060174983
0.008549991449999999  -22.308455095295848
0.008555547  -21.944354422459064
0.00856110255  -21.755107725461777
0.0085666581  -21.693848327650723
0.008572213649999999  -21.414950065280298
0.0085777692  -21.35013818322986
0.00858332475  -21.229735330233243
0.008588880299999999  -21.26547883601902
0.00859443585  -44.84683382009047
0.0085999914  -44.33580531583624
0.00860554695  -42.38645284507364
0.008611102499999999  -42.28976017856223
0.00861665805  -41.811021507644746
0.0086222136  -17.828825167672612
0.008627769149999999  -17.5709483343535
0.0086333247  -17.153167462235018
0.00863888025  -16.90003517450348
0.0086444358  -16.566880126743854
0.008649991349999999  -16.38042370268074
0.0086555469  -38.94229426271653
0.00866110245  -37.466164332297645
0.008666657999999999  -37.02198703335224
0.00867221355  -36.71911454245291
0.0086777691  -36.095199199587285
0.00868332465  -11.814703414014708
0.008688880199999999  -11.564239554408886
0.00869443575  -11.288754151310053
0.0086999913  -11.05071557260037
0.008705546849999999  -10.784483762193586
0.0087111024  -9.53011538456728
0.00871665795  -8.297121167897329
0.0087222135  -8.16109230033866
0.008727769049999999  -8.171400671529492
0.0087333246  -31.86181843023521
0.00873888015  -31.67832033893714
0.008744435699999999  -31.59303703157223
0.00874999125  -31.532621246203405
0.0087555468  -31.180483073726517
0.00876110235  -7.530126793377326
0.008766657899999999  -6.691746272182532
0.00877221345  -5.470895549396018
0.008777769  -5.632751807364752
0.008783324549999999  -5.680404949757112
0.0087888801  -6.171492328136621
0.00879443565  -29.938758217772893
0.0087999912  -30.09013911693158
0.008805546749999999  -30.408273007626907
0.0088111023  -31.001318691258316
0.00881665785  -31.186591215925795
0.008822213399999999  -6.935330697552589
0.00882776895  -6.452106412779956
0.0088333245  -6.647279281636468
0.00883888005  -7.008232138846383
0.008844435599999999  -7.2564564374191
0.00884999115  -7.6497238643835415
0.0088555467  -8.16279351116768
0.008861102249999999  -8.564524328675988
0.0088666578  -9.188832333969135
0.00887221335  -32.82430772796424
0.0088777689  -32.29058847772471
0.008883324449999999  -31.759565546270565
0.00888888  -32.0109553849569
0.00889443555  -32.1028381363068
0.008899991099999999  -9.541598259603798
0.00890554665  -9.82326080131202
0.0089111022  -10.451909556862166
0.00891665775  -10.937097026441101
0.008922213299999999  -11.206708506584139
0.00892776885  -11.738723952098809
0.0089333244  -34.387033920986596
0.008938879949999999  -32.79717007506063
0.0089444355  -33.04203328513651
0.00894999105  -33.06973371959445
0.0089555466  -15.45687572969262
0.008961102149999999  -11.18547763764917
0.0089666577  -11.518306334561885
0.00897221325  -11.564831480385372
0.008977768799999999  -11.56234422061044
0.00898332435  -11.783454904086598
0.0089888799  -11.726671264237982
0.00899443545  -10.177955108618006
0.008999990999999999  -10.194397556871266
0.00900554655  -15.478379847047533
0.0090111021  -31.64824539696325
0.009016657649999999  -31.530040188104532
0.0090222132  -31.387069515818204
0.00902776875  -31.11928810116318
0.0090333243  -30.71162331137082
0.009038879849999999  -9.37067506181642
0.0090444354  -8.549401826679468
0.00904999095  -7.277702649147538
0.009055546499999999  -7.098555801244951
0.009061102049999999  -7.0172238082335685
0.0090666576  -6.878025096424123
0.00907221315  -27.61540242704669
0.009077768699999999  -27.39366820846848
0.00908332425  -27.23844614403709
0.0090888798  -26.975849311188153
0.00909443535  -11.577858009386913
0.009099990899999999  -6.1040332585876795
0.00910554645  -3.6859688778492004
0.009111102  -3.546081102563495
0.009116657549999999  -3.459927722803359
0.0091222131  -3.276574067054514
0.00912776865  -3.2577953081313553
0.0091333242  -3.324191706249105
0.009138879749999999  -3.372127443667531
0.0091444353  -9.292666080342531
0.00914999085  -9.369115229426129
0.009155546399999999  -23.29865146727592
0.00916110195  -21.126840279421938
0.0091666575  -20.743093202581164
0.00917221305  -20.258545979883113
0.009177768599999999  -0.0675880237760128
0.00918332415  0.06703564719674615
0.0091888797  0.35685031107318066
0.009194435249999999  0.45005859641458545
0.0091999908  0.6002087885538381
0.00920554635  0.6306050518038311
0.0092111019  -17.996921189592236
0.009216657449999999  -16.218646665510878
0.009222213  -15.776868274750234
0.00922776855  -15.283673662183906
0.009233324099999999  -1.7869096604174284
0.00923887965  -1.6233163688486294
0.0092444352  4.933630866482346
0.00924999075  5.202060849024139
0.009255546299999999  5.53657753559985
0.00926110185  5.721299525808823
0.0092666574  6.557605150017921
0.009272212949999999  7.929603047325181
0.0092777685  8.034841173979625
0.00928332405  2.0343666274064005
0.0092888796  1.859022194146033
0.009294435149999999  -10.407237560555268
0.0092999907  -10.217147602131158
0.00930554625  -10.052648166626671
0.009311101799999999  -9.748657312832927
0.00931665735  8.185370701050763
0.0093222129  8.613935755812452
0.00932776845  10.566364190214173
0.009333323999999999  10.559776075083532
0.00933887955  10.493043755241432
0.0093444351  10.187159076947577
0.009349990649999999  -7.075522298587148
0.0093555462  -7.474584248174482
0.00936110175  -7.5477636231718535
0.0093666573  3.1186860874225895
0.009372212849999999  2.9760645888072683
0.0093777684  3.429979971454581
0.00938332395  10.530209047493164
0.009388879499999999  10.238422303880933
0.00939443505  10.03808472500973
0.0093999906  9.722037382439957
0.00940554615  9.43192010056808
0.009411101699999999  9.107708190978494
0.00941665725  8.874892637293794
0.0094222128  2.5205155046434013
0.009427768349999999  2.048376302891104
0.0094333239  -7.455734341278903
0.00943887945  -5.656115110061388
0.009444435  -5.567539343791637
0.009449990549999999  -5.4541128539957775
0.0094555461  9.160857467528873
0.00946110165  8.965971963109814
0.009466657199999999  8.568810551457371
0.00947221275  8.412466221699216
0.0094777683  8.306328066378265
0.00948332385  8.11342849906231
0.009488879399999999  -6.894471099311629
0.00949443495  -4.433655598931667
0.0094999905  -4.164750591467773
0.009505546049999999  3.9353844782055942
0.0095111016  3.886092866239805
0.00951665715  4.157560682644011
0.0095222127  10.193374373982701
0.009527768249999999  10.148332980865904
0.0095333238  10.16340646694799
0.00953887935  10.28641844637261
0.009544434899999999  9.917451163243177
0.00954999045  11.852352594178816
0.009555546  11.881312233063618
0.00956110155  6.155961806902406
0.009566657099999999  6.421355211677368
0.00957221265  6.6345244309426405
0.0095777682  -0.028118501621984038
0.009583323749999999  0.7218621014781559
0.009588879299999999  13.3829548181716
0.00959443485  13.667050212256017
0.0095999904  13.815607224637697
0.009605545949999999  15.070347680947114
0.0096111015  15.28567161585103
0.00961665705  15.488510640635312
0.009622212599999999  15.69285663402529
0.009627768149999999  3.9889827413937162
0.0096333237  4.455011684144171
0.00963887925  4.920027299578708
0.009644434799999999  11.621601797303036
0.00964999035  11.972359868540584
0.0096555459  11.848993972261383
0.00966110145  18.6366223332713
0.009666656999999999  18.7587940058484
0.00967221255  18.971796047563192
0.0096777681  19.235043111378463
0.009683323649999999  19.54877572045798
0.0096888792  19.707078778455443
0.00969443475  15.416235421029835
0.0096999903  15.739435127936787
0.009705545849999999  16.011158756544347
0.0097111014  16.169254411935732
0.00971665695  11.998134044441876
0.009722212499999999  12.465989038348745
0.00972776805  22.65485768778211
0.0097333236  22.912138452080477
0.00973887915  23.24325578739911
0.009744434699999999  23.42749980671918
0.00974999025  23.741586227944982
0.0097555458  24.09213591527935
0.009761101349999999  24.285671290292253
0.0097666569  15.697062596592493
0.00977221245  16.216811815491035
0.009777768  16.857039614719653
0.009783323549999999  23.058577756743095
0.0097888791  23.553817531867573
0.00979443465  23.984316318135356
0.009799990199999999  27.82317609887719
0.00980554575  28.177267602792757
0.0098111013  28.401920853244548
0.00981665685  28.65700039918444
0.009822212399999999  29.110985853026694
0.00982776795  29.299757293838802
0.0098333235  26.60774614623003
0.009838879049999999  27.079914358866567
0.0098444346  27.383211779413212
0.00984999015  27.67943569497159
0.0098555457  22.946738456634925
0.009861101249999999  23.515131671969048
0.0098666568  31.468503354900232
0.00987221235  31.6084068667738
0.009877767899999999  32.163960175027555
0.00988332345  32.339090754622895
0.009888879  32.51563747298837
0.00989443455  32.52609509926675
0.009899990099999999  32.69833769377913
0.00990554565  26.025597443017556
0.0099111012  26.454136884111847
0.009916656749999999  31.86804904622921
0.0099222123  32.174487152753976
0.00992776785  32.4934359915688
0.0099333234  33.65460349946745
0.009938878949999999  34.68038125568211
0.0099444345  34.742245594761
0.00994999005  34.84794485400436
0.009955545599999999  34.878218207337945
0.00996110115  34.74173337980594
0.0099666567  34.643780680848444
0.00997221225  33.710875112882015
0.009977767799999999  33.781933679090265
0.00998332335  34.078464051477035
0.0099888789  34.692244423548466
0.009994434449999999  30.481774594835823
0.00999999  30.916145492660664
end
