t    f(t)
begin
0.0  -76.02089493820266
5.55555E-6  -76.34898838111782
1.11111E-5  -55.43688969978666
1.6666649999999997E-5  -55.79029869514897
2.22222E-5  -56.37586855534266
2.777775E-5  -56.80710121476838
3.3333299999999995E-5  -56.89505904632088
3.8888849999999996E-5  -57.256525130279044
4.44444E-5  -57.66524476681176
4.999995E-5  -58.45405801823053
5.55555E-5  -77.560058696559
6.111105E-5  -80.47899070225856
6.666659999999999E-5  -80.72251190022641
7.222215E-5  -81.1765226409269
7.777769999999999E-5  -81.46420865915995
8.333325E-5  -58.37893005889693
8.88888E-5  -58.68357497655688
9.444434999999999E-5  -58.79163963229491
9.99999E-5  -58.52344007131528
1.0555544999999999E-4  -58.55180989086532
1.11111E-4  -57.41717961932746
1.1666655E-4  -80.7405537509274
1.222221E-4  -81.13489766444214
1.2777764999999998E-4  -81.39038436942629
1.3333319999999998E-4  -81.69310364107056
1.3888875E-4  -82.09301688639393
1.444443E-4  -78.49356691492203
1.4999985E-4  -58.667179499587064
1.5555539999999998E-4  -58.546313178323985
1.6111094999999998E-4  -58.05658251100059
1.666665E-4  -57.10648845979142
1.7222205E-4  -57.13400759840144
1.777776E-4  -57.05079812919161
1.8333314999999998E-4  -56.76599066799738
1.8888869999999998E-4  -56.93865123264933
1.9444425E-4  -76.8934690752369
1.999998E-4  -81.06347103563664
2.0555535E-4  -81.30391865735788
2.1111089999999998E-4  -81.58615279462202
2.1666644999999998E-4  -80.66643439421635
2.22222E-4  -54.84268168046769
2.2777755E-4  -54.82471315783096
2.333331E-4  -55.05104275869572
2.3888864999999998E-4  -55.17213522776673
2.444442E-4  -55.36958327272913
2.4999975E-4  -55.77798094396083
2.5555529999999997E-4  -80.21218954966545
2.6111084999999996E-4  -80.41786098754677
2.6666639999999996E-4  -80.51768857265712
2.7222195E-4  -80.29539977322935
2.777775E-4  -78.39311817750479
2.8333305E-4  -54.373158330856924
2.888886E-4  -54.55189795296223
2.9444415E-4  -54.52335604296301
2.999997E-4  -54.39210937048589
3.0555525E-4  -54.34384924754489
3.1111079999999997E-4  -54.20590182062067
3.1666634999999996E-4  -54.34183414572564
3.2222189999999996E-4  -54.45183500159745
3.2777745E-4  -53.870740754485944
3.33333E-4  -76.83878830387948
3.3888855E-4  -76.83015354669561
3.444441E-4  -76.42656151154623
3.4999965E-4  -76.420194510163
3.555552E-4  -76.28586695989941
3.6111075E-4  -50.63669974084664
3.6666629999999997E-4  -50.50601589716253
3.7222184999999996E-4  -50.44418563154283
3.7777739999999996E-4  -50.62313583618839
3.8333294999999995E-4  -49.81234984944842
3.888885E-4  -48.2099801828036
3.9444405E-4  -73.97314998115634
3.999996E-4  -73.87349145950168
4.0555515E-4  -74.29631427644848
4.111107E-4  -74.61824864527568
4.1666625E-4  -74.60718326756209
4.2222179999999997E-4  -48.841618954037074
4.2777734999999996E-4  -49.094827268005695
4.3333289999999996E-4  -49.31616184651272
4.3888844999999995E-4  -49.36889163406119
4.44444E-4  -47.19439187934517
4.4999955E-4  -47.83811774464788
4.555551E-4  -47.950812833466806
4.6111065E-4  -48.33437610831072
4.666662E-4  -49.22683463717907
4.7222175E-4  -76.6283788941788
4.7777729999999997E-4  -77.4350462307812
4.8333284999999996E-4  -78.32297872448144
4.888884E-4  -79.12906740526469
4.9444395E-4  -79.27654565822311
4.999995E-4  -50.145355918797605
5.0555505E-4  -50.73842734873176
5.111105999999999E-4  -51.283954037835805
5.1666615E-4  -52.060630336700235
5.222216999999999E-4  -52.666237191474885
5.2777725E-4  -53.63423246272444
5.333327999999999E-4  -81.69422175478272
5.3888835E-4  -82.29110724967984
5.444439E-4  -82.77027568107846
5.4999945E-4  -82.91556489796163
5.55555E-4  -81.67360801290867
5.611105499999999E-4  -64.15072163951727
5.666661E-4  -54.584418959636864
5.722216499999999E-4  -55.4032369260826
5.777772E-4  -55.91776378613723
5.833327499999999E-4  -56.24699024560979
5.888883E-4  -57.00084382470528
5.9444385E-4  -57.527484657490156
5.999994E-4  -58.24105458048144
6.0555495E-4  -58.49750572567758
6.111105E-4  -67.98820986821066
6.1666605E-4  -85.92351042736608
6.222215999999999E-4  -86.53593631763054
6.2777715E-4  -87.35440373370118
6.333326999999999E-4  -87.8542193410218
6.3888825E-4  -59.660234437351214
6.444437999999999E-4  -59.422379299301134
6.4999935E-4  -59.775472087763816
6.555549E-4  -60.279014326777805
6.6111045E-4  -60.62473497197334
6.66666E-4  -58.33907970288973
6.722215499999999E-4  -86.833333326786
6.777771E-4  -86.63691601309219
6.833326499999999E-4  -86.76204314419887
6.888882E-4  -86.87488626546022
6.944437499999999E-4  -86.60291820608826
6.999993E-4  -70.54310404520314
7.055548499999999E-4  -58.41254971093258
7.111104E-4  -58.5757136683535
7.1666595E-4  -58.60453539109513
7.222215E-4  -56.59061858349991
7.2777705E-4  -56.45491290298881
7.333325999999999E-4  -56.654033987214675
7.3888815E-4  -56.74525070499335
7.444436999999999E-4  -56.76212379622336
7.4999925E-4  -69.9377205253231
7.555547999999999E-4  -85.56654638998373
7.6111035E-4  -85.65208629775837
7.666658999999999E-4  -85.8324445161582
7.7222145E-4  -85.74767259876374
7.77777E-4  -53.81030526036084
7.833325499999999E-4  -53.75801491996853
7.888881E-4  -53.63585833598156
7.944436499999999E-4  -53.762868268203306
7.999992E-4  -54.182228955765396
8.055547499999999E-4  -54.85501736177487
8.111103E-4  -84.20009061777475
8.166658499999999E-4  -84.55147917567479
8.222214E-4  -84.77949226373363
8.277769499999999E-4  -84.5410100711423
8.333325E-4  -66.77991546110759
8.3888805E-4  -67.0194499433234
8.444435999999999E-4  -52.90132252053322
8.4999915E-4  -53.115390547478334
8.555546999999999E-4  -53.18024652704262
8.6111025E-4  -53.48154731701742
8.666657999999999E-4  -53.57630314830693
8.7222135E-4  -53.320581682919624
8.777768999999999E-4  -53.60191084125484
8.8333245E-4  -68.4841268128415
8.88888E-4  -65.05540810796883
8.944435499999999E-4  -79.37767443525122
8.999991E-4  -79.49999656059855
9.055546499999999E-4  -79.65641004185584
9.111102E-4  -79.29888170222297
9.166657499999999E-4  -49.533718003822194
9.222213E-4  -49.3648702983674
9.277768499999999E-4  -49.484498329639074
9.333324E-4  -49.74401699783897
9.388879499999999E-4  -49.52489664486101
9.444435E-4  -46.73703806554401
9.4999905E-4  -76.26515785658177
9.555545999999999E-4  -76.39078242863562
9.6111015E-4  -76.87418548177614
9.666656999999999E-4  -77.36261303310357
9.7222125E-4  -65.06169724237209
9.777768E-4  -65.44569227434897
9.833323499999999E-4  -49.39477227634774
9.888879E-4  -49.585033537829325
9.9444345E-4  -50.162856277349206
9.99999E-4  -46.1410645971874
0.0010055545499999998  -46.620385677171555
0.0010111101  -47.02180241468862
0.00101666565  -48.03320010826813
0.0010222211999999999  -66.36684673045951
0.00102777675  -67.07201911801812
0.0010333323  -68.12679691067754
0.00103888785  -80.56776131283203
0.0010444433999999999  -81.35059637946333
0.00104999895  -81.89926538747291
0.0010555545  -49.69474935231892
0.0010611100499999999  -50.4009940549589
0.0010666655999999998  -51.16339951932452
0.00107222115  -52.11326732306943
0.0010777767  -52.587403836549406
0.0010833322499999999  -53.1866845416552
0.0010888878  -82.88963607078797
0.00109444335  -82.8404163064984
0.0010999989  -83.2980167500421
0.0011055544499999998  -84.13568098441284
0.00111111  -71.2374862427359
0.00111666555  -72.05720193764073
0.0011222210999999999  -53.10820901399179
0.00112777665  -53.652501034380265
0.0011333322  -54.15917811285833
0.00113888775  -54.52521058577737
0.0011444432999999999  -54.89155717792534
0.00114999885  -54.94896871152004
0.0011555544  -55.37959928998969
0.00116110995  -76.71208471530431
0.0011666654999999998  -74.1495264570685
0.00117222105  -74.6905180723336
0.0011777766  -83.59222049354847
0.0011833321499999999  -83.60995981983031
0.0011888877  -83.61957600863583
0.00119444325  -54.86718188910149
0.0011999988  -55.09138529265701
0.0012055543499999999  -55.2960251637517
0.0012111099  -55.1955536395712
0.00121666545  -55.53190769398246
0.001222221  -52.82888348298116
0.0012277765499999998  -53.138487446698385
0.0012333321  -82.03899974126995
0.00123888765  -82.15959042567425
0.0012444431999999999  -81.85766836789944
0.00124999875  -73.35922805492402
0.0012555543  -73.36893278446912
0.00126110985  -73.05714379525912
0.0012666653999999999  -51.65420911438421
0.00127222095  -51.983386628098216
0.0012777765  -49.65310964037514
0.00128333205  -49.207655876228685
0.0012888875999999998  -49.29951705733405
0.00129444315  -49.398322514958835
0.0012999987  -70.36988125205434
0.0013055542499999999  -70.1530691819387
0.0013111098  -69.956442110098
0.00131666535  -76.78685227690761
0.0013222209  -76.4391602053716
0.0013277764499999998  -76.43828412183686
0.001333332  -44.93029347775317
0.00133888755  -44.575793454684394
0.0013444430999999999  -44.422154112061165
0.0013499986499999998  -44.09627425633498
0.0013555542  -43.629086528468285
0.00136110975  -43.41316621213855
0.0013666652999999999  -43.49959484010176
0.00137222085  -71.79293927246256
0.0013777764  -71.67279706758383
0.00138333195  -65.37583247117655
0.0013888874999999998  -62.326319562587635
0.00139444305  -62.24308090298736
0.0013999986  -61.886814188286586
0.0014055541499999999  -39.750142416893496
0.0014111096999999998  -39.64024613566392
0.00141666525  -39.56953375616862
0.0014222208  -39.55367056159157
0.0014277763499999999  -39.3224144373171
0.0014333319  -39.27726774583589
0.00143888745  -60.89999063318411
0.001444443  -57.77713291911044
0.0014499985499999998  -57.69207146247511
0.0014555541  -63.339604122288044
0.00146110965  -63.048791828230826
0.0014666651999999999  -62.310701404617774
0.0014722207499999998  -33.82758677804465
0.0014777763  -33.46147357964852
0.00148333185  -33.343560626520734
0.0014888873999999999  -33.06017869336993
0.00149444295  -32.6203836071222
0.0014999985  -30.004538958544444
0.00150555405  -30.363266710514132
0.0015111095999999998  -58.38990424316493
0.00151666515  -58.483963469180566
0.0015222207  -53.452116842674585
0.0015277762499999999  -53.50693321840286
0.0015333317999999998  -53.55094738276152
0.00153888735  -53.8225371777813
0.0015444429  -30.985424523667852
0.0015499984499999999  -30.812172100508896
0.001555554  -28.218141225358092
0.00156110955  -28.481611307927086
0.0015666650999999999  -28.913867119010764
0.0015722206499999998  -29.382089689687138
0.0015777762  -52.72808115923421
0.00158333175  -53.10636499549808
0.0015888872999999999  -53.86072298653291
0.0015944428499999998  -54.3996277444691
0.0015999984  -59.0866744380625
0.00160555395  -58.75171820334297
0.0016111094999999998  -29.740298153973352
0.00161666505  -30.31108513095793
0.0016222206  -30.907982353707716
0.0016277761499999999  -31.51254004863052
0.0016333316999999998  -32.18987651251424
0.00163888725  -32.62360843011379
0.0016444428  -33.78174052814134
0.0016499983499999999  -60.821847708858634
0.0016555538999999998  -60.8712833434014
0.00166110945  -58.39044646695156
0.001666665  -56.781005157346975
0.0016722205499999998  -57.28555680368034
0.0016777761  -57.32513030394658
0.00168333165  -33.663790815407
0.0016888871999999999  -34.09828007763859
0.0016944427499999998  -34.2617883128314
0.0016999983  -34.57333917808799
0.00170555385  -34.93955010375527
0.0017111093999999999  -35.56696030627228
0.0017166649499999998  -60.2184979542462
0.0017222205  -57.963550548278405
0.00172777605  -58.30702787898748
0.0017333315999999998  -58.36645265074131
0.00173888715  -59.29634375925559
0.0017444427  -34.10995047758231
0.0017499982499999999  -34.04648466673915
0.0017555537999999998  -33.767667994541135
0.00176110935  -33.58484185733831
0.0017666649  -33.40448922533012
0.0017722204499999999  -33.492021897263555
0.001777776  -31.470135517300736
0.00178333155  -31.55432151976285
0.0017888870999999999  -56.16198059209293
0.0017944426499999998  -55.548223662369836
0.0017999982  -55.47459905925044
0.00180555375  -55.23238059399976
0.0018111092999999999  -55.072166428707575
0.0018166648499999998  -54.71813275993997
0.0018222204  -30.360771297600905
0.00182777595  -29.82105116745414
0.0018333314999999998  -28.36745572131425
0.00183888705  -27.90709113599527
0.0018444426  -27.627099004880925
0.0018499981499999999  -27.44698651612659
0.0018555536999999998  -51.22965182170058
0.00186110925  -50.94382274027473
0.0018666648  -50.4919936672619
0.0018722203499999999  -49.848809840771295
0.0018777758999999998  -48.654027630007775
0.00188333145  -24.91023906552104
0.001888887  -22.60565163312135
0.0018944425499999998  -22.20939437505203
0.0018999981  -21.8968555298106
0.00190555365  -21.72661948651483
0.0019111091999999999  -21.74867277963606
0.0019166647499999998  -21.643864140770415
0.0019222203  -21.54439488322521
0.00192777585  -21.543870103215752
0.0019333313999999999  -45.21384951979916
0.0019388869499999998  -44.527856837062366
0.0019444425  -42.61918741030624
0.00194999805  -42.43516586260584
0.0019555536  -42.032831356042315
0.0019611091499999998  -17.936685348944742
0.0019666646999999997  -17.67471876100414
0.00197222025  -17.268993862972117
0.0019777758  -16.674733135643507
0.00198333135  -16.37605309594064
0.0019888869  -16.295707871582216
0.00199444245  -38.918884517635014
0.001999998  -37.538890918285794
0.0020055535499999997  -37.10329242729567
0.0020111090999999997  -36.71242708846077
0.00201666465  -36.255252998306545
0.0020222202  -12.029143387583563
0.00202777575  -11.591095333401354
0.0020333313  -11.224619976597129
0.00203888685  -11.08141271209581
0.0020444423999999998  -10.941657969211187
0.0020499979499999997  -9.672569074907287
0.0020555535  -8.570921798046479
0.00206110905  -8.165967533999677
0.0020666646  -8.26329081554456
0.00207222015  -31.95841219017297
0.0020777757  -31.83311823755419
0.0020833312499999998  -31.84593545642478
0.0020888867999999997  -31.802411471829366
0.00209444235  -31.493091344197364
0.0020999979  -7.8079004825777005
0.00210555345  -6.927367314100511
0.002111109  -5.876868692976254
0.00211666455  -5.907227266367292
0.0021222200999999998  -6.080019705187835
0.0021277756499999997  -6.587106102264803
0.0021333311999999997  -30.3890294529772
0.00213888675  -30.858011740829763
0.0021444423  -31.374383504862955
0.00214999785  -31.734585722257282
0.0021555534  -31.757091652135983
0.00216110895  -7.477490483447536
0.0021666644999999997  -7.0857524682238635
0.0021722200499999997  -7.510965436148259
0.0021777756  -7.760719844406268
0.00218333115  -7.988710774434984
0.0021888867  -8.339985509966096
0.00219444225  -8.799374783338303
0.0021999978  -9.487620976155197
0.0022055533499999998  -10.193020094494644
0.0022111088999999997  -33.71693621587154
0.00221666445  -33.20854798261222
0.00222222  -32.752190819316176
0.00222777555  -32.9829641095732
0.0022333311  -32.90133856364851
0.00223888665  -10.473742542072738
0.0022444421999999998  -10.902537912137465
0.0022499977499999997  -11.287898889385156
0.0022555533  -11.669416721844566
0.00226110885  -12.009682563987287
0.0022666644  -12.672864614894879
0.00227221995  -34.85030822090131
0.0022777755  -33.32064072221698
0.00228333105  -33.59093452964415
0.0022888865999999997  -33.59213453529475
0.0022944421499999997  -16.25988703642927
0.0022999977  -11.835235269704027
0.00230555325  -11.836446805230718
0.0023111088  -12.04103398549446
0.00231666435  -12.155998712529007
0.0023222199  -12.348641363790113
0.0023277754499999997  -12.340801664447271
0.0023333309999999997  -10.44651041791753
0.00233888655  -10.378594902761042
0.0023444421  -15.571454886418199
0.00234999765  -31.80552220400358
0.0023555532  -31.515770722265547
0.00236110875  -31.323791129395964
0.0023666642999999998  -31.141926488027885
0.0023722198499999997  -30.731014323742553
0.0023777754  -9.505603629024934
0.00238333095  -8.789045713197668
0.0023888865  -7.448525434529925
0.00239444205  -7.273214781444812
0.0023999976  -6.857336782606151
0.0024055531499999998  -6.887675374086947
0.0024111086999999997  -27.69664958425914
0.0024166642499999997  -27.494939515571755
0.0024222198  -27.30753083344224
0.00242777535  -27.028642047823308
0.0024333309  -11.655377738787047
0.00243888645  -6.061077804407618
0.002444442  -3.7038804440305007
0.0024499975499999997  -3.532171404576239
0.0024555530999999997  -3.3625528010697585
0.00246110865  -3.3471437192996074
0.0024666642  -3.234289995561323
0.00247221975  -3.3842521965556522
0.0024777753  -3.4664923985745
0.00248333085  -9.282088554349754
0.0024888863999999998  -9.357929762326048
0.0024944419499999997  -22.897732727939044
0.0024999975  -20.82223598563088
0.00250555305  -20.49758312636129
0.0025111086  -19.970110431689093
0.00251666415  0.17628313668602746
0.0025222197  0.3963614126156546
0.0025277752499999998  0.5127824224560018
0.0025333307999999997  0.5872008051587568
0.0025388863499999996  0.8739077035904533
0.0025444419  0.9728683108371682
0.00254999745  -17.541988465085286
0.002555553  -15.786767079974748
0.00256110855  -15.409181757336391
0.0025666641  -14.869144464419978
0.0025722196499999997  -1.19014448760894
0.0025777751999999997  -0.8727823470957858
0.00258333075  5.4913515480486845
0.0025888863  5.763466868477095
0.00259444185  5.805534974723777
0.0025999974  5.849383150669989
0.00260555295  6.814576129061502
0.0026111084999999997  8.2581647764249
0.0026166640499999997  8.246552706442307
0.0026222196  2.210838967630961
0.00262777515  1.8442330964273237
0.0026333307  -10.086176725977932
0.00263888625  -9.829703577599355
0.0026444418  -9.660962934327234
0.0026499973499999998  -9.185938740363033
0.0026555528999999997  8.603573893540986
0.0026611084499999996  8.813013142016832
0.002666664  10.765173238209112
0.00267221955  10.716087042591171
0.0026777751  10.537279661100012
0.00268333065  10.016614679025672
0.0026888861999999998  -7.268583398987856
0.0026944417499999997  -7.338688776598817
0.0026999972999999997  -7.292150357387358
0.00270555285  3.215535156457362
0.0027111084  3.038879384662559
0.00271666395  3.4158042809245046
0.0027222195  10.512394837412755
0.00272777505  10.318006955994164
0.0027333305999999997  10.00246920205415
0.0027388861499999997  9.746799993885901
0.0027444417  9.486089442574857
0.00274999725  9.136844432487946
0.0027555528  8.711353707768124
0.00276110835  2.4550597577966187
0.0027666639  1.936071867847067
0.0027722194499999997  7.818872409654338
0.0027777749999999997  -5.845303831458081
0.0027833305499999996  -5.7339933303895725
0.0027888861  8.809072507435161
0.00279444165  8.497889269222698
0.0027999972  8.254550996593077
0.00280555275  8.127038318943738
0.0028111082999999998  7.997444255134047
0.0028166638499999997  7.75459785534982
0.0028222193999999996  -6.947784249444709
0.00282777495  -4.265506201861394
0.0028333305  -3.99973897697564
0.00283888605  3.9659534553905025
0.0028444416  4.13920105567069
0.0028499971499999998  4.229081163399121
0.0028555526999999997  10.053716479610893
0.0028611082499999997  10.048766843577143
0.0028666638  10.069001104887215
0.00287221935  10.248905088459061
0.0028777749  9.735203167222158
0.00288333045  11.755658432079898
0.002888886  11.847422579083618
0.0028944415499999997  6.338529619595805
0.0028999970999999997  6.647654462742198
0.00290555265  6.982773168015281
0.0029111082  0.5650236804594444
0.00291666375  0.9342086724977775
0.0029222193  13.357624487973066
0.00292777485  13.632299935138747
0.0029333303999999998  13.822991859856712
0.0029388859499999997  15.241565898335246
0.0029444414999999996  15.528697535227664
0.00294999705  15.676415364820098
0.0029555526  15.820478237322916
0.00296110815  4.40519286938342
0.0029666637  4.816958172855683
0.0029722192499999998  5.37045690039602
0.0029777747999999997  12.048973558734572
0.0029833303499999997  12.464346098876318
0.0029888859  12.315196057072367
0.00299444145  18.94406816283359
0.002999997  19.16718658982279
0.00300555255  19.503041116388648
0.0030111081  19.825666418730084
0.0030166636499999997  20.153262022408136
0.0030222191999999997  20.2551319935362
0.00302777475  15.932807721976268
0.0030333303  16.24053011970364
0.00303888585  16.68683721382806
0.0030444414  16.97181727176116
0.00304999695  12.521144702113972
0.0030555524999999997  12.987945143002602
0.0030611080499999997  23.03436027451113
0.0030666635999999996  23.321661176255784
0.00307221915  23.64224496154258
0.0030777747  23.948685969026602
0.00308333025  24.220521221036538
0.0030888858  24.500621731835746
0.0030944413499999998  24.72714175667591
0.0030999968999999997  16.49654173005832
0.0031055524499999996  17.20487683742394
0.003111108  17.822786086564644
0.00311666355  23.66504457482343
0.0031222191  24.115215684763832
0.00312777465  24.814630323332565
0.0031333301999999998  28.37807248389349
0.0031388857499999997  28.66255783558281
0.0031444412999999997  28.91597123567406
0.00314999685  29.222659059931924
0.0031555524  29.596700835111154
0.00316110795  29.950761285189632
0.0031666635  27.41941105062736
0.00317221905  27.812127265001525
0.0031777745999999997  28.083556004590466
0.0031833301499999997  28.40326839551646
0.0031888856999999996  23.73764925895438
0.00319444125  24.338586223336286
0.0031999968  32.02263236133058
0.00320555235  32.20210331467395
0.0032111079  32.74119879867068
0.0032166634499999998  33.01001980245263
0.0032222189999999997  33.34346321471082
0.0032277745499999996  33.33278962246902
0.0032333301  33.45781930162137
0.00323888565  27.010037232375723
0.0032444412  27.383392322919434
0.00324999675  32.6817622509436
0.0032555522999999998  33.13142292207618
0.0032611078499999997  33.44705684952166
0.0032666633999999996  34.38537417011697
0.00327221895  35.4073833939253
0.0032777745  35.436484464030734
0.00328333005  35.53940819304893
0.0032888856  35.43312437290588
0.00329444115  35.29641896268197
0.0032999966999999997  35.23534223285601
0.0033055522499999997  34.50403513025044
0.0033111077999999996  34.83261135620214
0.00331666335  35.20057901574202
0.0033222189  35.52568122794981
0.00332777445  31.33909930658
0.00333333  31.770226261465005
0.0033388855499999997  36.56170013820223
0.0033444410999999997  36.535474311044275
0.0033499966499999996  36.6422302339653
0.0033555522  36.8450559187439
0.00336110775  37.0920685583407
0.0033666633  37.211743380439984
0.00337221885  37.28090209398615
0.0033777743999999998  37.10960036461808
0.0033833299499999997  34.18749593780937
0.0033888854999999996  38.85405747238344
0.00339444105  39.13035723727236
0.0033999966  39.57667665613083
0.00340555215  39.93461590296243
0.0034111077  39.081361667895
0.0034166632499999998  39.158700397848236
0.0034222187999999997  39.274468682307614
0.0034277743499999997  39.396750951547745
0.0034333298999999996  39.36036772538833
0.00343888545  39.993458384229754
0.003444441  41.70341938078608
0.00344999655  42.057254884088266
0.0034555521  42.593607447930765
0.0034611076499999997  43.008077753719064
0.0034666631999999997  43.50781079740213
0.0034722187499999996  39.8866548012475
0.0034777743  42.23471310067462
0.00348332985  42.48894982293222
0.0034888854  42.53643153789549
0.00349444095  42.91110816133878
0.0034999964999999997  43.09722632289125
0.0035055520499999997  43.27352012425847
0.0035111075999999996  43.35242087349611
0.00351666315  43.48187442228314
0.0035222187  42.561417789913826
0.00352777425  47.03031641731741
0.0035333298  47.52477235660123
0.0035388853499999998  47.8237376715477
0.0035444408999999997  47.83023348450203
0.0035499964499999996  44.856084945084156
0.003555552  44.945232865765064
0.00356110755  45.0239761857233
0.0035666631  45.20191882631687
0.00357221865  45.3719465283169
0.0035777741999999998  45.504137099263495
0.0035833297499999997  49.76278801607664
0.0035888852999999997  50.145738919635896
0.0035944408499999996  50.49024309343583
0.0035999964  50.70934913435914
0.00360555195  50.45319503947204
0.0036111075  45.9506828233228
0.00361666305  46.115727173010896
0.0036222185999999997  46.28131884559769
0.0036277741499999997  46.32472669748287
0.0036333296999999996  46.40535565275136
0.00363888525  46.38343102767953
0.0036444408  46.3242757857119
0.00364999635  46.48591240637606
0.0036555519  46.91135868694752
0.0036611074499999998  51.32292515757575
0.0036666629999999997  51.57560924056064
0.0036722185499999996  51.768727907229305
0.0036777741  52.0258796662456
0.00368332965  52.19437213935812
0.0036888852  46.28444902997694
0.00369444075  46.30833495790394
0.0036999962999999998  46.44364155825
0.0037055518499999997  46.62813835758846
0.0037111073999999997  46.885267693579124
0.0037166629499999996  45.913235130198345
0.0037222185  52.620889347268395
0.00372777405  52.92857383304816
0.0037333296  53.39663066597528
0.00373888515  53.79638631881201
0.0037444406999999997  54.075497384599615
0.0037499962499999997  47.02769880312445
0.0037555517999999996  47.26703521318179
0.00376110735  47.526398840213275
0.0037666629  48.103691343548775
0.00377221845  46.6514090986382
0.003777774  46.90463245222507
0.0037833295499999997  46.98115516979973
0.0037888850999999997  47.240923607122575
0.0037944406499999996  47.52915518396116
0.0037999962  56.078568914222366
0.00380555175  56.454908213325716
0.0038111073  57.01971111886653
0.00381666285  57.577191975505656
0.0038222183999999998  58.68844818463414
0.0038277739499999997  48.438982964621594
0.0038333294999999996  48.78678848254659
0.0038388850499999996  48.9638308382177
0.0038444406  49.23574352503212
0.00384999615  49.579535339182925
0.0038555517  49.994510046882446
0.0038611072499999998  59.87943736289953
0.0038666627999999997  59.965831007697275
0.0038722183499999997  60.363551106537905
0.0038777738999999996  60.785059229144764
0.00388332945  59.69305074553229
0.003888885  56.85135084973009
0.00389444055  49.95279218538373
0.0038999961  50.22465765689748
0.0039055516499999997  50.43614433252704
0.0039111072  50.52898188930479
0.00391666275  50.78975716853426
0.0039222182999999996  51.1014768290388
0.00392777385  51.40347858571053
0.0039333293999999994  51.740912390527704
0.00393888495  58.722606381402514
0.0039444405  62.64515984169212
0.00394999605  63.14115438189451
0.0039555516  63.63609734667192
0.00396110715  64.06493756132961
0.0039666627  52.85745059483987
0.0039722182499999995  53.00754712389305
0.0039777738  53.34886793322628
0.00398332935  53.69677346204356
0.0039888849  54.09585754074869
0.00399444045  53.29738292997947
0.003999996  65.97584488385029
0.00400555155  66.32091196457681
0.0040111070999999995  66.66240018547965
0.00401666265  66.79480216121516
0.004022218199999999  66.9878647149578
0.00402777375  63.13956418858178
0.0040333293  54.84387508775544
0.00403888485  55.172768277754344
0.0040444404  55.63046284515996
0.0040499959499999995  54.53198662073098
0.0040555515  54.556354838524136
0.004061107049999999  54.80087298660669
0.0040666626  55.054817957527355
0.00407221815  55.3004565210251
0.0040777737  64.50074594309736
0.00408332925  69.19091864939953
0.0040888847999999995  69.37876950665222
0.00409444035  69.5708469684553
0.004099995899999999  69.80675217316366
0.00410555145  54.61087862599022
0.004111107  54.55581793172476
0.00411666255  54.58483939038382
0.0041222181  54.6926194632151
0.0041277736499999995  54.684187576066705
0.0041333292  54.86605648775073
0.004138884749999999  69.47631459239493
0.0041444403  69.93597137528035
0.00414999585  70.34784473576975
0.0041555514  70.78509276204694
0.00416110695  64.44547446165608
0.0041666624999999995  64.62345061069006
0.00417221805  54.55641088970972
0.004177773599999999  54.786180779774114
0.00418332915  54.9936070959645
0.0041888847  55.15111138198665
0.00419444025  55.19964636005777
0.0041999958  55.35118438824719
0.0042055513499999995  55.46241619365998
0.0042111069  67.13055485858315
0.004216662449999999  64.34983599361836
0.004222218  69.25519281313275
0.00422777355  69.63616224168716
0.0042333291  69.90319973396075
0.00423888465  70.06523670012572
0.0042444401999999996  54.214426167182026
0.00424999575  54.064579161906785
0.0042555512999999994  53.99136480997398
0.00426110685  53.959023754741146
0.004266662399999999  54.285291115003396
0.00427221795  52.05523392208798
0.0042777735  68.93124464056652
0.00428332905  69.09614914222395
0.0042888846  69.47475695350222
0.0042944401499999995  69.8290939652287
0.0042999957  65.7814667048869
0.004305551249999999  66.07598103453955
0.0043111068  53.67725254656471
0.00431666235  53.964983004405795
0.0043222179  54.892855691731675
0.00432777345  52.12286246470272
0.0043333289999999995  52.5641473386219
0.00433888455  52.807571169831995
0.004344440099999999  53.212773359603275
0.00434999565  67.28011110744144
0.0043555512  68.03763458612589
0.00436110675  68.52662584149022
0.0043666623  73.07721278216837
0.0043722178499999995  73.5795451314416
0.0043777734  74.60854681257743
0.004383328949999999  54.258598058287276
0.0043888845  54.784547988810715
0.00439444005  54.993173944710215
0.0043999956  55.371803835782494
0.00440555115  55.69712653741066
0.0044111066999999995  56.212381619161256
0.00441666225  74.86143237456574
0.004422217799999999  74.680300952404
0.00442777335  74.98005289427881
0.0044333289  75.79876936996169
0.00443888445  70.87223801668895
0.00444444  71.22961964011432
0.0044499955499999995  56.302462787824396
0.0044555511  56.81787900187844
0.004461106649999999  57.16761378651067
0.0044666622  57.17780824267254
0.00447221775  57.346627556937435
0.0044777733  57.57320435339921
0.00448332885  58.08523323627195
0.0044888843999999995  74.39417766072418
0.00449443995  73.34575854257383
0.004499995499999999  73.80869652034275
0.00450555105  76.88250392353513
0.0045111066  77.19700311333807
0.00451666215  77.49673932326219
0.0045222177  58.88135418076997
0.0045277732499999996  59.09843229538399
0.0045333288  59.375136919841836
0.0045388843499999994  59.72285376016504
0.0045444399  60.11616271610475
0.004549995449999999  58.90072916674679
0.004555551  59.2156055572608
0.00456110655  78.5384019079309
0.0045666621  78.71239669466577
0.00457221765  78.82076219229218
0.0045777731999999995  76.1673330145459
0.00458332875  76.09609119325174
0.004588884299999999  76.18526637937453
0.00459443985  59.833719805999806
0.0045999954  60.23797405670275
0.00460555095  59.24159420441474
0.0046111065  59.26288534893525
0.0046166620499999995  59.42591339157664
0.0046222176  59.685651443135185
0.004627773149999999  76.76887164109867
0.0046333287  76.84190979422142
0.00463888425  77.00556011703712
0.0046444398  79.3312008629286
0.00464999535  79.20198510738251
0.0046555508999999995  79.0919763365253
0.00466110645  57.792363910584854
0.004666661999999999  57.748308224957796
0.00467221755  57.67346509564049
0.0046777731  57.44600271110017
0.00468332865  57.69806738372515
0.0046888842  57.96767708326582
0.0046944397499999995  58.29649941291428
0.0046999953  78.21182493962415
0.004705550849999999  78.16656738197244
0.0047111064  76.67516226915215
0.00471666195  74.71074766456393
0.0047222175  75.21012510777086
0.00472777305  75.34399847710397
0.0047333285999999995  57.6287711875821
0.00473888415  57.76814203692678
0.004744439699999999  58.093777653196724
0.00474999525  58.18929934459049
0.0047555508  58.21873658614333
0.00476110635  58.31217673094339
0.0047666619  77.47776775563246
0.0047722174499999995  74.80867153216477
0.004777773  74.90298217031503
0.004783328549999999  76.04898303690672
0.0047888841  75.91092284245707
0.004794439649999999  75.78466989361634
0.0047999952  55.459401931621535
0.00480555075  55.19137056932743
0.0048111062999999996  54.94762931881927
0.00481666185  54.64013762276706
0.0048222173999999994  54.40679454175359
0.00482777295  51.68671210800984
0.004833328499999999  51.94559432596777
0.00483888405  72.76631065470023
0.0048444396  72.92253680594126
0.00484999515  72.43304396960019
0.0048555507  72.8406958750316
0.0048611062499999995  73.26992179725443
0.0048666618  73.21602100209405
0.004872217349999999  53.06723183551938
0.0048777729  53.26446504259613
0.00488332845  51.072377755041146
0.004888884  51.482823143167714
0.00489443955  51.6449174041452
0.0048999950999999995  52.14639765999764
0.00490555065  73.67324162446751
0.004911106199999999  74.01642910857792
0.00491666175  74.60716983086917
0.0049222173  75.44126726975993
0.00492777285  75.52729684311974
0.0049333284  75.68936847758953
0.0049388839499999995  53.03676446248307
0.0049444395  53.663335483075755
0.004949995049999999  54.12987806658118
0.0049555506  54.310730866211685
0.00496110615  54.719446068408615
0.0049666617  55.19455961519614
0.00497221725  55.91289348543585
0.0049777727999999995  77.16587935736842
0.00498332835  77.31138975886572
0.004988883899999999  79.0871626038828
0.00499443945  77.70777511837578
0.004999995  78.16385189538838
0.00500555055  78.21005676988268
0.0050111061  56.36944140396901
0.0050166616499999995  56.456738776614614
0.0050222172  56.670708316028964
0.005027772749999999  57.02919361634736
0.0050333283  57.40078705938648
0.00503888385  57.88490841343518
0.0050444394  80.80236451331314
0.00504999495  79.48553188850394
0.0050555504999999995  79.97481442758559
0.00506110605  80.07607794755467
0.005066661599999999  77.8712222470484
0.00507221715  58.24056932480922
0.005077772699999999  58.65904989200063
0.00508332825  58.65231789629218
0.0050888838  58.49234156002289
0.0050944393499999996  58.520356831135175
0.0050999949  58.83930768803344
0.0051055504499999994  57.62449901905527
0.005111106  57.88480231928875
0.005116661549999999  77.9146043148658
0.0051222171  81.18337746607723
0.00512777265  81.23106502326722
0.0051333282  81.55359054323074
0.00513888375  81.91256994805447
0.0051444392999999995  81.81910759702559
0.00514999485  58.63510195591333
0.005155550399999999  58.138438576489236
0.00516110595  57.35379370753638
0.0051666615  57.28818133499141
0.00517221705  57.234118276636295
0.0051777726  57.252026632544805
0.0051833281499999995  80.77292774120646
0.0051888837  80.86647879808908
0.005194439249999999  80.93494026101541
0.0051999948  80.93613487519761
0.00520555035  76.05622430199064
0.0052111059  56.520732937935435
0.00521666145  55.251705338034455
0.0052222169999999995  55.346577553331066
0.00522777255  55.488546644057266
0.005233328099999999  55.43966480014012
0.00523888365  55.54344747476732
0.0052444392  55.549876485865774
0.00524999475  55.911765231869865
0.0052555503  56.45436475622342
0.0052611058499999995  80.4361252497228
0.0052666614  80.52127526078606
0.005272216949999999  79.0869620310363
0.0052777725  79.19246624113333
0.00528332805  79.28707325563975
0.0052888836  55.28047486178213
0.00529443915  55.422309905338295
0.0052999946999999995  55.46276494644368
0.00530555025  55.320521191828526
0.005311105799999999  55.06739158787889
0.00531666135  55.29744975517504
0.005322216899999999  79.83088236334955
0.00532777245  77.81476182740518
0.005333328  77.84424001651473
0.0053388835499999995  77.70792018077485
0.0053444391  77.34707345562609
0.005349994649999999  51.843614693127236
0.0053555502  51.62871268074203
0.005361105749999999  51.20943223568112
0.0053666613  51.115967975191424
0.00537221685  51.24146936347365
0.0053777723999999996  50.50218287899099
0.00538332795  48.46848812846796
0.005388883499999999  48.243176744534395
0.00539443905  48.557056707454464
0.005399994599999999  74.4418660683775
0.00540555015  74.97507194217677
0.0054111057  75.26405910421443
0.00541666125  75.56870809917949
0.0054222168  75.77042074845625
0.0054277723499999994  50.17891123949937
0.0054333279  50.509208242916095
0.005438883449999999  47.94028409623178
0.005444439  48.06832715747479
0.00544999455  48.430091375698865
0.0054555501  49.30365808687105
0.00546110565  76.26941581740975
0.0054666611999999995  76.76550267430326
0.00547221675  77.55115357878411
0.005477772299999999  78.14830817215822
0.00548332785  78.63794954350722
0.0054888834  52.29522400904575
0.00549443895  50.53062757435668
0.0054999945  51.08650360594993
0.0055055500499999995  51.72223748443333
0.0055111056  52.58387042462653
0.005516661149999999  53.33768791530121
0.0055222167  53.88966591950591
0.00552777225  54.18260716667817
0.0055333278  54.61760499358262
0.00553888335  82.76362796961318
0.0055444388999999995  82.74165331774486
0.00554999445  81.46314213767685
0.005555549999999999  82.05784027900506
0.00556110555  82.21333736696894
0.005566661099999999  55.13385589571345
0.00557221665  55.89318602472717
0.0055777722  55.921489815013814
0.0055833277499999995  56.26242623524937
0.0055888833  57.06489589322966
0.005594438849999999  57.75586893747853
0.0055999944  86.6334978257348
0.005605549949999999  85.04271582282334
0.0056111055  85.82726655303928
0.00561666105  86.13626284660229
0.0056222165999999995  69.42666025806155
0.00562777215  58.547694338975525
0.005633327699999999  58.693026090879584
0.00563888325  59.000547798742645
0.005644438799999999  59.5815015858575
0.00564999435  59.934420922139715
0.0056555499  59.63342766154213
0.0056611054499999995  56.986171957634404
0.005666661  57.53388471998402
0.005672216549999999  70.13037284818083
0.0056777721  86.31722519043173
0.005683327649999999  86.12102847958158
0.0056888832  86.06662868700438
0.00569443875  86.1260292672269
0.0056999942999999996  86.09115492731875
0.00570554985  58.36251303055481
0.0057111053999999994  58.43061827488659
0.00571666095  56.448055228539864
0.005722216499999999  56.31466023820728
0.00572777205  56.580162880386524
0.0057333276  57.025497650830566
0.00573888315  85.28120047367932
0.0057444387  85.33089202519966
0.0057499942499999995  85.62310843305923
0.0057555498  85.53564049396648
0.005761105349999999  70.11927672985112
0.0057666609  57.24248819480091
0.00577221645  54.05072140418245
0.005777772  53.98329225705251
0.00578332755  54.04021640125106
0.0057888830999999995  53.99332592178044
0.00579443865  53.91835006103478
0.005799994199999999  54.02326618321938
0.00580554975  54.68764749420624
0.0058111053  68.82018617778304
0.00581666085  69.50796258702941
0.0058222164  84.57882437650869
0.0058277719499999995  81.28209460049268
0.0058333275  81.61329327214813
0.005838883049999999  81.5688075067283
0.0058444386  53.28904118460693
0.005849994149999999  53.584729151616386
0.0058555497  53.858908645241506
0.00586110525  53.72592030176237
0.0058666607999999995  53.8147733632845
0.00587221635  54.070130619125756
0.005877771899999999  83.39745491563974
0.00588332745  79.46870491870314
0.005888882999999999  79.60995374738381
0.00589443855  78.87402708891109
0.0058999941  64.78052264936068
0.0059055496499999995  64.51708443667782
0.0059111052  49.427574611463776
0.005916660749999999  49.39916940355437
0.0059222163  49.485693600048606
0.005927771849999999  49.46067105724684
0.0059333274  49.42128233295165
0.00593888295  46.31818990352733
0.0059444384999999995  46.695255813585014
0.00594999405  62.742439063918056
0.005955549599999999  63.467272882772704
0.00596110515  77.03665109329629
0.005966660699999999  77.61059083725118
0.00597221625  78.02189518744012
0.0059777718  77.59950480482523
0.0059833273499999996  48.8117725239526
0.0059888829  49.49434989694859
0.0059944384499999994  45.59607066277062
0.005999994  46.25072710241509
0.006005549549999999  46.90088707873518
0.0060111051  47.611471184181795
0.00601666065  77.17481018141143
0.0060222162  77.89155246903255
0.00602777175  78.5916472542193
0.0060333272999999995  68.09052745162018
0.00603888285  69.24328517844413
0.006044438399999999  70.08275788748908
0.00604999395  49.05358794666341
0.0060555495  49.60789052106588
0.00606110505  50.26292691995605
0.0060666606  51.04354488743641
0.0060722161499999995  51.37900323875259
0.0060777717  52.01175755167316
0.006083327249999999  52.58065722067581
0.0060888828  71.48729995340145
0.006094438349999999  72.51637555421422
0.0060999939  83.2087993087489
0.00610554945  80.51239642540021
0.0061111049999999995  81.18674460415694
0.00611666055  81.35058380079563
0.006122216099999999  53.223564744700404
0.00612777165  53.47792826283241
0.006133327199999999  53.77724552651639
0.00613888275  53.860688215372676
0.0061444383  53.95041911560522
0.0061499938499999995  54.67461084247336
0.0061555494  84.63301679927552
0.006161104949999999  81.83384335685865
0.0061666605  81.90616767838195
0.006172216049999999  73.32121997059456
0.0061777716  73.70055654236678
0.00618332715  73.90633648694961
0.0061888826999999995  54.166328983876326
0.00619443825  54.1922458033156
0.006199993799999999  54.44780700000337
0.00620554935  54.861430722042435
0.006211104899999999  55.45246031303023
0.00621666045  52.72214663056605
0.006222216  52.84463434165315
0.0062277715499999995  73.35561887175639
0.0062333271  73.43762906214789
0.006238882649999999  73.43025325110675
0.0062444382  81.12190999216173
0.006249993749999999  80.46886666558827
0.0062555493  51.81506528829558
0.00626110485  51.692584292362795
0.0062666603999999996  51.64879770125475
0.00627221595  49.628072133447304
0.0062777714999999994  48.97381168943611
0.00628332705  48.83681696031917
0.006288882599999999  49.03783745549017
0.00629443815  77.19085434116877
0.0062999937  76.685934710816
0.00630554925  76.39238902348627
0.0063111048  68.93786805241339
0.0063166603499999995  68.50680120544816
0.0063222159  68.59563750849672
0.006327771449999999  44.43808248396433
0.006333327  44.14074103753175
0.006338882549999999  43.88093643208542
0.0063444381  43.70630006093846
0.00634999365  43.69396283562572
0.0063555491999999995  43.97017019642497
0.00636110475  64.96462951834461
0.006366660299999999  64.69480830114426
0.00637221585  64.58375655623354
0.006377771399999999  65.11116497464337
0.00638332695  68.35971569583073
0.0063888825  68.20038226863981
0.0063944380499999995  40.455109957962556
0.0063999936  40.47315005351753
0.006405549149999999  40.24244602284109
0.0064111047  39.848780100954215
0.006416660249999999  39.43890365072162
0.0064222158  39.344327983753814
0.00642777135  39.43920807714425
0.0064333268999999995  66.9199780683157
0.00643888245  63.819550545486024
0.006444437999999999  63.39024513610255
0.00644999355  57.21053758168496
0.006455549099999999  56.970467190342106
0.00646110465  56.6237985511097
0.0064666602  34.233711169782026
0.0064722157499999995  33.76645564505002
0.0064777713  33.44709761683241
0.006483326849999999  32.96591146457257
0.0064888824  32.68786997225717
0.006494437949999999  30.024135870770177
0.0064999935  52.48529476452343
0.00650554905  52.73793216709913
0.0065111045999999995  52.78446058953378
0.00651666015  52.91154878499504
0.006522215699999999  58.110382385475496
0.00652777125  57.84737814034904
0.006533326799999999  30.054155559868548
0.00653888235  30.32279520378057
0.0065444379  29.956093504886717
0.0065499934499999996  27.39156351378851
0.006555549  28.005565766425985
0.006561104549999999  28.39488481268971
0.0065666601  28.636322874382063
0.006572215649999999  56.36988616801299
0.0065777712  56.71478063725707
0.00658332675  52.85311712769417
0.0065888823  53.45618237613558
0.00659443785  53.980528510998184
0.0065999933999999994  53.50845101070236
0.00660554895  28.310272683854876
0.006611104499999999  28.849379819042102
0.00661666005  29.47699843267305
0.006622215599999999  29.902209099114188
0.00662777115  30.41798906883928
0.0066333267  31.346374717655653
0.0066388822499999995  55.629371214499926
0.0066444378  56.31214533610189
0.006649993349999999  56.85463195688506
0.0066555489  57.22205854698945
0.006661104449999999  58.275159280112916
0.00666666  58.018814307141454
0.00667221555  32.15372069387764
0.0066777710999999995  32.50163060239642
0.00668332665  32.80765746799452
0.006688882199999999  33.008752852907584
0.00669443775  33.384150519002965
0.006699993299999999  33.784128286733726
0.00670554885  34.033822933243464
0.0067111044  34.9021190877679
0.0067166599499999995  57.94983303231651
0.0067222155  56.65513007437963
0.006727771049999999  56.77612659284361
0.0067333266  56.8659528979729
0.006738882149999999  57.15170389968003
0.0067444377  33.649818566475886
0.00674999325  33.72099785026658
0.0067555487999999995  33.187504668020814
0.00676110435  32.87682304302073
0.006766659899999999  32.82034579022472
0.00677221545  31.069606146900128
0.006777770999999999  54.995037957090794
0.00678332655  54.74590359986574
0.0067888821  54.63484064019256
0.0067944376499999995  54.4056015816813
0.0067999932  54.3795762292851
0.006805548749999999  54.325693724623314
0.0068111043  29.91694853289572
0.006816659849999999  29.697390611013123
0.0068222154  29.075153692103996
0.00682777095  27.749920837217363
0.0068333264999999995  27.511951203744694
0.00683888205  27.203809675763885
0.006844437599999999  26.916169941790276
0.00684999315  26.82655133966587
0.006855548699999999  50.304668667018014
0.00686110425  50.00465174248464
0.006866659799999999  49.75096438574548
0.0068722153499999996  49.347818237521246
0.0068777709  48.42622213054691
0.0068833264499999994  22.206819209774473
0.006888882  21.83494709899985
0.006894437549999999  21.6187956452694
0.0068999931  21.509453081090662
0.006905548649999999  21.348238848256614
0.0069111042  21.437328165174073
0.00691665975  45.17458476336536
0.0069222152999999995  44.82586762553266
0.00692777085  44.467305202872254
0.006933326399999999  43.96692071888772
0.00693888195  42.04723604443611
0.006944437499999999  18.142963171113827
0.00694999305  17.956022573834556
0.0069555486  17.777168516422183
0.0069611041499999995  17.529349520868585
0.0069666597  17.24720634625971
0.006972215249999999  16.85937841387861
0.0069777708  16.396115124598133
0.006983326349999999  15.95094791525575
0.0069888819  15.007953458338703
0.00699443745  37.31977158218341
0.0069999929999999995  36.97310247761599
0.00700554855  36.588813538180545
0.007011104099999999  36.20659735063945
0.00701665965  35.595022603538155
0.007022215199999999  11.411641033968733
0.00702777075  11.13441883264907
0.0070333263  10.861414011012608
0.0070388818499999995  10.476897973320108
0.0070444374  9.141827692251814
0.007049992949999999  8.243314034508446
0.0070555485  31.790563283936937
0.007061104049999999  31.641329879198445
0.0070666596  31.489266086081244
0.00707221515  31.448589766927295
0.0070777706999999995  31.03754528901541
0.00708332625  7.21912238732395
0.007088881799999999  7.355084548526007
0.00709443735  7.338987991404148
0.007099992899999999  6.724264159796956
0.00710554845  5.2414472081381565
0.007111104  5.330835922422753
0.0071166595499999995  5.461044554203057
0.0071222151  5.608763588973695
0.007127770649999999  6.045882514499033
0.0071333262  29.872620445964404
0.007138881749999999  30.128061402556686
0.0071444373  30.449903082211595
0.007149992849999999  30.742706255639067
0.0071555483999999996  29.785026170754957
0.00716110395  5.877309324306625
0.0071666594999999994  6.273501492869663
0.00717221505  6.53510728228385
0.007177770599999999  7.0862650553047795
0.00718332615  7.564143951488543
0.007188881699999999  8.164044299570808
0.00719443725  31.629024379536602
0.0071999928  31.778954549728333
0.0072055483499999995  32.08964038349028
0.0072111039  31.427713076468713
0.007216659449999999  30.926393312847853
0.007222215  11.671361316316348
0.007227770549999999  8.470266962764597
0.0072333261  9.129662537965736
0.00723888165  9.675755669640187
0.0072444371999999995  9.871311591371732
0.00724999275  10.207037197614278
0.007255548299999999  10.638182170811193
0.00726110385  11.038025412532695
0.007266659399999999  11.129622098280386
0.00727221495  14.722212696606062
0.0072777705  32.954088401661565
0.0072833260499999995  33.023067431988046
0.0072888816  33.18066931112639
0.007294437149999999  33.04692238011073
0.0072999927  10.817141140905516
0.007305548249999999  10.932908741817256
0.0073111038  11.155683761699354
0.00731665935  11.32343949358348
0.0073222148999999995  11.302563205396945
0.00732777045  9.593504201611333
0.007333325999999999  31.167199716816853
0.00733888155  31.090985925704764
0.007344437099999999  31.129253003866673
0.00734999265  30.88271041989167
0.0073555482  30.43595685705915
0.0073611037499999995  14.20761881197692
0.0073666593  9.002666677442908
0.007372214849999999  8.92760322466251
0.0073777704  8.217337489611715
0.007383325949999999  6.9228230099816805
0.0073888815  6.825123416456057
0.007394437049999999  6.674708543403478
0.0073999925999999995  6.6108217208214155
0.00740554815  6.28102238301654
0.007411103699999999  11.67835437680875
0.00741665925  27.0623686935718
0.007422214799999999  26.928285300351302
0.00742777035  26.675668264369424
0.007433325899999999  26.53048934568712
0.0074388814499999996  3.3333009166471523
0.007444437  3.2442831257555684
0.0074499925499999994  3.106958417406113
0.0074555481  2.9828522089084686
0.007461103649999999  2.889477028081091
0.0074666592  3.048146041994663
0.007472214749999999  23.54435783740886
0.0074777703  23.40298976765789
0.00748332585  23.031847236166357
0.0074888813999999995  22.359615884611355
0.00749443695  6.036943017569731
0.007499992499999999  5.8691256694950535
0.00750554805  -0.19301222832781784
0.007511103599999999  -0.2771312219348073
0.00751665915  -0.3862085747113787
0.0075222147  -0.5628093249929342
0.0075277702499999995  -0.7971313311359519
0.0075333258  -1.0148698457449414
0.007538881349999999  -1.196563182917937
0.0075444369  3.9889498143516002
0.007549992449999999  2.3114834081899103
0.007555548  15.511369203188197
0.00756110355  15.166326632545626
0.0075666590999999995  14.764961472073479
0.00757221465  13.781265397195073
0.007577770199999999  -5.5724897934569935
0.00758332575  -5.860461646566146
0.007588881299999999  -5.99777830733384
0.00759443685  -6.127357856518439
0.0075999924  -6.989625485260064
0.0076055479499999995  -8.309486595977143
0.0076111035  9.949878092628154
0.007616659049999999  9.656886995460285
0.0076222146  9.400032407457404
0.007627770149999999  9.246677434966552
0.0076333257  -2.8675007287339476
0.007638881249999999  -2.748798900915057
0.0076444367999999995  -8.768126833904288
0.00764999235  -8.9679919341358
0.007655547899999999  -9.453020637821805
0.00766110345  -11.10836015941
0.007666658999999999  -11.037333230783437
0.00767221455  -11.037618635269375
0.007677770099999999  -10.816215376068813
0.0076833256499999995  -4.470763436545089
0.0076888812  -4.214130459328203
0.007694436749999999  -3.4980235201894407
0.0076999923  7.370243409009493
0.007705547849999999  7.440777651031285
0.0077111034  6.5308807368527235
0.007716658949999999  -11.144320668016528
0.0077222144999999996  -10.889765048894233
0.00772777005  -10.523926572217261
0.007733325599999999  -10.243353961840494
0.00773888115  -10.014573934230205
0.007744436699999999  -9.781246253470908
0.00774999225  6.1723625743719595
0.007755547799999999  6.371672282768687
0.00776110335  6.376395802165963
0.0077666589  6.1592520017692305
0.0077722144499999994  -4.779852449668483
0.00777777  -4.460644713644179
0.007783325549999999  -10.147878392134771
0.0077888811  -9.86521135440354
0.007794436649999999  -9.45567053482362
0.0077999922  -9.286234991120601
0.00780554775  -9.131717034621841
0.0078111032999999995  -8.90362915617763
0.00781665885  -8.719107376647734
0.0078222144  -1.8574305515850473
0.007827769949999999  -4.299267235860722
0.0078333255  -4.115248502799755
0.00783888105  3.5514899400535525
0.007844436599999999  3.2269457970897015
0.00784999215  2.847024935854803
0.0078555477  -10.626268262715222
0.00786110325  -10.660894410837606
0.007866658799999999  -10.659353172625847
0.00787221435  -10.77907930796722
0.0078777699  -10.317495867237737
0.007883325449999999  -12.234097211933017
0.007888881  -12.15236656455754
0.00789443655  0.3360016408823731
0.0078999921  -0.057756604162788105
0.007905547649999999  -0.6259830566698121
0.0079111032  -7.885568625775384
0.00791665875  -7.960495663411724
0.0079222143  -8.259022079592407
0.00792776985  -13.93189471896079
0.0079333254  -14.070871752827877
0.00793888095  -15.587931901974803
0.007944436499999999  -15.76747190864173
0.00794999205  -16.011048328700223
0.0079555476  -16.187154702425495
0.00796110315  -11.096043894400683
0.0079666587  -11.388735310147215
0.00797221425  -11.614564666537918
0.0079777698  -5.719792101654591
0.007983325349999999  -6.266678350206071
0.0079888809  -6.243511534232104
0.00799443645  -19.13450345592396
0.007999992  -19.406150870561547
0.00800554755  -19.610748559119052
0.0080111031  -20.0213042982606
0.00801665865  -20.298336289310313
0.008022214199999999  -20.3603061349304
0.00802776975  -20.463436162834792
0.0080333253  -10.26809423198333
0.00803888085  -10.961852305296553
0.008044436399999999  -16.943240709500547
0.00804999195  -18.249008121408007
0.0080555475  -18.534787144473107
0.008061103049999999  -18.83790260965279
0.0080666586  -23.145560527550323
0.00807221415  -23.45623432385718
0.0080777697  -23.904170751849747
0.008083325249999999  -24.13391798101023
0.0080888808  -24.416408915696444
0.00809443635  -24.7099845875461
0.008099991899999999  -21.838406560574455
0.00810554745  -22.51371932379175
0.008111103  -22.96656781167381
0.00811665855  -18.029449114122414
0.008122214099999999  -18.511878238211057
0.00812776965  -19.329394812183043
0.0081333252  -28.263264233760452
0.008138880749999999  -28.517206313272226
0.0081444363  -28.771603707576627
0.00814999185  -29.041203741614737
0.0081555474  -29.367794584339872
0.008161102949999999  -29.79381613851934
0.0081666585  -29.98778469911723
0.00817221405  -22.201882824499176
0.008177769599999999  -22.57367875828461
0.00818332515  -28.129550592734926
0.0081888807  -28.59607747246865
0.00819443625  -29.059532848716337
0.008199991799999999  -29.46324161272142
0.00820554735  -32.15505316225148
0.0082111029  -32.641083312666474
0.008216658449999999  -32.771031467842555
0.008222214  -32.98336001794771
0.00822776955  -33.1161714162364
0.0082333251  -33.24040926837523
0.008238880649999999  -31.695244997853056
0.0082444362  -32.0545939426669
0.00824999175  -32.26728078057703
0.008255547299999999  -32.614346094249164
0.00826110285  -28.087759133727285
0.0082666584  -29.161665030936494
0.00827221395  -35.20536494759561
0.008277769499999999  -35.3207835546398
0.00828332505  -35.437635712937826
0.0082888806  -35.478340850593405
0.008294436149999999  -35.32291502351203
0.0082999917  -35.32406623637006
0.00830554725  -34.958590714093695
0.0083111028  -29.63039780570453
0.008316658349999999  -30.268290577260842
0.0083222139  -35.47297507056629
0.00832776945  -35.691917867226564
0.008333324999999999  -36.08046091777269
0.00833888055  -36.314452157517216
0.0083444361  -36.488568462231946
0.00834999165  -36.61706584556629
0.008355547199999999  -36.72975258887613
0.00836110275  -36.91570189322319
0.0083666583  -37.10693968833673
0.008372213849999999  -37.19513183111828
0.0083777694  -37.530595663666105
0.00838332495  -38.241505025391376
0.0083888805  -38.610261645130755
0.008394436049999999  -38.9516100173274
0.0083999916  -34.94510552852061
0.00840554715  -38.53328595573378
0.008411102699999999  -38.75634915656813
0.00841665825  -39.025227717946315
0.0084222138  -39.25625437718909
0.00842776935  -39.2525268263019
0.008433324899999999  -39.13928865941341
0.00843888045  -39.72967653822121
0.008444436  -39.82437144805218
0.008449991549999999  -37.51304845736113
0.0084555471  -42.02707233445828
0.00846110265  -42.34091947342281
0.0084666582  -42.83463004138099
0.008472213749999999  -43.47557057837808
0.0084777693  -43.87898372034956
0.00848332485  -42.104254277024474
0.008488880399999999  -42.14693363716315
0.00849443595  -42.44591316786057
0.0084999915  -42.694593575741074
0.00850554705  -42.92356121166942
0.008511102599999999  -43.07687117000022
0.00851665815  -45.932300621313956
0.0085222137  -46.26043326945948
0.00852776925  -46.57784216711967
0.008533324799999999  -46.84578304788216
0.00853888035  -43.209839044661166
0.0085444359  -43.99500026605105
0.008549991449999999  -44.20820125279794
0.008555547  -44.225167574624
0.00856110255  -44.40552072635021
0.0085666581  -44.695333574295475
0.008572213649999999  -44.8235147929241
0.0085777692  -44.97522998404816
0.00858332475  -45.08153891264099
0.008588880299999999  -45.23160483109896
0.00859443585  -49.546209198831484
0.0085999914  -49.74793182951749
0.00860554695  -49.69893042039417
0.008611102499999999  -49.89235539581302
0.00861665805  -50.12356423744708
0.0086222136  -45.624853463434256
0.008627769149999999  -45.64236726681235
0.0086333247  -45.562190144582914
0.00863888025  -45.51531243722072
0.0086444358  -45.49835249999862
0.008649991349999999  -45.71918126849747
0.0086555469  -51.54019249159567
0.00866110245  -50.649313235999145
0.008666657999999999  -50.87500172690031
0.00867221355  -51.13547030030171
0.0086777691  -51.23453594981893
0.00868332465  -45.46135908610455
0.008688880199999999  -45.47897599717815
0.00869443575  -45.499363934323554
0.0086999913  -45.55227153245897
0.008705546849999999  -45.63892137691095
0.0087111024  -45.804991142885505
0.00871665795  -44.719104026157375
0.0087222135  -44.82472829543045
0.008727769049999999  -45.031666739574725
0.0087333246  -52.065523483804405
0.00873888015  -52.44337610402526
0.008744435699999999  -52.88653657182582
0.00874999125  -53.17314661548937
0.0087555468  -53.48603766535589
0.00876110235  -46.35223101020905
0.008766657899999999  -46.85992117311538
0.00877221345  -45.506334666056475
0.008777769  -45.78513197201495
0.008783324549999999  -46.11936935753905
0.0087888801  -46.32093999678162
0.00879443565  -54.58832882390078
0.0087999912  -55.05297164643964
0.008805546749999999  -55.41633493516683
0.0088111023  -55.86580424986274
0.00881665785  -56.29962737074629
0.008822213399999999  -48.56750942263636
0.00882776895  -46.869794707588326
0.0088333245  -47.26342065799338
0.00883888005  -47.687713757395024
0.008844435599999999  -48.04263976913104
0.00884999115  -48.4125316544205
0.0088555467  -48.75369971759769
0.008861102249999999  -49.04715068966957
0.0088666578  -49.11039930812818
0.00887221335  -59.0278025305856
0.0088777689  -59.43729309138699
0.008883324449999999  -58.40611523654255
0.00888888  -58.95173042698441
0.00889443555  -59.21594544478347
0.008899991099999999  -49.155972088352684
0.00890554665  -49.43132327197764
0.0089111022  -49.673757616526174
0.00891665775  -49.76859400165293
0.008922213299999999  -50.03322145359718
0.00892776885  -50.50342169229508
0.0089333244  -61.7477811784908
0.008938879949999999  -61.172812789143336
0.0089444355  -61.79718997382147
0.00894999105  -62.2216891113642
0.0089555466  -59.00119102072582
0.008961102149999999  -51.591856666567
0.0089666577  -51.96204812799067
0.00897221325  -52.2315119815299
0.008977768799999999  -52.3314749989049
0.00898332435  -52.58978856807284
0.0089888799  -52.99492002080399
0.00899443545  -52.01946981852267
0.008999990999999999  -52.29917302224702
0.00900554655  -60.935807585218214
0.0090111021  -65.37380149653531
0.009016657649999999  -65.88219846595874
0.0090222132  -66.24491128248621
0.00902776875  -66.3836217126509
0.0090333243  -66.5346739174955
0.009038879849999999  -54.120639875892344
0.0090444354  -54.512240862613396
0.00904999095  -53.51890318373018
0.009055546499999999  -53.666716547778265
0.009061102049999999  -53.71676580174688
0.0090666576  -54.160255433485595
0.00907221315  -67.73632741335096
0.009077768699999999  -67.94643325548385
0.00908332425  -68.0692617717355
0.0090888798  -68.33067026127017
0.00909443535  -64.03026240546447
0.009099990899999999  -55.06058052695623
0.00910554645  -53.60277215860021
0.009111102  -53.455005456649126
0.009116657549999999  -53.4539563975441
0.0091222131  -53.48467955265285
0.00912776865  -53.54032536992954
0.0091333242  -53.78127166900885
0.009138879749999999  -54.01935622269571
0.0091444353  -64.15516025713724
0.00914999085  -64.51765575555434
0.009155546399999999  -69.62791788304605
0.00916110195  -68.04372769397749
0.0091666575  -68.24970170647092
0.00917221305  -68.43166161506112
0.009177768599999999  -53.658726811857086
0.00918332415  -53.911281044717796
0.0091888797  -54.0194136729916
0.009194435249999999  -54.031008775780194
0.0091999908  -54.04878163289982
0.00920554635  -54.039867033731994
0.0092111019  -70.42299997305363
0.009216657449999999  -67.91122151016074
0.009222213  -68.08392759546771
0.00922776855  -68.21057160771338
0.009233324099999999  -63.56389146200973
0.00923887965  -63.693709056684135
0.0092444352  -52.53764366295004
0.00924999075  -52.58365751126022
0.009255546299999999  -52.63193764063605
0.00926110185  -52.70664481933178
0.0092666574  -52.86152976774671
0.009272212949999999  -50.55376047837806
0.0092777685  -50.811124345322696
0.00928332405  -63.13160292596272
0.0092888796  -63.321547405265974
0.009294435149999999  -68.30984244957887
0.0092999907  -68.64839355555765
0.00930554625  -69.094093715513
0.009311101799999999  -69.22021875405088
0.00931665735  -52.23260587243141
0.0093222129  -53.315765275491145
0.00932776845  -50.560690808040164
0.009333323999999999  -50.992855170495595
0.00933887955  -51.35968194189968
0.0093444351  -51.762003444695296
0.009349990649999999  -70.06937941981865
0.0093555462  -70.68378366710961
0.00936110175  -71.04222918047118
0.0093666573  -67.23764184249694
0.009372212849999999  -68.02026707362337
0.0093777684  -69.401299810485
0.00938332395  -52.847901639846036
0.009388879499999999  -53.29198841324576
0.00939443505  -53.752300864352904
0.0093999906  -54.007038353683015
0.00940554615  -54.454545599054654
0.009411101699999999  -54.82208521919811
0.00941665725  -55.36029046745327
0.0094222128  -70.61088504318278
0.009427768349999999  -70.65405623318483
0.0094333239  -75.16397202560877
0.00943887945  -73.46455895828292
0.009444435  -74.01986483052283
0.009449990549999999  -74.30356715159823
0.0094555461  -55.698742013042114
0.00946110165  -56.01818848763141
0.009466657199999999  -56.39883763698182
0.00947221275  -56.34797763868818
0.0094777683  -56.688341159676646
0.00948332385  -57.212070899228735
0.009488879399999999  -77.04845592640737
0.00949443495  -75.95737035352028
0.0094999905  -76.2510404183495
0.009505546049999999  -73.46236091347261
0.0095111016  -73.92235209727768
0.00951665715  -73.92950169016726
0.0095222127  -58.089116595045546
0.009527768249999999  -58.47513774141164
0.0095333238  -58.552787705520416
0.00953887935  -58.78623893633273
0.009544434899999999  -59.34289311751788
0.00954999045  -57.68598422202467
0.009555546  -58.12476328809957
0.00956110155  -75.20946350774001
0.009566657099999999  -75.36413394935336
0.00957221265  -75.80601162211475
0.0095777682  -78.91283462501501
0.009583323749999999  -78.30027322562371
0.009588879299999999  -58.71193774517486
0.00959443485  -59.06053142417005
0.0095999904  -59.47767825058305
0.009605545949999999  -58.31742612657678
0.0096111015  -58.419363990637166
0.00961665705  -58.40419413220282
0.009622212599999999  -58.71973273963268
0.009627768149999999  -78.90410962330655
0.0096333237  -78.71738447630624
0.00963887925  -78.63433662963749
0.009644434799999999  -76.21183739236518
0.00964999035  -76.25855288524056
0.0096555459  -76.38081477644215
0.00966110145  -56.988918398009275
0.009666656999999999  -56.98948863862659
0.00967221255  -57.00142462700952
0.0096777681  -56.9682626171651
0.009683323649999999  -57.04393224110844
0.0096888792  -57.11026422072784
0.00969443475  -75.33513488437282
0.0096999903  -75.6126420902924
0.009705545849999999  -75.99501431838968
0.0097111014  -76.72389203586303
0.00971665695  -76.51789581198697
0.009722212499999999  -76.33219887195595
0.00972776805  -56.20204290668778
0.0097333236  -56.410431190898265
0.00973887915  -56.78684681928242
0.009744434699999999  -57.04014223516874
0.00974999025  -57.16833223864668
0.0097555458  -57.197353819185835
0.009761101349999999  -57.44105949280487
0.0097666569  -78.31636493775248
0.00977221245  -75.42629609420477
0.009777768  -75.31936371066062
0.009783323549999999  -73.66705498990194
0.0097888791  -73.85500417687457
0.00979443465  -73.78102078417513
0.009799990199999999  -54.1163535220302
0.00980554575  -53.72486859010563
0.0098111013  -53.41667218530295
0.00981665685  -53.28836578995357
0.009822212399999999  -52.96144097358558
0.00982776795  -50.80298590428195
0.0098333235  -71.13351458640821
0.009838879049999999  -71.2604465294073
0.0098444346  -71.44632322467136
0.00984999015  -71.87745662815075
0.0098555457  -73.12327857533101
0.009861101249999999  -73.25480202962787
0.0098666568  -52.27701062586827
0.00987221235  -52.442928081853026
0.009877767899999999  -52.63215357086422
0.00988332345  -50.265777435499416
0.009888879  -50.63920646500867
0.00989443455  -50.86568221868195
0.009899990099999999  -51.17434049675311
0.00990554565  -72.70340116062624
0.0099111012  -73.11653409757314
0.009916656749999999  -73.65775861668867
0.0099222123  -74.43851005443395
0.00992776785  -75.20283265170042
0.0099333234  -75.54289021520576
0.009938878949999999  -51.97437012950012
0.0099444345  -52.45245342513151
0.00994999005  -52.981440500897236
0.009955545599999999  -53.70320708446072
0.00996110115  -53.94636842088424
0.0099666567  -54.48173834189748
0.00997221225  -77.19159531640203
0.009977767799999999  -78.05849013260425
0.00998332335  -78.62381025340744
0.0099888789  -78.96801654480042
0.009994434449999999  -75.64482524735823
0.00999999  -76.02089493820266
end
