t    f(t)
begin
0.0  58.9406925429854
5.55555E-6  59.041792273822594
1.11111E-5  32.7332702962381
1.6666649999999997E-5  33.10530840577148
2.22222E-5  33.682655131781836
2.777775E-5  34.07720383004499
3.3333299999999995E-5  34.167234595787576
3.8888849999999996E-5  34.55308737000054
4.44444E-5  34.904184035077556
4.999995E-5  35.754919629221995
5.55555E-5  58.940730032112
6.111105E-5  57.83787534849374
6.666659999999999E-5  58.09226495513293
7.222215E-5  58.31753070262764
7.777769999999999E-5  58.09323244184053
8.333325E-5  33.76092514563674
8.88888E-5  33.55892024416355
9.444434999999999E-5  33.6345062169737
9.99999E-5  33.29549295272
1.0555544999999999E-4  33.344862286166496
1.11111E-4  31.479880636801624
1.1666655E-4  55.38347606007102
1.222221E-4  55.3674910705264
1.2777764999999998E-4  55.350789329847856
1.3333319999999998E-4  55.294246687306156
1.3888875E-4  55.291597257799786
1.444443E-4  54.97722110649932
1.4999985E-4  30.55189678814633
1.5555539999999998E-4  30.284870324992173
1.6111094999999998E-4  29.60986491768573
1.666665E-4  28.1189786654113
1.7222205E-4  27.853033486239497
1.777776E-4  27.559380525832324
1.8333314999999998E-4  27.094548408505375
1.8888869999999998E-4  26.95490314996245
1.9444425E-4  50.52002369796785
1.999998E-4  50.43435279979378
2.0555535E-4  49.86118246812807
2.1111089999999998E-4  49.39449985152029
2.1666644999999998E-4  48.81678471860855
2.22222E-4  22.389383269875534
2.2777755E-4  22.10598966038694
2.333331E-4  21.98328552582008
2.3888864999999998E-4  21.81396382438885
2.444442E-4  21.73874958559776
2.4999975E-4  21.750386705533014
2.5555529999999997E-4  45.441177744766655
2.6111084999999996E-4  45.22337440269599
2.6666639999999996E-4  45.018568834864
2.7222195E-4  44.457954591537266
2.777775E-4  42.246479429621836
2.8333305E-4  18.242213770390958
2.888886E-4  18.04538446275398
2.9444415E-4  17.684762273535906
2.999997E-4  17.354842493486718
3.0555525E-4  17.11631932532629
3.1111079999999997E-4  16.525595432915082
3.1666634999999996E-4  16.214553429186807
3.2222189999999996E-4  16.083272656472378
3.2777745E-4  14.894050811525087
3.33333E-4  37.46333761897377
3.3888855E-4  37.07091956342688
3.444441E-4  36.5458707709968
3.4999965E-4  36.292077790489074
3.555552E-4  35.80432832039036
3.6111075E-4  11.46342615081305
3.6666629999999997E-4  11.161397943193924
3.7222184999999996E-4  10.944257397896102
3.7777739999999996E-4  10.871021426503203
3.8333294999999995E-4  9.554337036880431
3.888885E-4  8.802215653197907
3.9444405E-4  32.37835071994143
3.999996E-4  31.97990520046809
4.0555515E-4  31.92216305758232
4.111107E-4  31.808410317779188
4.1666625E-4  31.49866991174393
4.2222179999999997E-4  7.722753556871616
4.2777734999999996E-4  7.682819227422156
4.3333289999999996E-4  7.65479029991061
4.3888844999999995E-4  6.856638964536359
4.44444E-4  5.682191325724912
4.4999955E-4  5.918346190443574
4.555551E-4  6.072555251540011
4.6111065E-4  6.315526103317664
4.666662E-4  6.972266147670174
4.7222175E-4  31.001200410337134
4.7777729999999997E-4  31.25920921875769
4.8333284999999996E-4  31.680478293530378
4.888884E-4  31.997297735380943
4.9444395E-4  30.857930603628876
4.999995E-4  6.948803363666274
5.0555505E-4  7.279705124002369
5.111105999999999E-4  7.5797262383191875
5.1666615E-4  7.904495557649394
5.222216999999999E-4  8.237549304912443
5.2777725E-4  8.92406282614181
5.333327999999999E-4  32.61356295570859
5.3888835E-4  33.206021313793315
5.444439E-4  33.48830883633468
5.4999945E-4  32.894303460043915
5.55555E-4  32.376830579751086
5.611105499999999E-4  13.4640242923983
5.666661E-4  9.969296741451025
5.722216499999999E-4  10.595970389963565
5.777772E-4  10.928941551887686
5.833327499999999E-4  11.287532954803215
5.888883E-4  11.734048827249293
5.9444385E-4  12.110212720196435
5.999994E-4  12.42809871579981
6.0555495E-4  12.29971166190626
6.111105E-4  15.552928981686053
6.1666605E-4  33.69320831755151
6.222215999999999E-4  33.94100733861623
6.2777715E-4  34.24830536685533
6.333326999999999E-4  34.22360925360852
6.3888825E-4  12.103721681143334
6.444437999999999E-4  12.11886612798764
6.4999935E-4  12.224027750069691
6.555549E-4  12.426550577022713
6.6111045E-4  12.513171865139881
6.66666E-4  10.885193741682423
6.722215499999999E-4  32.39036472752082
6.777771E-4  32.00810463115708
6.833326499999999E-4  31.80052412977659
6.888882E-4  31.561399661313196
6.944437499999999E-4  31.248377642966293
6.999993E-4  15.026342176394357
7.055548499999999E-4  9.650475978733237
7.111104E-4  9.559189638011098
7.1666595E-4  8.812270863224935
7.222215E-4  7.5385155422694465
7.2777705E-4  7.270746232095297
7.333325999999999E-4  6.910299054594743
7.3888815E-4  6.781889687266456
7.444436999999999E-4  6.728541635317808
7.4999925E-4  12.476836459764355
7.555547999999999E-4  27.580476707824367
7.6111035E-4  27.38485620635814
7.666658999999999E-4  27.161407277054916
7.7222145E-4  26.934513879419974
7.77777E-4  3.870126050022783
7.833325499999999E-4  3.6746001870069542
7.888881E-4  3.4937352887631845
7.944436499999999E-4  3.508330111250787
7.999992E-4  3.506169229159714
8.055547499999999E-4  3.7612808918812917
8.111103E-4  24.065528859872785
8.166658499999999E-4  23.85163729572144
8.222214E-4  23.652012135681694
8.277769499999999E-4  22.842432838773785
8.333325E-4  6.549034190580033
8.3888805E-4  6.409414658620319
8.444435999999999E-4  0.25044446195378756
8.4999915E-4  -0.005064317591589096
8.555546999999999E-4  -0.24084817807288006
8.6111025E-4  -0.26974166630038654
8.666657999999999E-4  -0.4472403732156066
8.7222135E-4  -0.7266592298286498
8.777768999999999E-4  -0.7736163246104065
8.8333245E-4  4.202284521100113
8.88888E-4  2.762014170709967
8.944435499999999E-4  15.838030099460847
8.999991E-4  15.481328071262418
9.055546499999999E-4  15.12870947057241
9.111102E-4  14.512683811654908
9.166657499999999E-4  -5.037296132236219
9.222213E-4  -5.363961479173565
9.277768499999999E-4  -5.534224928609267
9.333324E-4  -5.590387767335105
9.388879499999999E-4  -6.501026911265901
9.444435E-4  -7.753704953793264
9.4999905E-4  10.500926601918819
9.555545999999999E-4  10.333183846560898
9.6111015E-4  10.324635148707547
9.666656999999999E-4  10.052130471980707
9.7222125E-4  -2.0136788679485274
9.777768E-4  -2.0749429728942763
9.833323499999999E-4  -7.977557110790153
9.888879E-4  -8.056318226842462
9.9444345E-4  -8.514789517274439
9.99999E-4  -10.459727882482515
0.0010055545499999998  -10.341214501097976
0.0010111101  -10.19048017703483
0.00101666565  -9.743331715384318
0.0010222211999999999  -3.308727892708346
0.00102777675  -3.097706174217616
0.0010333323  -2.687712729184098
0.00103888785  8.161058442479073
0.0010444433999999999  8.20429559675649
0.00104999895  7.180746414435659
0.0010555545  -10.211833305878208
0.0010611100499999999  -10.006598277463487
0.0010666655999999998  -9.676199568501374
0.00107222115  -9.284556386444685
0.0010777767  -8.985982422087215
0.0010833322499999999  -8.674226728608762
0.0010888878  7.25276171377208
0.00109444335  7.291024528152677
0.0010999989  7.375002497778371
0.0011055544499999998  7.286097768556323
0.00111111  -3.7160470564319463
0.00111666555  -3.308622372724548
0.0011222210999999999  -9.15731653294191
0.00112777665  -8.88925661780912
0.0011333322  -8.593042636634468
0.00113888775  -8.315267105046784
0.0011444432999999999  -8.171066507307735
0.00114999885  -8.165651032798039
0.0011555544  -7.983001355085237
0.00116110995  -1.151447990606488
0.0011666654999999998  -3.3953401610319585
0.00117222105  -3.348277153699538
0.0011777766  4.227424482413701
0.0011833321499999999  3.8568449669006135
0.0011888877  3.5128182476139553
0.00119444325  -10.070145756830318
0.0011999988  -10.046769002027698
0.0012055543499999999  -10.136235585711146
0.0012111099  -10.323861860190346
0.00121666545  -9.915399713744508
0.001222221  -11.909648106858223
0.0012277765499999998  -11.974095620784965
0.0012333321  0.6795167270541598
0.00123888765  0.3385401010343646
0.0012444431999999999  -0.2323751025828501
0.00124999875  -7.545229591795318
0.0012555543  -7.7426813250886575
0.00126110985  -8.13322619841097
0.0012666653999999999  -13.875403865927803
0.00127222095  -13.949114754399318
0.0012777765  -15.342770001067244
0.00128333205  -15.655124675195115
0.0012888875999999998  -15.8138966141964
0.00129444315  -15.958847256017263
0.0012999987  -10.815496782714913
0.0013055542499999999  -11.14282938431734
0.0013111098  -11.447126782422144
0.00131666535  -5.588611488485847
0.0013222209  -6.0720978247328805
0.0013277764499999998  -6.0193734512643315
0.001333332  -18.926425261108918
0.00133888755  -19.211658056666685
0.0013444430999999999  -19.446927219902324
0.0013499986499999998  -19.76233972727967
0.0013555542  -20.096785366531893
0.00136110975  -20.306427088772832
0.0013666652999999999  -20.30684429069633
0.00137222085  -10.2370249929976
0.0013777764  -10.79365143921233
0.00138333195  -16.935360478082192
0.0013888874999999998  -18.13649281050334
0.00139444305  -18.4516596483161
0.0013999986  -18.815866083592887
0.0014055541499999999  -23.38720712994276
0.0014111096999999998  -23.6832391345708
0.00141666525  -24.014311593710502
0.0014222208  -24.273921651574142
0.0014277763499999999  -24.580933972352707
0.0014333319  -24.82293776278506
0.00143888745  -21.877723332915547
0.001444443  -22.5611001975144
0.0014499985499999998  -23.07761535654598
0.0014555541  -18.14050479680636
0.00146110965  -18.651310377447768
0.0014666651999999999  -19.39190156886311
0.0014722207499999998  -28.308799326860953
0.0014777763  -28.54512353896232
0.00148333185  -28.79278504586452
0.0014888873999999999  -29.003058133960256
0.00149444295  -29.408232144679666
0.0014999985  -29.862839415464634
0.00150555405  -30.04020448477688
0.0015111095999999998  -22.263277004351334
0.00151666515  -22.640790272580624
0.0015222207  -28.277842258842412
0.0015277762499999999  -28.76454633447142
0.0015333317999999998  -29.106880622183866
0.00153888735  -29.410291594130676
0.0015444429  -32.01108804834309
0.0015499984499999999  -32.55578296837321
0.001555554  -32.80807426883843
0.00156110955  -32.90291436313272
0.0015666650999999999  -33.097296100089025
0.0015722206499999998  -33.24867635344463
0.0015777762  -31.806093133500084
0.00158333175  -32.20267001879744
0.0015888872999999999  -32.445699598762836
0.0015944428499999998  -32.82209202453912
0.0015999984  -28.091803853346423
0.00160555395  -29.19165936545627
0.0016111094999999998  -35.071494275981664
0.00161666505  -35.14453993294492
0.0016222206  -35.25678815219267
0.0016277761499999999  -34.995459796019475
0.0016333316999999998  -34.95875349429496
0.00163888725  -34.888524635811635
0.0016444428  -34.72453566590125
0.0016499983499999999  -29.676624353219275
0.0016555538999999998  -30.21747943548595
0.00166110945  -35.293233928194546
0.001666665  -35.76489690877934
0.0016722205499999998  -36.04244639027561
0.0016777761  -36.17618472618086
0.00168333165  -36.38892551650463
0.0016888871999999999  -36.5066717320648
0.0016944427499999998  -36.75008697392774
0.0016999983  -36.939434992245516
0.00170555385  -36.97900745561584
0.0017111093999999999  -37.16329616330368
0.0017166649499999998  -37.498734933131495
0.0017222205  -38.348191401843074
0.00172777605  -38.62357094217719
0.0017333315999999998  -38.82405521612158
0.00173888715  -35.05481822394956
0.0017444427  -38.71517068039352
0.0017499982499999999  -38.97185059587498
0.0017555537999999998  -39.12122659299281
0.00176110935  -39.17267646178314
0.0017666649  -39.31165937671012
0.0017722204499999999  -39.25428063937015
0.001777776  -39.856121877548745
0.00178333155  -39.95134193737335
0.0017888870999999999  -37.84398983658674
0.0017944426499999998  -42.235989693837716
0.0017999982  -42.60898715908792
0.00180555375  -43.242483325455
0.0018111092999999999  -43.799152840505535
0.0018166648499999998  -44.30546393205965
0.0018222204  -42.282130986142676
0.00182777595  -42.39783726025896
0.0018333314999999998  -42.70795794639505
0.00183888705  -42.93818978768149
0.0018444426  -43.06727161663803
0.0018499981499999999  -43.15339742330978
0.0018555536999999998  -46.24656153184037
0.00186110925  -46.504283031855394
0.0018666648  -46.874419018898784
0.0018722203499999999  -47.26656530547594
0.0018777758999999998  -43.55297391107871
0.00188333145  -44.180794698938136
0.001888887  -44.33763175782977
0.0018944425499999998  -44.47546704528025
0.0018999981  -44.69528301521976
0.00190555365  -44.90847885591641
0.0019111091999999999  -45.0448493071491
0.0019166647499999998  -45.19686362890541
0.0019222203  -45.30611462548789
0.00192777585  -45.389706290260165
0.0019333313999999999  -49.79625187815636
0.0019388869499999998  -50.08175833502379
0.0019444425  -49.95007180776895
0.00194999805  -50.24518149993141
0.0019555536  -50.45914407434652
0.0019611091499999998  -45.821041078053014
0.0019666646999999997  -45.84114171125735
0.00197222025  -45.711673523033575
0.0019777758  -45.731075223512114
0.00198333135  -45.84479016929913
0.0019888869  -46.03280675178586
0.00199444245  -51.93042923112299
0.001999998  -50.948799679656965
0.0020055535499999997  -51.19288322839608
0.0020111090999999997  -51.376360973459136
0.00201666465  -51.5079926437966
0.0020222202  -45.69660094188525
0.00202777575  -45.657045833511795
0.0020333313  -45.75540874763103
0.00203888685  -45.847423110556655
0.0020444423999999998  -45.960429364729244
0.0020499979499999997  -46.197769323165986
0.0020555535  -45.12431458096129
0.00206110905  -45.21429242031255
0.0020666646  -45.401385742300484
0.00207222015  -52.62745215921698
0.0020777757  -53.06517012461401
0.0020833312499999998  -53.38036127654742
0.0020888867999999997  -53.7543960689392
0.00209444235  -54.14150658488816
0.0020999979  -46.96546731843062
0.00210555345  -47.60501406578947
0.002111109  -46.19145267106042
0.00211666455  -46.31367487399092
0.0021222200999999998  -46.50881188513311
0.0021277756499999997  -46.78528204823643
0.0021333311999999997  -55.30777350689409
0.00213888675  -55.674550983713196
0.0021444423  -56.20396610354896
0.00214999785  -56.605120501930564
0.0021555534  -57.04881667237495
0.00216110895  -49.38119361017365
0.0021666644999999997  -47.834646037595505
0.0021722200499999997  -48.16602914900283
0.0021777756  -48.465765373515175
0.00218333115  -48.85768766656744
0.0021888867  -49.14502858017522
0.00219444225  -49.44508797851295
0.0021999978  -49.278495630380604
0.0022055533499999998  -49.57551142965603
0.0022111088999999997  -59.63273284036635
0.00221666445  -60.164067147953574
0.00222222  -59.278596412754084
0.00222777555  -59.62523866262837
0.0022333311  -59.87718601420532
0.00223888665  -49.853002212790045
0.0022444421999999998  -50.03738818384452
0.0022499977499999997  -50.20599702653018
0.0022555533  -50.487571556367236
0.00226110885  -50.84718211345525
0.0022666644  -51.27859310858024
0.00227221995  -62.64959084542713
0.0022777755  -62.078102459660926
0.00228333105  -62.580153085938115
0.0022888865999999997  -63.02757447584524
0.0022944421499999997  -59.87812250960132
0.0022999977  -52.425766324933214
0.00230555325  -52.56156740099622
0.0023111088  -52.750048137134755
0.00231666435  -53.12230641621007
0.0023222199  -53.37284645032232
0.0023277754499999997  -53.72721209079834
0.0023333309999999997  -52.85861435371071
0.00233888655  -53.17167772549913
0.0023444421  -61.87490427171495
0.00234999765  -66.27916303632817
0.0023555532  -66.54944633035346
0.00236110875  -66.53466388631414
0.0023666642999999998  -67.10634110204681
0.0023722198499999997  -67.45034930525811
0.0023777754  -54.94505055706053
0.00238333095  -55.37339638388398
0.0023888865  -54.165080686555825
0.00239444205  -54.29252235998465
0.0023999976  -54.574042359028454
0.0024055531499999998  -54.86441637327884
0.0024111086999999997  -68.36972485171133
0.0024166642499999997  -68.65710049526011
0.0024222198  -68.81948925396266
0.00242777535  -69.0806962504418
0.0024333309  -64.76287125464886
0.00243888645  -55.49197987776681
0.002444442  -53.96067052846846
0.0024499975499999997  -53.99372687315613
0.0024555530999999997  -54.0972868698495
0.00246110865  -54.09177607790778
0.0024666642  -54.207295155060805
0.00247221975  -54.412091393997635
0.0024777753  -54.69698486099257
0.00248333085  -64.91974484914897
0.0024888863999999998  -65.2268092934681
0.0024944419499999997  -70.30748778208314
0.0024999975  -68.71737669465607
0.00250555305  -69.00692394754421
0.0025111086  -69.18564011579167
0.00251666415  -54.32692846377234
0.0025222197  -54.488959546942446
0.0025277752499999998  -54.484510876602535
0.0025333307999999997  -54.634339625078624
0.0025388863499999996  -54.62271365691358
0.0025444419  -54.52562595963423
0.00254999745  -71.1041869307422
0.002555553  -68.48351951508327
0.00256110855  -68.69000054223568
0.0025666641  -68.70199062997463
0.0025722196499999997  -64.37045613674235
0.0025777751999999997  -64.62917348839181
0.00258333075  -53.2243807772394
0.0025888863  -53.31340207828727
0.00259444185  -53.391171326466946
0.0025999974  -53.39103382462368
0.00260555295  -53.61261054917538
0.0026111084999999997  -51.28029261591299
0.0026166640499999997  -51.40285209470548
0.0026222196  -63.82380192534041
0.00262777515  -64.20126065109542
0.0026333307  -69.30155860942295
0.00263888625  -69.70726863093064
0.0026444418  -70.09647240984249
0.0026499973499999998  -70.41720778684302
0.0026555528999999997  -53.41556758617388
0.0026611084499999996  -54.395632383756464
0.002666664  -51.656087360840644
0.00267221955  -52.0922419853823
0.0026777751  -52.35935303561337
0.00268333065  -52.85921620181202
0.0026888861999999998  -71.13257913665527
0.0026944417499999997  -71.62326444326409
0.0026999972999999997  -72.09914894111343
0.00270555285  -68.72473759440226
0.0027111084  -69.17782406398833
0.00271666395  -70.67158882455675
0.0027222195  -54.04067687795907
0.00272777505  -54.226305145887736
0.0027333305999999997  -54.736317278848915
0.0027388861499999997  -55.181344321578436
0.0027444417  -55.591101766662646
0.00274999725  -55.94700369518365
0.0027555528  -55.8121770598926
0.00276110835  -71.12000966718183
0.0027666639  -71.61958880882172
0.0027722194499999997  -110.13979128845482
0.0027777749999999997  -74.83450560801654
0.0027833305499999996  -75.03389784850505
0.0027888861  -56.59722211807804
0.00279444165  -57.09298498396774
0.0027999972  -57.17119841218481
0.00280555275  -57.25076400133652
0.0028111082999999998  -57.402042063783284
0.0028166638499999997  -57.90219421749546
0.0028222193999999996  -77.61747667778559
0.00282777495  -76.42477685829083
0.0028333305  -76.73802099299186
0.00283888605  -74.01483595497787
0.0028444416  -74.18069685451786
0.0028499971499999998  -74.5400019328744
0.0028555526999999997  -58.847008347862605
0.0028611082499999997  -58.968129015086426
0.0028666638  -59.26583375032727
0.00287221935  -59.56245491083579
0.0028777749  -60.02681081179083
0.00288333045  -58.56855840381847
0.002888886  -58.92108951383719
0.0028944415499999997  -75.85065151428626
0.0028999970999999997  -76.00251555497346
0.00290555265  -76.3691398306995
0.0029111082  -79.12198446598427
0.00291666375  -78.92403818339027
0.0029222193  -59.37318959665721
0.00292777485  -59.59763167766509
0.0029333303999999998  -60.101941339592564
0.0029388859499999997  -59.087078085529846
0.0029444414999999996  -58.96393905913326
0.00294999705  -59.182013986528034
0.0029555526  -59.51090477095281
0.00296110815  -79.50659037015649
0.0029666637  -79.24768911711332
0.0029722192499999998  -79.30068981834182
0.0029777747999999997  -76.90781643773224
0.0029833303499999997  -76.967520011245
0.0029888859  -77.0809751885094
0.00299444145  -57.75287277416179
0.002999997  -57.65077774763902
0.00300555255  -57.50764702996977
0.0030111081  -57.46145817346991
0.0030166636499999997  -57.58258924883558
0.0030222191999999997  -57.97163018765379
0.00302777475  -76.12570648111515
0.0030333303  -76.26998029637718
0.00303888585  -76.40249701011668
0.0030444414  -76.86704417906257
0.00304999695  -76.88160102543745
0.0030555524999999997  -76.91887778560127
0.0030611080499999997  -57.23842197892271
0.0030666635999999996  -57.49062893750648
0.00307221915  -57.82886776252508
0.0030777747  -57.87522766292241
0.00308333025  -57.97423852157826
0.0030888858  -58.10672995229553
0.0030944413499999998  -58.33451539624642
0.0030999968999999997  -78.99142771746928
0.0031055524499999996  -76.3105480831334
0.003111108  -75.94593006701747
0.00311666355  -74.59135564892705
0.0031222191  -74.7662320520862
0.00312777465  -74.53464087720424
0.0031333301999999998  -55.165083518119324
0.0031388857499999997  -54.98968041353718
0.0031444412999999997  -54.67829215880109
0.00314999685  -54.48167096084178
0.0031555524  -54.23521187683787
0.00316110795  -51.79668022295865
0.0031666635  -71.86638417303747
0.00317221905  -72.08918980660464
0.0031777745999999997  -72.49256365391564
0.0031833301499999997  -72.98222590640843
0.0031888856999999996  -73.90240934569316
0.00319444125  -73.84539784370509
0.0031999968  -53.14789875259034
0.00320555235  -53.48162083929047
0.0032111079  -53.61807673852871
0.0032166634499999998  -51.23634647344988
0.0032222189999999997  -51.5828537104844
0.0032277745499999996  -51.72133044382838
0.0032333301  -52.423179778147286
0.00323888565  -73.65592699891505
0.0032444412  -74.1154539542019
0.00324999675  -74.70719636866984
0.0032555522999999998  -75.4006317238307
0.0032611078499999997  -76.10469240284323
0.0032666633999999996  -76.52455500552603
0.00327221895  -53.237064768463036
0.0032777745  -53.84661922684934
0.00328333005  -54.43713313394157
0.0032888856  -54.7754068713123
0.00329444115  -55.01283889478348
0.0032999966999999997  -55.70634645343635
0.0033055522499999997  -78.65244717653177
0.0033111077999999996  -79.14551603771548
0.00331666335  -79.57811128023245
0.0033222189  -79.75112897556765
0.00332777445  -76.70656507259693
0.00333333  -76.80127657137206
0.0033388855499999997  -56.30792146916961
0.0033444410999999997  -56.56368667101901
0.0033499966499999996  -57.01558617893147
0.0033555522  -57.070916503625675
0.00336110775  -57.31091157206741
0.0033666633  -57.67430946648492
0.00337221885  -58.05964981092896
0.0033777743999999998  -58.6098517602567
0.0033833299499999997  -77.53865009710373
0.0033888854999999996  -80.52286039315761
0.00339444105  -80.73369469830156
0.0033999966  -80.78839372655433
0.00340555215  -81.20167565515501
0.0034111077  -58.782592352607416
0.0034166632499999998  -59.11157062785026
0.0034222187999999997  -58.96774854790591
0.0034277743499999997  -58.80877267054385
0.0034333298999999996  -58.96419271741662
0.00343888545  -58.02407856082435
0.003444441  -81.38692266472164
0.00344999655  -81.64490080012438
0.0034555521  -81.70546554516571
0.0034611076499999997  -81.66917917872004
0.0034666631999999997  -81.90243435416451
0.0034722187499999996  -78.51600357012079
0.0034777743  -58.902582221981035
0.00348332985  -59.01611449002626
0.0034888854  -58.32300070266052
0.00349444095  -57.43268611485856
0.0034999964999999997  -57.49480552065743
0.0035055520499999997  -57.4611960855834
0.0035111075999999996  -57.27959694024074
0.00351666315  -57.52136370071124
0.0035222187  -77.38763651169751
0.00352777425  -81.57144772514965
0.0035333298  -81.51667821167456
0.0035388853499999998  -81.42617456575573
0.0035444408999999997  -80.75672885943364
0.0035499964499999996  -55.40402628675003
0.003555552  -55.361246007895225
0.00356110755  -55.36197898631659
0.0035666631  -55.510304558302025
0.00357221865  -55.61852508478304
0.0035777741999999998  -56.073144218912994
0.0035833297499999997  -80.57794217142819
0.0035888852999999997  -80.84190249125751
0.0035944408499999996  -80.76860077120406
0.0035999964  -80.81182289346343
0.00360555195  -79.0002913307545
0.0036111075  -54.930762595665705
0.00361666305  -55.143308385868956
0.0036222185999999997  -55.385173850694635
0.0036277741499999997  -55.54238582418071
0.0036333296999999996  -55.674051102839414
0.00363888525  -55.57674836336826
0.0036444408  -55.25097607160339
0.00364999635  -55.23797849835834
0.0036555519  -55.000928108154845
0.0036611074499999998  -77.82195198638712
0.0036666629999999997  -77.79362218494713
0.0036722185499999996  -77.75435868531373
0.0036777741  -77.72791637405949
0.00368332965  -77.4846587423912
0.0036888852  -51.7718977964977
0.00369444075  -51.59682421757793
0.0036999962999999998  -51.76366690877868
0.0037055518499999997  -51.75085027922764
0.0037111073999999997  -50.769844123513266
0.0037166629499999996  -48.963053407955
0.0037222185  -74.65062429662387
0.00372777405  -74.6854745293919
0.0037333296  -74.90282408685133
0.00373888515  -75.35035357522325
0.0037444406999999997  -75.57680480539877
0.0037499962499999997  -49.84894430713886
0.0037555517999999996  -50.20055583458105
0.00376110735  -50.583766269419485
0.0037666629  -50.489997082386786
0.00377221845  -48.20669206161391
0.003777774  -48.738247509939384
0.0037833295499999997  -48.80250143129053
0.0037888850999999997  -49.40154677040652
0.0037944406499999996  -50.00872407868424
0.0037999962  -77.17153233883684
0.00380555175  -77.91303208404679
0.0038111073  -79.10543723784335
0.00381666285  -79.97352884096611
0.0038222183999999998  -80.02974431131142
0.0038277739499999997  -50.98231921451199
0.0038333294999999996  -51.74060471800172
0.0038388850499999996  -52.34569062794092
0.0038444406  -53.08440218408229
0.00384999615  -53.716933894271556
0.0038555517  -54.7380529984307
0.0038611072499999998  -82.6829893206835
0.0038666627999999997  -82.73699037766575
0.0038722183499999997  -83.55778932237244
0.0038777738999999996  -83.47620144992499
0.00388332945  -81.9720109103513
0.003888885  -64.8031396510866
0.00389444055  -55.35954880124195
0.0038999961  -55.950084747095126
0.0039055516499999997  -56.756456010763124
0.0039111072  -57.01867512471434
0.00391666275  -57.25182323910223
0.0039222182999999996  -57.8273087524971
0.00392777385  -58.3676520637781
0.0039333293999999994  -58.781177316659644
0.00393888495  -68.47481756436429
0.0039444405  -86.29552257662836
0.00394999605  -87.04570434805316
0.0039555516  -87.70047224647358
0.00396110715  -87.88465230630487
0.0039666627  -59.550088061878185
0.0039722182499999995  -59.813502763359736
0.0039777738  -60.38371712025247
0.00398332935  -60.852385287195546
0.0039888849  -60.781684604301674
0.00399444045  -58.34484227653979
0.003999996  -86.64248373442805
0.00400555155  -86.98864534673804
0.0040111070999999995  -87.00726882421516
0.00401666265  -86.58101580239787
0.004022218199999999  -86.40751440237356
0.00402777375  -70.64405017969061
0.0040333293  -58.52290107621187
0.00403888485  -58.927390868256154
0.0040444404  -58.925397699822184
0.0040499959499999995  -56.97736713574088
0.0040555515  -56.83116961073272
0.004061107049999999  -57.15375019782919
0.0040666626  -57.20283488472608
0.00407221815  -57.23769829099596
0.0040777737  -70.3780455878823
0.00408332925  -86.1429684936963
0.0040888847999999995  -86.22008204381366
0.00409444035  -86.15918399035347
0.004099995899999999  -86.24878046749694
0.00410555145  -54.56329831885445
0.004111107  -54.48247207897309
0.00411666255  -54.44631562200257
0.0041222181  -54.4711424981947
0.0041277736499999995  -54.48914975549842
0.0041333292  -54.89220133203444
0.004138884749999999  -84.10498510479852
0.0041444403  -84.55298831161416
0.00414999585  -84.71907003520215
0.0041555514  -84.80303413764827
0.00416110695  -67.02278262743738
0.0041666624999999995  -67.30526464617785
0.00417221805  -53.38540413078567
0.004177773599999999  -53.7369882671817
0.00418332915  -54.03529863270865
0.0041888847  -54.274409382316456
0.00419444025  -54.30760531278636
0.0041999958  -54.338251509398006
0.0042055513499999995  -54.45547291422029
0.0042111069  -69.69414836483071
0.004216662449999999  -65.99094784428935
0.004222218  -80.21592031796361
0.00422777355  -80.54897055171018
0.0042333291  -79.87044314286639
0.00423888465  -79.38199770728681
0.0042444401999999996  -50.23187859055398
0.00424999575  -50.191247668639505
0.0042555512999999994  -50.18053617007146
0.00426110685  -50.251353513148864
0.004266662399999999  -50.18915806005131
0.00427221795  -47.28168378026369
0.0042777735  -76.63940139112559
0.00428332905  -76.83192826326142
0.0042888846  -77.27136651321064
0.0042944401499999995  -77.75438649548568
0.0042999957  -65.62455956318398
0.004305551249999999  -65.89471532861008
0.0043111068  -49.56927112985968
0.00431666235  -49.71101695073807
0.0043222179  -50.578670130442255
0.00432777345  -46.60542325616131
0.0043333289999999995  -47.28336359483551
0.00433888455  -47.76928918972631
0.004344440099999999  -48.447686741368074
0.00434999565  -66.51597845905559
0.0043555512  -67.7712296172096
0.00436110675  -68.65218112986075
0.0043666623  -80.87702852063398
0.0043722178499999995  -81.59275045935401
0.0043777734  -82.17113356143535
0.004383328949999999  -49.8785257769752
0.0043888845  -50.68660417979439
0.00439444005  -51.2987478880158
0.0043999956  -51.961319206328916
0.00440555115  -52.211389700126105
0.0044111066999999995  -53.21607314637147
0.00441666225  -82.69616509683564
0.004422217799999999  -82.60328150885606
0.00442777335  -83.09214765878797
0.0044333289  -83.75705813356421
0.00443888445  -71.46776371712258
0.00444444  -71.97608642143572
0.0044499955499999995  -53.30127079857502
0.0044555511  -54.00602015965831
0.004461106649999999  -54.4165359876502
0.0044666622  -54.492459726322025
0.00447221775  -54.745933308902245
0.0044777733  -54.844284456109115
0.00448332885  -55.447430175671286
0.0044888843999999995  -76.42168667764206
0.00449443995  -73.79433219183338
0.004499995499999999  -74.23143684672753
0.00450555105  -82.81614106811382
0.0045111066  -83.05030149375911
0.00451666215  -83.05214205527241
0.0045222177  -54.598821506996025
0.0045277732499999996  -54.79193720623319
0.0045333288  -55.02502000343776
0.0045388843499999994  -55.32181587936293
0.0045444399  -56.004471421206354
0.004549995449999999  -53.36252444549363
0.004555551  -53.57060170570203
0.00456110655  -81.80049195700569
0.0045666621  -81.7152002471268
0.00457221765  -81.43509211125935
0.0045777731999999995  -73.55152924201495
0.00458332875  -73.20218760159165
0.004588884299999999  -72.94730475031439
0.00459443985  -52.12643889224512
0.0045999954  -52.12490248468416
0.00460555095  -49.8858506351844
0.0046111065  -49.43372977304956
0.0046166620499999995  -49.36141577743466
0.0046222176  -49.4262579854915
0.004627773149999999  -70.15216458649518
0.0046333287  -69.99458395916538
0.00463888425  -69.9809618540963
0.0046444398  -76.63465626692303
0.00464999535  -75.87560643925046
0.0046555508999999995  -75.63879284393357
0.00466110645  -44.836201059089355
0.004666661999999999  -44.65844006938926
0.00467221755  -44.358906036505516
0.0046777731  -43.94662329623008
0.00468332865  -43.997364163976656
0.0046888842  -44.04539110340817
0.0046944397499999995  -44.127170284472044
0.0046999953  -71.62658247233918
0.004705550849999999  -71.19136315469498
0.0047111064  -65.1190826539858
0.00471666195  -62.21260683717728
0.0047222175  -62.35090334748301
0.00472777305  -62.102623966817724
0.0047333285999999995  -40.89571989005015
0.00473888415  -40.66288175269189
0.004744439699999999  -40.159594304929165
0.00474999525  -39.85363466063569
0.0047555508  -39.735192313664754
0.00476110635  -39.69085986165192
0.0047666619  -61.330744283897445
0.0047722174499999995  -58.347878318201865
0.004777773  -58.23560013305729
0.004783328549999999  -63.45410320501562
0.0047888841  -63.14851612141713
0.004794439649999999  -62.65330470125456
0.0047999952  -34.743628050093065
0.00480555075  -34.300880604021366
0.0048111062999999996  -33.91722279660407
0.00481666185  -33.45366580195316
0.0048222173999999994  -33.14320550380498
0.00482777295  -30.270388431671787
0.004833328499999999  -30.541726463300563
0.00483888405  -58.391646146148815
0.0048444396  -58.24852775627121
0.00484999515  -53.14722544204392
0.0048555507  -53.29249530738196
0.0048611062499999995  -53.4272630669031
0.0048666618  -53.26080452257325
0.004872217349999999  -30.619160458621252
0.0048777729  -30.35382287277908
0.00488332845  -28.083178196622995
0.004888884  -28.633733625452866
0.00489443955  -28.83168547566396
0.0048999950999999995  -29.185491142838025
0.00490555065  -52.66784056166117
0.004911106199999999  -52.99556104801713
0.00491666175  -53.595741782707655
0.0049222173  -54.24450638469518
0.00492777285  -58.69011331140261
0.0049333284  -57.92672799015164
0.0049388839499999995  -28.991062448355812
0.0049444395  -29.63479059398869
0.004949995049999999  -30.132182936744528
0.0049555506  -30.583400995844098
0.00496110615  -31.218810825195227
0.0049666617  -31.83907764300449
0.00497221725  -32.79323084758774
0.0049777727999999995  -59.94942772772267
0.00498332835  -59.992795655480805
0.004988883899999999  -57.43607276063553
0.00499443945  -55.87933585100978
0.004999995  -56.18934866890241
0.00500555055  -56.32872018125909
0.0050111061  -33.17895689268816
0.0050166616499999995  -33.28749809803624
0.0050222172  -33.54435624748159
0.005027772749999999  -33.906915438408
0.0050333283  -34.25623653975913
0.00503888385  -34.79454883596288
0.0050444394  -59.012147580077325
0.00504999495  -56.843268141109554
0.0050555504999999995  -57.157655895817456
0.00506110605  -57.22205086146596
0.005066661599999999  -58.52335182461308
0.00507221715  -33.76402045730613
0.005077772699999999  -34.09607626460523
0.00508332825  -33.876684058664104
0.0050888838  -33.47289346071234
0.0050944393499999996  -33.05521760828773
0.0050999949  -33.154019802815995
0.0051055504499999994  -31.156274859768335
0.005111106  -31.297324039421625
0.005116661549999999  -55.628261435734316
0.0051222171  -54.754582209521736
0.00512777265  -54.507030909264564
0.0051333282  -54.4351632253704
0.00513888375  -54.38801251691101
0.0051444392999999995  -53.87788196685591
0.00514999485  -29.942386041029902
0.005155550399999999  -29.425211573888916
0.00516110595  -28.082803766354886
0.0051666615  -27.739322222045434
0.00517221705  -27.39761894112651
0.0051777726  -27.280406013508966
0.0051833281499999995  -50.709584603008615
0.0051888837  -50.47044847022178
0.005194439249999999  -49.991821992495666
0.0051999948  -49.757234971343756
0.00520555035  -48.63436867086959
0.0052111059  -24.812707408082645
0.00521666145  -22.367704192736976
0.0052222169999999995  -22.082490231476744
0.00522777255  -21.97008656159904
0.005233328099999999  -21.678008004306474
0.00523888365  -21.425784418600486
0.0052444392  -21.189466739174254
0.00524999475  -21.18253243292505
0.0052555503  -21.3194454850658
0.0052611058499999995  -44.69256598463817
0.0052666614  -44.268307478485724
0.005272216949999999  -42.54984301456409
0.0052777725  -42.32497563634862
0.00528332805  -41.890816841829036
0.0052888836  -18.008420811671424
0.00529443915  -17.78417879624414
0.0052999946999999995  -17.36704758746018
0.00530555025  -17.100834569497678
0.005311105799999999  -16.60930065406155
0.00531666135  -16.266934946662005
0.005322216899999999  -39.05891949641975
0.00532777245  -37.58710089409519
0.005333328  -37.1804132111572
0.0053388835499999995  -36.755969311176145
0.0053444391  -36.06793850086421
0.005349994649999999  -11.714688455237855
0.0053555502  -11.587940042997515
0.005361105749999999  -11.138160383285673
0.0053666613  -10.769291876160837
0.00537221685  -10.565218380987709
0.0053777723999999996  -9.323552984440008
0.00538332795  -8.080367268045084
0.005388883499999999  -7.841946850644215
0.00539443905  -8.001477765839862
0.005399994599999999  -31.528044860784497
0.00540555015  -31.52238363792633
0.0054111057  -31.392783975060894
0.00541666125  -31.228491344460426
0.0054222168  -30.94332931317276
0.0054277723499999994  -7.427080173838362
0.0054333279  -6.982371344886546
0.005438883449999999  -5.508698736704437
0.005444439  -5.362449132189978
0.00544999455  -5.514448528461701
0.0054555501  -6.052607814520188
0.00546110565  -29.624892976307464
0.0054666611999999995  -29.871141151048622
0.00547221675  -30.258226180806055
0.005477772299999999  -30.40183670557488
0.00548332785  -30.428010574314648
0.0054888834  -6.377490196100269
0.00549443895  -6.1172377229603505
0.0054999945  -6.403254167030648
0.0055055500499999995  -6.785354379748233
0.0055111056  -7.258817020083354
0.005516661149999999  -7.759428217004282
0.0055222167  -8.073837925259875
0.00552777225  -8.413488717360318
0.0055333278  -8.961447463058933
0.00553888335  -32.3566825561905
0.0055444388999999995  -31.676118446467488
0.00554999445  -31.267640333892732
0.005555549999999999  -31.45476739236837
0.00556110555  -31.399244737760164
0.005566661099999999  -9.136268919122
0.00557221665  -9.700521764843351
0.0055777722  -9.873130663663057
0.0055833277499999995  -10.214270772991517
0.0055888833  -10.728782273922608
0.005594438849999999  -11.232520977368804
0.0055999944  -34.05687416752211
0.005605549949999999  -32.59320396530634
0.0056111055  -32.937204711342986
0.00561666105  -32.77294798379489
0.0056222165999999995  -14.888749845734267
0.00562777215  -10.530729761902622
0.005633327699999999  -10.585217521051765
0.00563888325  -10.8094283661626
0.005644438799999999  -11.068777000719606
0.00564999435  -11.148053710499596
0.0056555499  -10.92600299759929
0.0056611054499999995  -9.073756895075045
0.005666661  -9.267443959381232
0.005672216549999999  -14.700096382672575
0.0056777721  -31.118116143525118
0.005683327649999999  -30.785893622249397
0.0056888832  -30.556296585241995
0.00569443875  -30.405343290090855
0.0056999942999999996  -30.007838490115894
0.00570554985  -8.866393552502517
0.0057111053999999994  -8.186136095274328
0.00571666095  -6.873523248814273
0.005722216499999999  -6.776287418697801
0.00572777205  -6.597432239055761
0.0057333276  -6.73235764116871
0.00573888315  -27.29571638060793
0.0057444387  -26.974240606604656
0.0057499942499999995  -26.82227238783133
0.0057555498  -26.483695608462508
0.005761105349999999  -11.112623063740314
0.0057666609  -5.672042080718916
0.00577221645  -3.1812277900475214
0.005777772  -3.1086466515812368
0.00578332755  -3.0146007333893916
0.0057888830999999995  -2.8918274848018797
0.00579443865  -2.7429826962335544
0.005799994199999999  -2.6017699151992373
0.00580554975  -2.7614473735033873
0.0058111053  -8.456060597129232
0.00581666085  -8.56607463592777
0.0058222164  -22.41819108877852
0.0058277719499999995  -20.235458095039103
0.0058333275  -19.981176613404983
0.005838883049999999  -19.468599320747956
0.0058444386  0.4242776677862654
0.005849994149999999  0.5800951484422846
0.0058555497  0.6879436818028232
0.00586110525  1.0350010491720374
0.0058666607999999995  1.2214690013673686
0.00587221635  1.2379050251238137
0.005877771899999999  -17.288230693009687
0.00588332745  -15.400050581383613
0.005888882999999999  -15.065257341945776
0.00589443855  -14.076837585701963
0.0058999941  -0.45266597287502275
0.0059055496499999995  0.05363371759350255
0.0059111052  6.074428855969409
0.005916660749999999  6.186977538264413
0.0059222163  6.362674814605484
0.005927771849999999  6.5734691347249585
0.0059333274  7.300224059069961
0.00593888295  8.737669399722776
0.0059444384999999995  8.82270609014117
0.00594999405  3.041430055215379
0.005955549599999999  2.9058319884635075
0.00596110515  -9.254318687578788
0.005966660699999999  -9.132526081833502
0.00597221625  -9.006234650333479
0.0059777718  -8.306747032231026
0.0059833273499999996  9.449925577524615
0.0059888829  9.899189625183451
0.0059944384499999994  11.612393839872947
0.005999994  11.504593734442112
0.006005549549999999  11.355098725336308
0.0060111051  10.976652716409891
0.00601666065  -6.214890258141454
0.0060222162  -6.285436746861474
0.00602777175  -6.332996133474275
0.0060333272999999995  4.260326274881637
0.00603888285  3.8178516278902412
0.006044438399999999  4.405448778832379
0.00604999395  11.453108794317309
0.0060555495  11.333157268224328
0.00606110505  10.949491604802056
0.0060666606  10.736185999503817
0.0060722161499999995  10.615633113028206
0.0060777717  10.342612311678417
0.006083327249999999  10.101469624464343
0.0060888828  3.737330821744059
0.006094438349999999  3.2430537505737336
0.0060999939  -5.964079749452362
0.00610554945  -4.249461504520244
0.0061111049999999995  -4.385296703249183
0.00611666055  -4.2945223201404
0.006122216099999999  10.075916011264438
0.00612777165  10.035887816730014
0.006133327199999999  9.721739291801349
0.00613888275  9.596025829178245
0.0061444383  9.377734457070314
0.0061499938499999995  9.103660896632931
0.0061555494  -5.526807824435311
0.006161104949999999  -3.1011028303818406
0.0061666605  -2.7635180077022286
0.006172216049999999  5.234552273325784
0.0061777716  5.289041109210949
0.00618332715  5.414020695763706
0.0061888826999999995  11.025242965182802
0.00619443825  11.070970698481096
0.006199993799999999  11.134480550616585
0.00620554935  11.08138778371275
0.006211104899999999  10.657827474235834
0.00621666045  12.566340584945914
0.006222216  12.730563472676414
0.0062277715499999995  7.421815572229166
0.0062333271  7.624396129354604
0.006238882649999999  7.934034451935151
0.0062444382  1.2853669665240055
0.006249993749999999  1.7668616029619972
0.0062555493  13.898013070524955
0.00626110485  14.175761204999251
0.0062666603999999996  14.434447728686559
0.00627221595  15.739153705919275
0.0062777714999999994  16.070070042715717
0.00628332705  16.35187720659304
0.006288882599999999  16.47697539890055
0.00629443815  5.240363607396225
0.0062999937  5.641897535547736
0.00630554925  6.161017755844032
0.0063111048  12.838307734232995
0.0063166603499999995  13.326764987148449
0.0063222159  13.216197894863411
0.006327771449999999  19.749319826842306
0.006333327  19.952261859987082
0.006338882549999999  20.187914676476247
0.0063444381  20.3259576575013
0.00634999365  20.46404378043489
0.0063555491999999995  20.581027478964188
0.00636110475  16.632469239915686
0.006366660299999999  16.98540174320384
0.00637221585  17.279565038165753
0.006377771399999999  17.35335255444809
0.00638332695  12.983255038523653
0.0063888825  13.387387204986819
0.0063944380499999995  23.33004753346769
0.0063999936  23.530246813686542
0.006405549149999999  23.799214955824198
0.0064111047  24.17320136535703
0.006416660249999999  24.565008249996932
0.0064222158  24.923878969468475
0.00642777135  25.18624697850614
0.0064333268999999995  17.130864957026045
0.00643888245  17.74055246244907
0.006444437999999999  18.16879112114113
0.00644999355  24.136410753100936
0.006455549099999999  24.629195822868326
0.00646110465  25.08623308359048
0.0064666602  28.596489930763358
0.0064722157499999995  28.889556424383493
0.0064777713  29.131333920818495
0.006483326849999999  29.49718926316728
0.0064888824  29.79668094727552
0.006494437949999999  30.176923901562756
0.0064999935  27.63610070892849
0.00650554905  27.968042768602423
0.0065111045999999995  28.379931545214045
0.00651666015  28.80240948456637
0.006522215699999999  24.079616743145266
0.00652777125  24.582576546613925
0.006533326799999999  32.323837760732644
0.00653888235  32.59074087152391
0.0065444379  33.211049876184504
0.0065499934499999996  33.51999746867229
0.006555549  33.45926555281713
0.006561104549999999  33.45384909710211
0.0065666601  33.73829904201234
0.006572215649999999  27.307950714538535
0.0065777712  27.587630163152213
0.00658332675  32.89472546176597
0.0065888823  33.37846553533241
0.00659443785  33.63657119023142
0.0065999933999999994  34.71139142728466
0.00660554895  35.73546720025491
0.006611104499999999  35.837349172613784
0.00661666005  35.949247633223365
0.006622215599999999  35.99803486628666
0.00662777115  35.868832727284676
0.0066333267  35.8416549468715
0.0066388822499999995  35.226990747645026
0.0066444378  35.41895808638056
0.006649993349999999  35.777375107875365
0.0066555489  36.094960653945314
0.006661104449999999  31.789391341700973
0.00666666  32.32107157571439
0.00667221555  37.030542358467315
0.0066777710999999995  36.98882212444934
0.00668332665  37.145669003638154
0.006688882199999999  37.39394815323488
0.00669443775  37.54113953038733
0.006699993299999999  37.63023655588827
0.00670554885  37.716372861042586
0.0067111044  37.606941175810185
0.0067166599499999995  34.698771350816656
0.0067222155  39.45576600790307
0.006727771049999999  39.73765638963508
0.0067333266  39.957518159993334
0.006738882149999999  40.1731065960325
0.0067444377  39.20586390290832
0.00674999325  39.45163470533593
0.0067555487999999995  39.40384790705246
0.00676110435  39.62643254743871
0.006766659899999999  39.506525976861525
0.00677221545  40.197320084780344
0.006777770999999999  41.9429032361345
0.00678332655  42.43025290928471
0.0067888821  42.82711575287493
0.0067944376499999995  43.25288045751077
0.0067999932  43.687800321674494
0.006805548749999999  40.09354989602715
0.0068111043  42.357726723159416
0.006816659849999999  42.66644556566899
0.0068222154  42.67522488393841
0.00682777095  42.98208138890481
0.0068333264999999995  43.16382055951821
0.00683888205  43.34364077027937
0.006844437599999999  43.433386470980324
0.00684999315  43.511490728397796
0.006855548699999999  42.59848407610313
0.00686110425  47.16193733165891
0.006866659799999999  47.521102033370106
0.0068722153499999996  47.87673454861322
0.0068777709  47.915881831759165
0.0068833264499999994  44.7627968001794
0.006888882  44.88147792792099
0.006894437549999999  44.93542358553978
0.0068999931  45.127968296886415
0.006905548649999999  45.305936569598316
0.0069111042  45.449431755430574
0.00691665975  49.71552538934357
0.0069222152999999995  50.14467259518821
0.00692777085  50.35167783895768
0.006933326399999999  50.54323308096612
0.00693888195  50.271505184024036
0.006944437499999999  45.84669779553729
0.00694999305  45.959495926996645
0.0069555486  46.04662668238726
0.0069611041499999995  46.107208325936384
0.0069666597  46.16009810995895
0.006972215249999999  46.03229387377992
0.0069777708  46.03026437653161
0.006983326349999999  46.21419158322025
0.0069888819  46.60255249458844
0.00699443745  51.06565619636951
0.0069999929999999995  51.2591893862763
0.00700554855  51.46978803651003
0.007011104099999999  51.668659775464306
0.00701665965  51.84480659979654
0.007022215199999999  45.97258904205051
0.00702777075  45.916662964373785
0.0070333263  46.03825829118228
0.0070388818499999995  46.226005090426305
0.0070444374  46.49602635386246
0.007049992949999999  45.40614422942005
0.0070555485  52.096616980140126
0.007061104049999999  52.52896137222501
0.0070666596  52.87516622984164
0.00707221515  53.193324467066226
0.0070777706999999995  53.369133654216824
0.00708332625  46.41831157865951
0.007088881799999999  46.64979706698913
0.00709443735  46.90520081322605
0.007099992899999999  47.37217969114602
0.00710554845  45.976198331587085
0.007111104  46.28330850070401
0.0071166595499999995  46.36817336304
0.0071222151  46.56224839275001
0.007127770649999999  46.84755835286857
0.0071333262  55.35757137416441
0.007138881749999999  55.741679089153365
0.0071444373  56.23355415832945
0.007149992849999999  56.78533931889007
0.0071555483999999996  57.75991582065247
0.00716110395  47.57425850543061
0.0071666594999999994  47.96085293592296
0.00717221505  48.16504078524085
0.007177770599999999  48.51884454025631
0.00718332615  48.86644458858668
0.007188881699999999  49.27869915672951
0.00719443725  59.264286880000064
0.0071999928  59.267094113502516
0.0072055483499999995  59.72192825259788
0.0072111039  60.20064061905304
0.007216659449999999  59.15618702912143
0.007222215  56.30079480661523
0.007227770549999999  49.42505593450489
0.0072333261  49.60707347999303
0.00723888165  49.8538395464478
0.0072444371999999995  49.96252633594697
0.00724999275  50.15612283206399
0.007255548299999999  50.46052336780919
0.00726110385  50.82168258953605
0.007266659399999999  51.11013963845277
0.00727221495  58.13684914723309
0.0072777705  62.05552187329661
0.0072833260499999995  62.537430805686135
0.0072888816  63.01096047926875
0.007294437149999999  63.42631600093037
0.0072999927  52.36450783554134
0.007305548249999999  52.53549637487581
0.0073111038  52.74458659493439
0.00731665935  53.05600840888957
0.0073222148999999995  53.502610345071176
0.00732777045  52.648168943307084
0.007333325999999999  65.25216215232663
0.00733888155  65.65673336230753
0.007344437099999999  66.01130307345703
0.00734999265  66.52936791273228
0.0073555482  66.62844455671171
0.0073611037499999995  62.497956217436915
0.0073666593  54.26403271569445
0.007372214849999999  54.50838927832137
0.0073777704  54.93576234174941
0.007383325949999999  53.939316864195284
0.0073888815  53.98060572034087
0.007394437049999999  54.13773090278765
0.0073999925999999995  54.30369548161001
0.00740554815  54.636271566089185
0.007411103699999999  63.89688897294855
0.00741665925  68.46032385923515
0.007422214799999999  68.62078020096631
0.00742777035  68.91261167687087
0.007433325899999999  69.16865132494978
0.0074388814499999996  53.9921844500821
0.007444437  53.87588746527545
0.0074499925499999994  53.833348198211695
0.0074555481  53.829876527069636
0.007461103649999999  53.84574865386899
0.0074666592  54.247675552651934
0.007472214749999999  68.95599478232147
0.0074777703  69.29049618433346
0.00748332585  69.66495131191664
0.0074888813999999995  70.06621312023903
0.00749443695  63.6770072124882
0.007499992499999999  63.84503468685401
0.00750554805  53.76928979529673
0.007511103599999999  53.986546917662956
0.00751665915  54.153992387040425
0.0075222147  54.33578331298744
0.0075277702499999995  54.37759780366064
0.0075333258  54.45704661503871
0.007538881349999999  54.51901115485105
0.0075444369  65.92181271647729
0.007549992449999999  63.41737462679179
0.007555548  68.43359465692407
0.00756110355  68.67463396500496
0.0075666590999999995  68.82613408426975
0.00757221465  69.02852608929788
0.007577770199999999  52.96646165513817
0.00758332575  52.927896622144715
0.007588881299999999  52.90385953086997
0.00759443685  53.037450482634235
0.0075999924  53.2317300134621
0.0076055479499999995  50.90686606841256
0.0076111035  67.89353724667293
0.007616659049999999  68.06548936378557
0.0076222146  68.231457980847
0.007627770149999999  68.40037955704345
0.0076333257  64.26139782629454
0.007638881249999999  64.58116676187956
0.0076444367999999995  52.36088768450621
0.00764999235  52.61312595528506
0.007655547899999999  53.66303059992806
0.00766110345  50.83189165360585
0.007666658999999999  51.22845334960967
0.00767221455  51.56811817355444
0.007677770099999999  51.92303606453315
0.0076833256499999995  65.91602342965697
0.0076888812  66.45166259350408
0.007694436749999999  67.06207154733391
0.0076999923  71.78559917183205
0.007705547849999999  72.37297959422484
0.0077111034  73.64008945173535
0.007716658949999999  53.04701865341448
0.0077222144999999996  53.47132038945284
0.00772777005  53.9333743638189
0.007733325599999999  54.26349821453063
0.00773888115  54.64691136841995
0.007744436699999999  55.164208179157676
0.00774999225  74.29894899194791
0.007755547799999999  74.14456623000424
0.00776110335  74.36242583117483
0.0077666589  75.09512335738138
0.0077722144499999994  69.94329892648125
0.00777777  70.4022217783279
0.007783325549999999  55.5856165851248
0.0077888811  55.82063962758552
0.007794436649999999  56.36184831872905
0.0077999922  56.38511736508755
0.00780554775  56.4524391676957
0.0078111032999999995  56.770615878214905
0.00781665885  57.17514725782942
0.0078222144  73.76525080587768
0.007827769949999999  72.67323655739575
0.0078333255  73.19057134581246
0.00783888105  76.71730943813223
0.007844436599999999  76.85119054825556
0.00784999215  76.88360998635582
0.0078555477  58.298707897593225
0.00786110325  58.47717413060734
0.007866658799999999  58.73276426634917
0.00787221435  58.969057056616734
0.0078777699  59.5156918491949
0.007883325449999999  57.864104459619675
0.007888881  58.38341517667793
0.00789443655  78.08824967675604
0.0078999921  78.17997373350616
0.007905547649999999  78.4314765532292
0.0079111032  75.7234654690196
0.00791665875  75.66431889169398
0.0079222143  75.819493160565
0.00792776985  59.115039444585236
0.0079333254  59.35130953500278
0.00793888095  58.46008435465879
0.007944436499999999  58.59741448798998
0.00794999205  58.618550784264016
0.0079555476  58.93804779256865
0.00796110315  76.36029401263836
0.0079666587  76.24011996102132
0.00797221425  76.39571105188527
0.0079777698  78.79763199444618
0.007983325349999999  78.73844881331438
0.0079888809  78.74594983700896
0.00799443645  57.17494018749411
0.007999992  56.99078212037687
0.00800554755  57.01467499781914
0.0080111031  56.887096228022294
0.00801665865  56.99375619801964
0.008022214199999999  57.12808377079559
0.00802776975  57.35300116621508
0.0080333253  77.66655864806079
0.00803888085  77.78575742209377
0.008044436399999999  76.39242225023268
0.00804999195  74.37048913705127
0.0080555475  74.5968547600351
0.008061103049999999  74.67066066057872
0.0080666586  56.457007971586805
0.00807221415  56.8507526212866
0.0080777697  57.13314491861262
0.008083325249999999  57.31592931419783
0.0080888808  57.374956165657224
0.00809443635  57.53920544232493
0.008099991899999999  76.75263240726002
0.00810554745  73.9972919124128
0.008111103  73.82687219638224
0.00811665855  75.35101613161787
0.008122214099999999  75.33213918338879
0.00812776965  75.05203695321975
0.0081333252  54.292636120132514
0.008138880749999999  54.08866503584267
0.0081444363  53.62004438175316
0.00814999185  53.46194010587371
0.0081555474  53.32115873440342
0.008161102949999999  50.64185972393406
0.0081666585  50.939774600206505
0.00817221405  71.978145838142
0.008177769599999999  72.0714164662107
0.00818332515  71.50346105309892
0.0081888807  71.94326492970725
0.00819443625  72.52298106273314
0.008199991799999999  72.57077919071727
0.00820554735  52.227294792621606
0.0082111029  52.416401849691965
0.008216658449999999  50.22676406274766
0.008222214  50.43096162832251
0.00822776955  50.70481934249353
0.0082333251  51.12828328264651
0.008238880649999999  72.39682253731112
0.0082444362  73.01302995863503
0.00824999175  73.60671673842819
0.008255547299999999  74.5097192092131
0.00826110285  74.73185535638807
0.0082666584  74.96278573044715
0.00827221395  51.82376536167944
0.008277769499999999  52.317479034531466
0.00828332505  52.85744424738949
0.0082888806  53.48791097588087
0.008294436149999999  53.50681723523205
0.0082999917  54.07207195090227
0.00830554725  54.84585447967318
0.0083111028  76.45475403003684
0.008316658349999999  76.55064869177168
0.0083222139  78.22624070025276
0.00832776945  76.78216174984856
0.008333324999999999  77.40975747923024
0.00833888055  77.80490715686152
0.0083444361  55.4459106710318
0.00834999165  55.80887879158896
0.008355547199999999  56.2211384457783
0.00836110275  56.414987840900494
0.0083666583  56.80614016178714
0.008372213849999999  57.38649835196349
0.0083777694  81.09405381562053
0.00838332495  79.39434669614154
0.0083888805  79.72496789606602
0.008394436049999999  80.19038480016978
0.0083999916  77.3387508622519
0.00840554715  57.47268055168654
0.008411102699999999  57.8627840678341
0.00841665825  58.15990483649186
0.0084222138  58.41584330650554
0.00842776935  58.15198795344481
0.008433324899999999  58.13955078965616
0.00843888045  56.87124414419046
0.008444436  57.14959441201688
0.008449991549999999  77.33297409474814
0.0084555471  80.98554444174336
0.00846110265  81.11779033445148
0.0084666582  81.32274119680454
0.008472213749999999  81.47013777866172
0.0084777693  81.6931504414292
0.00848332485  58.291186102343886
0.008488880399999999  57.71656419538369
0.00849443595  56.71224820044028
0.0084999915  56.79984935897449
0.00850554705  56.86439902316102
0.008511102599999999  56.983302504163795
0.00851665815  80.52762773003698
0.0085222137  80.7442904916707
0.00852776925  80.80015884556677
0.008533324799999999  80.87735067833222
0.00853888035  76.41927698169019
0.0085444359  56.77082988372244
0.008549991449999999  54.81400425238073
0.008555547  54.60828407429051
0.00856110255  54.65613590916066
0.0085666581  54.912322471921826
0.008572213649999999  54.9180804391076
0.0085777692  55.1768071639779
0.00858332475  55.39076136061636
0.008588880299999999  55.90763196347112
0.00859443585  80.15290570234265
0.0085999914  79.97401108638446
0.00860554695  78.22552657660029
0.008611102499999999  78.53000270485458
0.00861665805  78.59958583402933
0.0086222136  54.520965261638594
0.008627769149999999  54.62174610043043
0.0086333247  54.459452389155494
0.00863888025  54.34357150009679
0.0086444358  54.25221798937345
0.008649991349999999  54.667763476949034
0.0086555469  78.99884223077407
0.00866110245  76.95037563160585
0.008666657999999999  76.84193024775054
0.00867221355  76.8916604025397
0.0086777691  76.49601036106633
0.00868332465  51.04853119902265
0.008688880199999999  50.90381736166087
0.00869443575  50.64328509832216
0.0086999913  50.576490237676644
0.008705546849999999  50.553176089431474
0.0087111024  49.83777448924393
0.00871665795  47.82573429474848
0.0087222135  47.75718942503609
0.008727769049999999  47.88423157471233
0.0087333246  73.89569057155464
0.00873888015  74.17126342595053
0.008744435699999999  74.54922962116171
0.00874999125  74.84021416751186
0.0087555468  74.94084705118277
0.00876110235  49.135698397486195
0.008766657899999999  49.086929492145664
0.00877221345  46.798772514523385
0.008777769  47.37264787603237
0.008783324549999999  47.830911373553505
0.0087888801  48.388900784987
0.00879443565  75.35415112748689
0.0087999912  75.9693094034187
0.008805546749999999  76.55136059908975
0.0088111023  77.62328689824764
0.00881665785  78.3201582216314
0.008822213399999999  51.63379256262704
0.00882776895  49.627566088689846
0.0088333245  50.12776196301684
0.00883888005  50.735205703922055
0.008844435599999999  51.24131394473857
0.00884999115  52.04648557321073
0.0088555467  52.83148712107803
0.008861102249999999  53.44555455236051
0.0088666578  53.88717872547248
0.00887221335  81.99643567598378
0.0088777689  82.08782852278917
0.008883324449999999  80.64491536365063
0.00888888  81.46185387507686
0.00889443555  81.7989017745251
0.008899991099999999  54.27124328505834
0.00890554665  54.85882817841818
0.0089111022  55.58204185636105
0.00891665775  55.99684247433863
0.008922213299999999  56.465594518608654
0.00892776885  57.37059625143073
0.0089333244  86.1050637962684
0.008938879949999999  84.28833559888676
0.0089444355  85.1930204753788
0.00894999105  85.63547786419865
0.0089555466  68.91408561710708
0.008961102149999999  58.3230003442522
0.0089666577  59.00291032844453
0.00897221325  59.153618714826905
0.008977768799999999  58.9666250831605
0.00898332435  59.42300351213157
0.0089888799  59.80956001204065
0.00899443545  57.553933094548675
0.008999990999999999  57.641855283206944
0.00900554655  70.00494261397927
0.0090111021  86.14677036538941
0.009016657649999999  86.4775871333827
0.0090222132  86.66115492953851
0.00902776875  86.42666134225027
0.0090333243  86.06253564545831
0.009038879849999999  58.049236370231114
0.0090444354  57.86904800344213
0.00904999095  56.07423950090319
0.009055546499999999  56.14494308785139
0.009061102049999999  56.10822765714739
0.0090666576  56.573685592982365
0.00907221315  85.20114402311911
0.009077768699999999  85.13066151839669
0.00908332425  85.0620241106231
0.0090888798  85.02744803176203
0.00909443535  69.6875725715008
0.009099990899999999  56.99948159289818
0.00910554645  53.80188067915144
0.009111102  53.44291178637761
0.009116657549999999  53.45500874952264
0.0091222131  53.37815686766533
0.00912776865  53.5417007049297
0.0091333242  54.016837507828114
0.009138879749999999  54.44819306708125
0.0091444353  68.84801285447884
0.00914999085  69.47899848610831
0.009155546399999999  84.59088245590216
0.00916110195  81.51916449160919
0.0091666575  81.453642465437
0.00917221305  81.43805983967205
0.009177768599999999  52.714616071171825
0.00918332415  53.05244350329853
0.0091888797  53.116539338371155
0.009194435249999999  53.294923101964216
0.0091999908  53.39754193174453
0.00920554635  53.54713152393639
0.0092111019  82.9835225795248
0.009216657449999999  79.25694823591266
0.009222213  79.1408536023394
0.00922776855  79.06023276450159
0.009233324099999999  65.06294199862582
0.00923887965  65.26026153272694
0.0092444352  49.45341430482155
0.00924999075  49.35958321567143
0.009255546299999999  49.11599727367475
0.00926110185  49.19077682297237
0.0092666574  48.9803817274557
0.009272212949999999  46.00292721577662
0.0092777685  46.37767442536262
0.00928332405  62.74053036681328
0.0092888796  63.224759971769736
0.009294435149999999  76.88227869593787
0.0092999907  77.37861942898789
0.00930554625  77.90824936295462
0.009311101799999999  77.92294995728678
0.00931665735  48.95376081928879
0.0093222129  49.749904543656406
0.00932776845  45.49105019337319
0.009333323999999999  45.865079779549156
0.00933887955  46.32804765174943
0.0093444351  46.99056651791206
0.009349990649999999  77.12328258185448
0.0093555462  77.98906382943862
0.00936110175  78.52499144131096
0.0093666573  67.49410449847892
0.009372212849999999  68.45990551512143
0.0093777684  69.69811754634657
0.00938332395  48.71694604759235
0.009388879499999999  49.519542086623
0.00939443505  50.2850499446699
0.0093999906  50.91955314802482
0.00940554615  51.74813978933905
0.009411101699999999  52.16776519896443
0.00941665725  52.59476267654933
0.0094222128  72.07020993292801
0.009427768349999999  72.42400150221746
0.0094333239  83.59504855439832
0.00943887945  80.74253236893183
0.009444435  81.18941916115904
0.009449990549999999  81.47963373874026
0.0094555461  52.79276558915111
0.00946110165  53.29913312788601
0.009466657199999999  53.993642650796566
0.00947221275  54.15708651241302
0.0094777683  54.41600155874174
0.00948332385  54.91229158534255
0.009488879399999999  85.09592016816171
0.00949443495  82.26935971161728
0.0094999905  82.44441336283906
0.009505546049999999  73.87723423682876
0.0095111016  74.29793082062929
0.00951665715  74.21361231169517
0.0095222127  54.20624911878647
0.009527768249999999  54.583906141133994
0.0095333238  54.63331193945318
0.00953887935  54.737655746063766
0.009544434899999999  55.38134694792934
0.00954999045  52.29219112108943
0.009555546  52.66449033523701
0.00956110155  73.69339889445487
0.009566657099999999  73.67941755926903
0.00957221265  73.88079283263127
0.0095777682  81.74001349000042
0.009583323749999999  80.64639615880385
0.009588879299999999  51.65650416212692
0.00959443485  51.515625527559685
0.0095999904  51.640101949257314
0.009605545949999999  49.42749116845009
0.0096111015  49.34588280212303
0.00961665705  49.06878193767282
0.009622212599999999  49.111054683369346
0.009627768149999999  77.76648081371482
0.0096333237  77.21702716622238
0.00963887925  76.75638192386585
0.009644434799999999  69.33032431641878
0.00964999035  69.07607497307806
0.0096555459  69.27524731642774
0.00966110145  44.8161332091519
0.009666656999999999  44.66190908811119
0.00967221255  44.48713956072455
0.0096777681  44.197860268006394
0.009683323649999999  43.845694489901014
0.0096888792  43.640275980239316
0.00969443475  65.10528882065896
0.0096999903  65.07314148571996
0.009705545849999999  65.25199423595913
0.0097111014  65.79551657557094
0.00971665695  68.81872358328314
0.009722212499999999  68.26182952071704
0.00972776805  39.96915417263427
0.0097333236  39.74358005262704
0.00973887915  39.5042704367665
0.009744434699999999  39.62145299186867
0.00974999025  39.48064117967506
0.0097555458  39.24943452242801
0.009761101349999999  39.311775757046625
0.0097666569  67.28103788912962
0.00977221245  64.1464093080676
0.009777768  63.765592730694294
0.009783323549999999  57.25684441014483
0.0097888791  57.087870157336
0.00979443465  56.79368878755978
0.009799990199999999  34.00769740277607
0.00980554575  33.442831826624825
0.0098111013  33.08588802368447
0.00981665685  32.91526668883547
0.009822212399999999  32.36387721112303
0.00982776795  30.141722309383326
0.0098333235  53.032571643807564
0.009838879049999999  52.96111641514569
0.0098444346  53.06835544686477
0.00984999015  53.29714568789942
0.0098555457  58.50532210071102
0.009861101249999999  58.32805458364773
0.0098666568  30.34927011454506
0.00987221235  30.535949547442975
0.009877767899999999  30.5171883073922
0.00988332345  27.880385089356263
0.009888879  28.167834795598864
0.00989443455  28.539132998988062
0.009899990099999999  28.97417343484285
0.00990554565  56.861403206593444
0.0099111012  57.1228333418675
0.009916656749999999  53.048001927334525
0.0099222123  53.70616878352348
0.00992776785  54.43669549769259
0.0099333234  54.104925076307126
0.009938878949999999  28.97898213321247
0.0099444345  29.522399923207953
0.00994999005  30.074529825098068
0.009955545599999999  30.83516038010449
0.00996110115  31.392418438456517
0.0099666567  32.182809558964124
0.00997221225  56.65876818059722
0.009977767799999999  57.568929477259545
0.00998332335  58.04871944198536
0.0099888789  58.21394384762917
0.009994434449999999  58.78884887394045
0.00999999  58.9406925429854
end
